Generation:
1

Phenotype:
def p():
  x = 0.0
  index = 48
  n = 23
  b = 42
  c = sum(main[-index:])
  if main[b] < main[b] + 6:
    x = (x + 0.5)
  return x
XXX_output_XXX = p()

Genotype:
[58622, 99160, 46048, 90500, 34422, 41671, 4817, 11295, 79092, 30667, 40371, 46648, 69376, 96649, 97572, 44412, 20996, 53726, 9844, 13074, 26453, 60398, 96371, 62210, 83355, 63927, 56928, 87202, 16432, 45008, 69261, 15530, 23521, 52111, 4683, 548, 78507, 40309, 90417, 73145, 91578, 4676, 41192, 60668, 39006, 57612, 75175, 29940, 54254, 29281, 27659, 13394, 60949, 94602, 52211, 63584, 19886, 42789, 60132, 80699, 26066, 99640, 13671, 20066, 62637, 40771, 53047, 61222, 55610, 79533, 25135, 5942, 49748, 88614, 15385, 20192, 74495, 32863, 34798, 42760, 16446, 17450, 9990, 40349, 26790, 95735, 11940, 7350, 38434, 44249, 37803, 32217, 18623, 72967, 48699, 92946, 97785, 7746, 36023, 64169, 86103, 59308, 49402, 75261, 5257, 15351, 33670, 72634, 56886, 57009, 52271, 61220, 18840, 89646, 11458, 26728, 26534, 68318, 70742, 41060, 27877, 47021, 9336, 47511, 10342, 2145, 21445, 3690, 14073, 91706, 16259, 33643, 85243, 56521, 4944, 39786, 67658, 62234, 82330, 21680, 36651, 78952, 70125, 3939, 61020, 740, 53771, 76380, 541, 18202, 69358, 48868, 45016, 53339, 26322, 22652, 6215, 60701, 46899, 46534, 40510, 50788, 21308, 81559, 44396, 62741, 35263, 17465, 42903, 68055, 52579, 24853, 14006, 8112, 25674, 99580, 53042, 71833, 80775, 29005, 18799, 47842, 68920, 45388, 99408, 41518, 30038, 13392, 40265, 59974, 91909, 29364, 27129, 4339, 28018, 43889, 15092, 66906, 8808]
Tree:
None

Fitness:
[1.0, 0.5]