Generation:
6

Phenotype:
def p():
  x = 0.0
  index = 26
  if abs(sum(main[-index:]) - sum(opposite[-index:])) > 1000:
    x = (x + 0.7)
  index = 25
  if abs(sum(main) - sum(opposite)) > 1000:
    x = (x + 0.8)
  return x
XXX_output_XXX = p()

Genotype:
[16597, 31774, 36365, 59404, 91265, 82101, 90386, 3864, 19514, 14838, 62474, 95644, 89792, 61115, 83359, 98070, 54885, 37137, 47670, 1565, 61223, 16592, 77315, 87041, 18966, 63466, 69163, 25484, 73811, 45608, 69613, 81943, 99745, 9000, 39499, 85087, 40426, 73347, 71265, 86193, 47530, 39030, 45286, 1907, 22667, 71410, 91334, 1267, 85954, 46504, 54186, 97975, 78393, 10115, 17189, 77387, 55157, 51040, 91849, 3106, 24842, 28411, 77541, 93767, 88936, 58631, 91044, 90478, 23161, 58175, 66766, 83627, 49240, 57722, 17997, 43836, 20770, 88189, 9140, 23333, 44626, 92764, 76147, 44770, 19240, 51943, 16854, 96289, 24885, 93671, 1396, 64150, 65855, 14705, 7555, 26002, 51843, 78581, 28804, 97080, 71379, 55903, 85442, 34477, 27166, 19286, 20389, 96320, 93064, 9759, 47617, 83125, 55685, 11506, 5781, 11317, 92929, 7091, 45923, 43425, 51828, 46892, 67945, 18031, 55426, 59301, 52045, 55673, 58945, 44908, 84562, 44852, 99309, 21240, 9109, 31611, 23394, 14341, 27321, 57654, 12677, 214, 51712, 38054, 67911, 89920, 69522, 84258, 38507, 48395, 41419, 81069, 30442, 24615, 38029, 13382, 56897, 20533, 4476, 42506, 86412, 79870, 31049, 73281, 42753, 73843, 17992, 55353, 60471, 73300, 48742, 50286, 74851, 69765, 76444, 99968, 15939, 37157, 6379, 76573, 3611, 77766, 2312, 35374, 48641, 38131, 32801, 74246, 52437, 26721, 49274, 64345, 47495, 90909, 44088, 80052, 49378, 70433, 14687, 92276, 23963, 96794, 96335, 80513, 36575, 36781, 95580, 43212, 50518, 88792, 35156, 38608, 40112, 23537, 32161, 25221, 65385, 90046, 43317, 83706, 55219, 48517, 64679, 40538, 81032, 83119, 21736, 12362, 68017, 70899, 67059, 93772, 40497, 16151, 30887, 40725, 80871, 83680, 7362, 47857, 68734, 89987, 53822, 71495, 99950, 33674, 46835, 65979, 50015, 65541, 961, 803, 45417, 75587, 85994, 55083, 25509, 44694, 67637, 68683, 27899, 46306, 38188, 71345, 78609, 95951, 47036, 4875, 8885, 78336, 9560, 84103, 4781, 97760, 32402, 64885, 19119, 84135, 46669, 41530, 81618, 50146, 85019, 95390, 34744, 72926, 31436, 9853, 99894, 95597, 59449, 66494, 2772, 15558, 6977, 56355, 58687, 32487, 79297, 63230, 4016, 11520, 48104, 70921, 94879, 33848, 22588, 10335, 68135, 66096, 64297, 62223, 12145, 31133, 84063, 11307, 18546, 53157, 69888, 16762, 4171, 74581, 43344, 12117, 85289, 52803]
Tree:
None

Fitness:
[0.9857234178563818, 0.7377907150133836]