Generation:
6

Phenotype:
def p():
  x = 0.0
  index = 27
  if main[index] < 1:
    if main[index] > main[index] + 0.2:
      x = (x + 0.01)
  else:
    if opposite[index] > main[index] + 0:
      x = (x + 0.001)
    else:
      x = (x - 0.8)
  return x
XXX_output_XXX = p()

Genotype:
[92112, 22189, 50416, 59807, 58473, 91535, 65874, 18814, 4406, 83207, 31652, 90741, 29522, 39191, 364, 50000, 99264, 54100, 68273, 2093, 63413, 3942, 81379, 27681, 60079, 39327, 11649, 39240, 91914, 89959, 84001, 36552, 18226, 12916, 29208, 6978, 62438, 62517, 33568, 84542, 35359, 3264, 76420, 81892, 84022, 18284, 80208, 61168, 53207, 2366, 66501, 96881, 87767, 3604, 62546, 15084, 28738, 99800, 65719, 43136, 28386, 88931, 29395, 26120, 62671, 78960, 64147, 66819, 63743, 90888, 4339, 35983, 22776, 99174, 90203, 13414, 79166, 74303, 71146, 41505, 4421, 7119, 71214, 36040, 18655, 509, 49575, 93522, 48345, 3236, 43361, 23956, 74170, 13383, 47730, 60215, 80716, 4218, 92028, 87444, 53239, 46659, 81321, 47312, 1391, 76700, 77306, 97361, 98535, 70931, 11302, 52669, 51275, 70797, 94176, 35533, 41578, 67417, 24979, 71140, 91644, 63988, 9164, 56599, 64795, 96845, 51625, 61138, 82188, 1074, 20708, 28841, 35614, 17088, 2443, 22350, 80885, 95942, 79734, 47853, 94358, 91029, 94954, 49098, 8070, 99976, 59737, 3409, 52537, 57835, 51961, 28145, 4859, 1856, 55681, 18605, 90337, 68500, 44122, 99042, 30894, 18594, 52093, 5739, 64400, 74480, 78545, 24822, 56837, 13186, 47440, 25015, 93628, 11949, 72888, 34744, 83255, 99451, 2410, 20498, 96867, 80688, 71403, 11973, 51762, 42692, 33952, 56071, 9170, 67678, 58532, 34110, 66183, 7124, 25230, 91623, 67307, 5322, 69256, 41699, 34485, 9444, 93493, 17591, 80370, 97290, 31792, 23735, 17906, 20994, 21096, 36990, 11720, 33941, 10442, 71928, 17796, 51423, 98142, 79429, 88818, 26888, 46676, 44545, 63187, 7649, 93282, 572, 16180, 21022, 51403, 66948, 25309, 50464, 9107, 56775, 25686, 59824, 85861, 96374, 25287, 36178, 31907, 8660, 92024, 93392, 84154, 26755, 33696, 23993, 57056, 8012, 84275, 1410, 40246, 37246, 75877, 79659, 30939, 61002, 59484, 19824, 49616, 35004, 85826, 90466, 23681, 48976, 593, 21545, 68630, 80257, 82984, 29408, 47961, 1044, 59014, 73665, 37025, 89167, 89185, 94517, 61071, 60842, 90059, 34217, 87556, 74692, 77079, 85025, 43445, 79070, 51866, 36644, 67355, 27112, 43551, 72479, 66032, 27438, 7135, 62929, 7900, 43268, 10715, 47766, 21149, 52799, 11453, 79054, 32006, 21540, 2371, 72415, 96723, 18109, 36966, 97630, 94817, 41387, 56960, 90152, 17618]
Tree:
None

Fitness:
[0.9859365011719582, 0.7350236934527811]