Generation:
6

Phenotype:
def p():
  x = 0.0
  index = 16
  if abs(sum(main[-index:]) - sum(opposite[-index:])) > 5000:
    x = (x - 0.9)
  return x
XXX_output_XXX = p()

Genotype:
[90473, 12431, 49456, 66431, 59380, 42801, 6144, 34872, 17140, 39599, 3669, 51646, 29543, 51553, 87783, 97440, 83800, 31676, 32065, 94744, 19436, 20667, 97400, 69944, 36401, 906, 52802, 68478, 15505, 12361, 85355, 265, 91117, 60471, 48949, 39401, 28849, 27516, 93247, 22757, 23299, 92742, 81376, 95329, 32332, 85396, 40164, 43499, 12882, 59190, 31414, 13372, 66700, 79935, 83068, 57752, 95935, 69647, 95331, 87192, 48090, 83814, 4232, 92298, 96849, 69142, 7777, 12448, 29906, 27177, 38751, 44297, 29544, 33664, 41348, 22984, 37303, 79699, 18343, 39291, 52986, 19472, 24790, 16356, 80721, 48636, 58957, 64927, 7760, 57260, 18099, 29632, 82247, 98177, 68317, 71295, 1381, 16337, 47018, 91969, 87004, 89804, 30253, 44356, 43262, 26716, 66689, 78163, 47264, 27349, 39099, 62718, 41771, 95953, 77525, 84416, 59826, 66591, 94392, 8554, 93366, 82022, 8296, 7278, 63034, 50937, 4221, 62012, 15861, 25309, 43808, 34558, 19273, 72262, 65695, 9752, 87076, 18301, 26031, 63486, 60508, 50799, 26087, 86974, 33230, 20273, 17688, 15147, 24891, 20429, 394, 5728]
Tree:
None

Fitness:
[0.9865757511186874, 0.7184400053767879]