Generation:
6

Phenotype:
def p():
  x = 0.0
  index = 22
  if abs(sum(main) - sum(opposite)) > 10000:
    x = (x - 0.01)
  return x
XXX_output_XXX = p()

Genotype:
[3481, 23567, 79508, 16294, 63415, 76824, 77229, 48407, 96055, 22917, 21758, 83290, 90428, 91699, 99631, 17475, 83509, 8459, 48939, 53874, 15898, 40948, 97373, 54967, 12608, 22862, 56083, 59584, 17073, 74206, 89060, 80496, 58324, 13812, 9674, 36023, 34326, 59923, 11368, 11035, 27683, 81472, 32961, 27333, 65292, 41970, 8564, 23205, 85849, 60527, 5290, 75513, 61895, 3623, 88557, 43225, 55258, 62106, 59020, 17636, 90860, 4280, 70369, 32890, 85276, 85985, 96088, 98400, 7557, 70906, 46352, 37938, 83470, 11282, 13396, 15143, 53501, 15715, 35975, 40279, 50269, 7045, 48904, 75419, 93523, 84820, 16417, 99385, 47750, 52450, 59102, 34434, 78995, 22277, 75744, 42277, 75459, 62976, 21074, 68760, 13968, 19681, 99114, 17367, 49460, 56995, 92318]
Tree:
None

Fitness:
[0.9735776688685276, 0.9700545545153997]