Generation:
6

Phenotype:
def p():
  x = 0.0
  index = 34
  if abs(sum(main[-index:]) - sum(opposite[-index:])) > 1000:
    x = (x + 0.6)
  return x
XXX_output_XXX = p()

Genotype:
[50127, 74755, 24268, 25653, 79186, 10770, 2408, 97836, 95282, 29963, 20648, 62075, 81281, 81645, 27573, 86966, 64114, 10927, 18032, 50225, 16517, 96268, 36944, 46043, 99724, 63550, 42091, 44537, 83863, 68998, 60285, 80996, 14481, 90230, 94354, 97080, 50533, 87040, 98059, 34076, 93196, 7605, 76443, 68569, 89286, 2059, 79594, 48840, 57564, 81933, 53326, 51446, 38533, 9279, 96994, 24738, 153, 73445, 76387, 81183, 28184, 78530, 31086, 69443, 32813, 219, 46596, 79508, 16294, 49478, 62872, 78061, 48407, 96055, 22917, 97091, 22685, 92827, 52197, 53959, 41769, 39625, 77675, 46541, 72095, 84920, 94155, 93117, 84196, 79539, 97650, 86872, 9244, 67105, 80698, 57386, 86309, 69262, 9754, 58056, 26106, 40345, 44958, 22018, 80809, 13382, 35912, 11125, 30885, 85926, 5773, 10837, 98667, 18760, 3903, 17697, 29735, 36718, 15459, 47928, 4176, 15716, 77586, 1408, 23294, 20179, 65244, 91946, 52294, 69995, 74134, 23009, 29, 66764, 98564, 39551, 7742, 56300, 96127, 74312, 34393, 71375, 85824, 4762, 33311, 60679, 77280, 28518, 32333, 17441, 51911, 94225, 70727, 48579, 75367, 10804, 68458, 26921, 68972, 30123, 63008, 83484, 75505, 57935, 3869, 85004, 42216, 23134, 27495, 84801, 54006, 99752, 25788, 4585, 54403, 53721, 10801, 37264, 4078, 68261, 1875, 74574, 92682, 7513, 83288, 2480, 59506, 52167, 63893, 42679, 61739, 78991, 12357, 36716, 43974, 85981, 98234, 77490, 78143, 33251, 3630, 75219, 42790, 12259, 49116, 48588, 97648, 55012, 94766, 68302, 17934, 28486, 96233, 26370, 69998, 55909, 17982, 52048, 67910, 7631, 27053, 57568, 92276, 73833, 87120, 81423, 55547, 63396, 66078, 29173, 30291, 40879]
Tree:
None

Fitness:
[0.9897720008523333, 0.663242998397769]