Generation:
6

Phenotype:
def p():
  x = 0.0
  index = 34
  if abs(sum(main[-index:]) - sum(opposite[-index:])) > 1000:
    x = (x + 0.00001)
  return x
XXX_output_XXX = p()

Genotype:
[50127, 74755, 24268, 25653, 79186, 10770, 2408, 97836, 95282, 29963, 20648, 63810, 91224, 87514, 30840, 26300, 87820, 36941, 78033, 7085, 70472, 33186, 59086, 71379, 29239, 73549, 71995, 49312, 91747, 17205, 86762, 48355, 76896, 77060, 54152, 89157, 34108, 72089, 82004, 44995, 17760, 92306, 16608, 85269, 49228, 60787, 71856, 36942, 96415, 54170, 55948, 66960, 69535, 72698, 45666, 95418, 95045, 3621, 34965, 53811, 36912, 11408, 9517, 24871, 78289, 73281, 73570, 62438, 71807, 26966, 37505, 16802, 73608, 35156, 59926, 45113, 70465, 82138, 85312, 18343, 70915, 24109, 92493, 66666, 4036, 62930, 44326, 979, 54557, 61326, 27254, 86293, 51777, 54649, 33395, 12046, 70079, 7602, 40910, 33628, 76439, 75680, 9515, 49658, 48763, 98, 55191, 8225, 75509, 15532, 2741, 14506, 76227, 44863, 78349, 57571, 25798, 16489, 89091, 20322, 11466, 62997, 69029, 40702, 80083, 18929, 23990, 48291, 13432, 15952, 61531, 13674, 26906, 21911, 20706, 17469, 36970, 37317, 64608, 95537, 68370, 51068, 82620, 24884, 99626, 43008, 64356, 73777, 19579, 92684, 36114, 11546, 97428, 92164, 27932, 35419, 36124, 26791, 88173, 8647]
Tree:
None

Fitness:
[0.9897720008523333, 0.663242998397769]