Generation:
6

Phenotype:
def p():
  x = 0.0
  index = 30
  if abs(sum(main[:-index]) - sum(opposite[:-index])) > 500:
    x = (x + 0.5)
  return x
XXX_output_XXX = p()

Genotype:
[22544, 22189, 50416, 85421, 61128, 61581, 65874, 8753, 31777, 71697, 33604, 44026, 90881, 35992, 36231, 74376, 18757, 6343, 97560, 20905, 79411, 58753, 6445, 98789, 64936, 84981, 16697, 24953, 92590, 23707, 35260, 69883, 34774, 81628, 24631, 72900, 85837, 54761, 3537, 89551, 52856, 21959, 7179, 10034, 24853, 27825, 2452, 94605, 8252, 33384, 18658, 19618, 36922, 4158, 8487, 7522, 97953, 87057, 42693, 27091, 98516, 18499, 80542, 85790, 76003, 46318, 29166, 4664, 70647, 55828, 69655, 67234, 81126, 78787, 14314, 62801, 87743, 16126, 28557, 31003, 87026, 10004, 64099, 47368, 29214, 72652, 25194, 19353, 32842, 65591, 22827, 62362, 17407, 41643, 61481, 50411, 85993, 68339, 69623, 82083, 73687, 63413, 3457, 25686, 64860, 11086, 56751, 55149, 93084, 91518, 80709, 187, 71656, 1649, 80236, 10894, 44018, 23039, 99846, 65729, 79226, 16826, 68305, 60581, 87850, 225, 45509, 35244, 93825, 4766, 96685, 50801, 94914, 32012, 6456, 39713, 74791, 20492, 33757, 21646, 64526, 85156, 34189, 71281, 62113, 62096, 836, 29378, 32146, 42285, 25328, 25577, 11616, 4256, 13903, 18139, 9439, 71653, 61081, 56497, 69065, 89073, 24683, 91906, 49239, 70051, 96307, 42299, 83797, 55744, 60192, 16556, 29138, 16427, 29986, 20137, 65941, 15098, 61271, 53083, 57886, 72351, 98601, 68775, 26075, 51207, 75338, 28666, 37551, 86541, 73547, 71183, 13332, 13382, 50498, 98175, 11899, 8065, 70040, 28980, 53671, 10831, 68554, 89875, 70381, 60043, 6110]
Tree:
None

Fitness:
[0.9925420839548263, 0.6289620494148709]