Generation:
6

Phenotype:
def p():
  x = 0.0
  index = 3
  if abs(sum(main) - sum(opposite)) > 1000:
    x = (x + 0.000001)
  return x
XXX_output_XXX = p()

Genotype:
[91086, 33746, 14812, 45813, 73086, 11541, 7161, 41142, 83508, 68497, 37352, 45646, 66047, 63833, 86057, 78648, 47773, 1871, 40895, 20505, 81742, 18341, 44682, 20740, 20134, 15229, 7132, 98310, 55334, 44095, 29707, 55289, 91657, 50604, 33231, 10444, 68043, 20158, 22859, 98672, 95168, 79834, 3422, 55026, 36882, 76701, 80078, 15565, 95458, 64372, 68616, 16283, 64915, 64669, 47508, 69695, 46384, 82610, 7454, 80977, 37484, 99479, 40086, 36821, 95339, 670, 61642, 20730, 96331, 89123, 96847, 85574, 49340, 84097, 80087, 38858, 17754, 59686, 63253, 66865, 4673, 48324, 57645, 84649, 78794, 94397, 35055, 93882, 55630, 84443, 34958, 63036, 14348, 17663, 84448, 34476, 56668, 11491, 99921, 41093, 59822, 71377, 42075, 87716, 77715, 61317, 34631, 28820, 19796, 66487, 61568, 1681, 66113, 48525, 62153, 96395, 29350, 19034, 1946, 85379, 85275, 77586, 39222, 99336, 69132, 97264, 75616, 8862, 87966, 9314, 53274, 95096, 39247, 25078, 79483, 59332, 52912]
Tree:
None

Fitness:
[0.9927551672704027, 0.6224762989834096]