Generation:
6

Phenotype:
def p():
  x = 0.0
  index = 16
  if abs(sum(main) - sum(opposite)) > 1000:
    x = (x + 0.2)
  return x
XXX_output_XXX = p()

Genotype:
[2898, 94090, 95300, 49919, 53362, 81867, 23837, 25971, 84632, 76439, 34726, 98564, 39551, 7742, 56300, 96127, 74312, 34393, 71375, 85824, 4762, 33311, 60679, 77280, 28518, 32333, 17441, 51911, 94225, 70727, 48579, 75367, 10804, 68458, 26921, 68972, 30123, 63008, 83484, 75505, 57935, 3869, 85004, 42216, 23134, 27495, 84801, 54006, 99752, 25788, 4585, 54403, 53721, 10801, 37264, 4078, 68261, 1875, 74574, 92682, 7513, 83288, 2480, 59506, 52167, 63893, 42679, 61739, 78991, 12357, 36716, 43974, 85981, 98234, 77490, 78143, 33251, 3630, 75219, 42790, 12259, 49116, 48588, 97648, 55012, 94766, 68302, 17934, 28486, 96233, 26370, 69998, 55909, 17982, 52048, 67910, 7631, 27053, 57568, 92276, 73833, 87120, 81423, 55547, 63396, 66078, 29173, 30291, 40879]
Tree:
None

Fitness:
[0.9927551672704027, 0.6224762989834096]