Generation:
6

Phenotype:
def p():
  x = 0.0
  index = 7
  if opposite[index] > sum(opposite[:-index]):
    x = (x - 0.4)
  index = 38
  if abs(sum(main) - sum(opposite)) > 1000:
    x = (x + 0.0001)
  return x
XXX_output_XXX = p()

Genotype:
[7751, 3896, 82617, 13319, 83290, 18907, 3676, 99631, 31784, 99384, 67911, 34075, 62875, 46665, 40948, 39124, 11156, 30270, 90655, 38058, 63468, 18771, 10364, 82611, 94773, 31220, 91641, 45364, 41085, 48785, 90243, 83372, 21001, 2642, 68354, 27944, 98524, 68145, 81570, 98020, 92413, 66885, 81782, 37579, 77517, 92042, 6626, 31885, 68055, 83807, 73670, 64898, 37594, 54422, 49232, 56092, 24131, 53743, 87111, 17264, 64641, 97546, 40712, 69027, 98945, 24562, 28933, 73778, 29172, 58511, 67043, 18568, 71194, 36110, 87988, 87798, 40924, 85217, 16539, 71818, 33406, 36538, 89612, 86511, 17291, 55963, 96702, 98077, 27134, 19875, 22921, 64498, 41578, 31015, 75344, 59657, 38380, 70134, 73082, 40374, 8776, 41808, 1365, 37305, 24606, 29772, 84190, 95096, 95738, 68146, 69752, 52186, 35980, 93545, 27029, 949, 56743, 88824, 71814, 94672, 8369, 32783, 61895, 67329, 27595, 40768, 19699, 2918, 76521, 16416, 55370, 6848, 82937, 39026, 13644, 38720, 56155, 24242, 99167, 91060, 64951, 95954, 30461, 41818, 2018, 66805, 11840, 43207, 70695, 84122, 91089, 78096, 85344, 17850, 72748, 22699, 76271, 83672, 65428, 47301, 81004, 71575, 78025, 67000, 57622, 1678, 95683, 97352, 9834, 96294, 97701, 74503, 43534, 11320, 67194, 94122, 51231, 29869, 35003, 10236, 11912, 44063, 25458, 94006, 93477, 81025, 11486, 60141, 44963, 37448, 32699, 53614, 62683, 2559, 76282, 40444, 35711, 97960, 61899, 44027, 16845, 45703, 80082, 89150, 77832, 77838, 48992, 30404, 18335, 89051, 65759, 84887, 88210, 59340, 55937, 65055, 74519, 41785, 16597, 70046, 27643, 27752, 4292, 35599, 16978, 7201, 38477, 96169, 40792, 34135, 47389, 17521, 95271, 63830, 82001, 88041, 56812, 98277, 1052, 97368, 36803, 4648, 12570, 37073, 42054, 67956, 65171, 31773, 67513, 94882, 58097, 46274, 78890, 74421, 69709, 43700, 82174, 85842, 29936, 89325, 4526, 56339]
Tree:
None

Fitness:
[0.9927551672704027, 0.6224762989834096]