Generation:
6

Phenotype:
def p():
  x = 0.0
  index = 50
  if abs(sum(main) - sum(opposite)) > 1000:
    x = (x + 0.0001)
  return x
XXX_output_XXX = p()

Genotype:
[4170, 2008, 59212, 124, 99500, 57234, 11387, 39489, 79544, 26003, 5595, 71135, 74719, 14141, 48606, 2141, 28397, 66626, 38887, 38850, 37262, 90834, 97303, 64060, 72381, 36404, 96004, 28534, 13024, 4945, 244, 97495, 81369, 68711, 19263, 86362, 79308, 49149, 42230, 9039, 41526, 25949, 16032, 25431, 24471, 90152, 70770, 24455, 56986, 69481, 31252, 73462, 60231, 88950, 40273, 73834, 90623, 18090, 1852, 79090, 9204, 31008, 36443, 8203, 12296, 69682, 31488, 97964, 49739, 29626, 82942, 53394, 65836, 94638, 84844, 9382, 45205, 81841, 36553, 71084, 82991, 1048, 57606, 66640, 66376, 9556, 66846, 42466, 33138, 45908, 61219, 92106, 79946, 46654, 44934, 60947, 22031, 9414, 73995, 31200, 6480, 77144, 10045, 78842, 32569, 3872, 88960, 50969, 76760, 68900, 68434, 1502, 22242, 33254, 58649, 49650, 6682, 62293, 42128, 30224, 8789, 17582, 11853, 68428, 69754, 35845, 80810, 2249, 83815, 3148, 248, 6004, 32279, 26955, 28260, 84051, 55492, 61166, 41407, 31028, 79958, 35921, 37975, 57395, 25001, 46722, 15657, 31892, 40250, 98837, 20651, 29725, 74236, 99398, 17094, 87920, 49440, 68326, 84342, 21044, 58953, 97847, 83694, 83055, 2710, 42143, 60959, 63843, 47761, 82210, 67266, 74253, 27963, 51633, 20923, 82297, 36944, 54087, 4658, 30632, 91898, 79334, 34209, 7142, 12219, 77945, 17821, 53255, 31032, 89231, 14206, 55288, 95491, 71114, 9737, 35722, 76684, 8187, 94402, 45205, 99172, 3792, 66677, 13358, 43309, 71033, 46169, 38958, 62605, 96314, 67207, 21427, 41817, 81262, 48898, 46416, 31945, 62147, 36217, 81283, 51865, 14881, 15312, 79087, 83458, 40462, 77331, 25912, 37410, 95128, 27325, 75857, 67260, 78596, 91922, 17567, 76742, 69031, 75072, 55586, 38126, 18846, 23798, 57502, 83470, 41878, 17033, 85954, 74167, 30746, 37274, 61578, 70122, 60944, 1881, 97613, 71306, 53785, 39072, 819, 70162, 77400, 21634, 57804, 28097, 39338, 15509, 90536, 3368, 73360, 24002, 61633, 6761, 73226, 54688, 30564, 29133, 84730, 33851, 88023, 63582, 16044, 13354, 26724, 66151, 90345, 37792, 43822, 93884, 71329, 77647]
Tree:
None

Fitness:
[0.9927551672704027, 0.6224762989834096]