Generation:
6

Phenotype:
def p():
  x = 0.0
  index = 46
  if abs(sum(main[-index:]) - sum(opposite[-index:])) > 500:
    x = (x + 0.00001)
  return x
XXX_output_XXX = p()

Genotype:
[30523, 26894, 46488, 17702, 74149, 43563, 79298, 67874, 7240, 54282, 60892, 45298, 99631, 31784, 99384, 67911, 34075, 33909, 46665, 40948, 39124, 11156, 30270, 52951, 28130, 5181, 56692, 55066, 25011, 75326, 80278, 44313, 95459, 56785, 2790, 11369, 44256, 83556, 30729, 43548, 71374, 27920, 13800, 97537, 7979, 5961, 56491, 7292, 68639, 67340, 92593, 94285, 8464, 98962, 40314, 39401, 60714, 25925, 30453, 76332, 2232, 38036, 72327, 9610, 19717, 74424, 92864, 38161, 61262, 616, 38621, 82472, 72944, 31230, 9045, 40455, 82566, 6310, 11956, 11526, 87326, 81860, 74254, 84453, 10259, 64132, 86445, 32232, 35744, 76256, 99656, 91435, 50666, 46751]
Tree:
None

Fitness:
[0.9942467504794374, 0.5929651602295768]