Generation:
6

Phenotype:
def p():
  x = 0.0
  index = 40
  if sum(opposite[-index:]) + sum(main[:-index]) - sum(main[-index:]) - sum(opposite[:-index]) + sum(opposite[-index:]) - opposite[index] + opposite[index] - opposite[index] - main[index] + main[index] < opposite[index]:
    x = (x - 0.2)
  return x
XXX_output_XXX = p()

Genotype:
[83211, 8272, 46488, 41519, 39208, 37399, 10727, 94860, 56132, 77633, 6024, 97127, 77106, 79714, 17606, 80970, 53703, 79638, 81819, 13693, 72801, 50158, 3192, 89423, 46796, 52147, 17030, 12587, 81333, 42967, 35191, 26480, 67163, 1218, 25974, 59015, 99504, 27373, 39089, 528, 4370, 84511, 26935, 25815, 22800, 2371, 88939, 4005, 31267, 13219, 52705, 23078, 13916, 5428, 58458, 73716, 28168, 16306, 40777, 89029, 84875, 11589, 47879, 28382, 20852, 87145, 12804, 43022, 75935, 82579, 3047, 42609, 78255, 84251, 86500, 26707, 5647, 67805, 62472, 6278, 84734, 17477, 61566, 93740, 31863, 40683, 44299, 81308, 24829, 22573, 67663, 76511, 21296, 48287, 43382, 73486, 46699, 45823, 30084, 32271, 97311, 63104, 68289, 90376, 34064, 23176, 11105, 81284, 26301, 67754, 52841, 33155, 3257, 23702, 19050, 99758, 37757, 91409, 39759, 1809, 44912, 6442, 42128, 40285, 30932, 262, 58023, 70481, 86252, 79550, 46791, 67686, 47772, 24726, 79419, 51524, 79024, 23380, 59224, 10502, 2132, 10234, 56374, 21714, 46144, 72064, 24552, 56092, 147, 91901, 66548, 87643, 71806, 77437, 37900, 10471, 13903, 72188, 10284, 95508, 35544, 11074, 33862, 1560, 39533, 1013, 68666, 94269, 45755, 67830, 28569, 61898, 4491, 97008, 69865, 40764, 97116, 92118, 19393]
Tree:
None

Fitness:
[0.9944598337950139, 0.5893529730165064]