Generation:
6

Phenotype:
def p():
  x = 0.0
  index = 16
  if sum(opposite[:-index]) < opposite[index] + main[index] + sum(main[-index:]):
    x = (x - 0.000001)
  return x
XXX_output_XXX = p()

Genotype:
[30523, 12926, 46488, 33473, 1087, 80095, 19044, 7389, 75255, 72777, 13982, 44550, 2408, 57548, 31615, 29963, 20648, 88135, 91224, 87514, 30840, 26300, 87820, 36941, 78033, 7085, 70472, 33186, 59086, 71379, 29239, 73549, 37017, 94334, 91747, 17205, 86762, 48355, 76896, 77060, 54152, 89157, 34108, 72089, 82004, 44995, 17760, 92306, 61963, 85269, 49228, 60787, 71856, 98299, 87748, 97520, 7411, 54127, 24549, 56404, 87124, 21503, 13021, 76560, 11244, 66388, 26712, 39719, 38523, 74896, 20583, 36571, 22816, 34857, 46818, 57989, 37352, 45646, 66047, 63833, 86057, 78648, 47773, 1871, 35924, 20505, 81742, 18341, 44682, 67640, 20134, 36081, 7132, 20815, 43532, 44095, 29707, 55289, 13856, 50604, 33231, 10444, 68043, 20158, 22859, 98672, 94656, 79834, 3422, 23337, 36882, 76701, 80078, 15565, 95458, 64372, 68616, 16283, 64915, 64669, 47508, 69695, 26221, 82610, 7454, 80977, 37484, 99479, 40086, 36821, 51709, 670, 4313, 91713, 96331, 89123, 96847, 85574, 49340, 84097, 66191, 38858, 78155, 59686, 19349, 66865, 4673, 48324, 57645, 84649, 78794, 94397, 35055, 93882, 55630, 84443, 34958, 63036, 14348, 17663, 84448, 34476, 56668, 11491, 99921, 41093, 59822, 32258, 42075, 40699, 77715, 61317, 34631, 28820, 19796, 66487, 61568, 1681, 66113, 15446, 62153, 96395, 29350, 19034, 24404, 85379, 85275, 65415, 39222, 99336, 69132, 13266, 75616, 8862, 90372, 9314, 53274, 95096, 39247, 25078, 79483, 59332, 52912]
Tree:
None

Fitness:
[0.9948860004261666, 0.582635697981846]