Generation:
6

Phenotype:
def p():
  x = 0.0
  index = 25
  if abs(sum(main[:-index]) - sum(opposite[:-index])) > 5000:
    x = (x - 0.7)
  return x
XXX_output_XXX = p()

Genotype:
[31356, 36278, 83588, 20640, 75505, 98964, 55542, 58845, 96401, 98104, 11991, 87772, 32338, 27656, 29133, 18020, 5649, 86542, 57485, 36462, 65033, 75726, 45787, 35238, 65327, 64982, 17754, 19969, 85441, 72701, 95693, 64681, 38202, 81785, 15878, 9404, 61564, 10003, 51229, 96476, 77812, 26734, 76732, 8010, 89947, 17957, 31001, 18868, 19704, 77833, 81785, 63048, 24214, 15803, 16054, 21823, 89584, 51779, 56198, 79937, 65298, 27946, 32818, 73733, 57202, 13990, 96673, 93649, 58738, 65338, 11368, 25687, 4024, 44673, 31769, 46204, 91803, 89792, 70822, 50516, 39985, 68407]
Tree:
None

Fitness:
[0.9735776688685276, 0.9700545545153997]