Generation:
6

Phenotype:
def p():
  x = 0.0
  index = 20
  if main[index] < 1:
    if opposite[index] < main[index] + 0.1:
      x = (x - 0.01)
  else:
    if opposite[index] > opposite[index] + 1:
      x = (x + 0.9)
    else:
      x = (x + 0.5)
  return x
XXX_output_XXX = p()

Genotype:
[15376, 34326, 6124, 75628, 38984, 74390, 18295, 59629, 52236, 20278, 88681, 19797, 98058, 167, 50075, 9891, 21628, 85294, 8092, 47322, 5180, 13680, 70036, 61222, 24090, 63895, 76636, 80275, 22889, 31505, 65626, 90459, 49462, 70174, 21645, 80901, 3517, 85630, 99120, 38118, 28429, 80812, 51050, 23841, 71314, 36384, 90163, 65095, 93140, 53386, 5015, 91839, 67450, 15746, 88813, 98600, 28806, 59072, 41169, 46850, 38099, 53729, 8825, 5432, 6855, 54910, 17018, 22694, 55929, 45235, 61324, 53268, 94439, 31726, 31559, 36305, 51288, 86466, 97613, 88858, 87725, 151, 60273, 8501, 8628, 14742, 93873, 83782, 70440, 31958, 84962, 45460, 89834, 48329, 14074, 87456, 21375, 52972, 89273, 99927, 79267, 44654, 92426, 84815, 68597, 27206, 10123, 44581, 14368, 94897, 72998, 85572, 36158, 65383, 20685, 8103, 589, 24560, 60778, 68768, 13648, 96587, 76023, 1318, 84260, 41100, 30762, 20133, 95870, 65117, 86449, 79465, 81221, 20515, 38206, 58852, 19838, 30616, 81946, 73149, 71214, 60324, 81556, 98988, 60177, 58240, 74510, 62829, 44914, 81435, 68604, 93084, 97497, 92472, 27521, 46924, 61754, 84217, 99955, 37171, 81079, 9250, 29121, 64213, 81697, 83162, 8449, 59258, 72837, 39329, 7839, 49646, 9631, 95228, 74540, 16213, 33205, 15557, 74638, 42391, 77911, 81520, 33086, 38117, 97880, 84771, 1745, 67547, 47876, 9290, 66919, 54761, 97718, 59185, 61204, 95061, 34737, 9043, 95043, 18846, 35426, 30751, 2508, 91966, 20755, 32263, 20813, 3541, 30085, 1413, 83344, 40140, 44917, 19727, 49730, 42375, 95836, 83962, 67014, 97661, 98932, 48967, 52483, 67550, 51013, 52173, 4552, 58020, 1685, 5076, 18833, 78664, 58010, 25683, 74113, 35671, 87085, 22865, 87477, 31191, 40173, 16754, 13617, 60062, 63532, 33730, 97259, 9580, 16338, 39597, 23569, 64854, 34120, 6584, 133, 38722, 43691, 74445, 87926, 53258, 20786, 36506, 82959, 85518, 59785, 76734, 74059, 93444, 65504, 13381, 60300, 27133, 98216, 30580, 62451, 69197, 74635, 52250, 28552, 19246, 49420, 28204, 58910, 63299, 14776, 34283, 53022, 80928, 11989, 39553, 79308, 28851, 41030, 44031, 98725, 82522, 71016, 48196, 53799, 89208, 439, 78819, 45443, 53107, 17623, 59897, 20588, 64966, 600, 82174, 47325, 24413, 50986, 62586, 35761, 17355, 81742, 75978, 12520, 72970, 52553, 8655, 17009, 26065, 22853, 94767, 84041, 42925, 99103, 53981, 25464, 36050, 71574, 18150, 17188, 12410, 32129, 43045, 7610, 25129, 89290, 78995, 74095, 9079, 77347, 48942, 79011, 61834, 83748, 50033, 51377, 81205, 67601, 38647, 17576, 10652, 75404, 33751, 61959, 34697, 49466, 69659, 70771, 44423, 4280, 77150, 15740, 81675, 94024, 59716, 23586, 13846, 86903, 9324, 67774, 58741, 65064, 84546, 3601, 59662, 16358, 58171, 57923, 62666, 93010, 1935, 32436, 20025, 43306, 72135, 46262, 1944, 26172, 38348, 28148, 62465, 45537, 43750, 55054, 93504, 25737, 60262, 63707, 15322, 20064, 70998, 99203, 64893, 31520, 24335, 58012, 9362, 66678, 77740, 78284, 89448, 6539, 19095, 34834, 69363, 64839, 9436, 97066, 91967, 61925, 64706, 74880, 12334, 40789, 89172, 73804, 79064, 13311, 98321, 38553, 84161, 90133, 34959, 99516, 13199, 78862, 20487, 37721, 81359, 82881, 26208, 82893, 30275, 66645, 66126, 50707, 50484, 28977, 60515, 29602, 5589, 61026, 79271, 52310, 38221, 34774, 44399, 27369, 43723, 81360, 69661, 88167, 62889, 49348, 83824, 62448, 70810, 36604, 96611, 73525, 14069]
Tree:
None

Fitness:
[0.997229916897507, 0.5405351748111605]