Generation:
6

Phenotype:
def p():
  x = 0.0
  index = 13
  if main[index] < 1:
    if main[index] > main[index] + 0.5:
      x = (x + 0.6)
  else:
    if opposite[index] > opposite[index] + 0:
      x = (x - 0.7)
    else:
      x = (x - 0.8)
  return x
XXX_output_XXX = p()

Genotype:
[34271, 22189, 50416, 59807, 13069, 24635, 65874, 18814, 71780, 70042, 30240, 6299, 61394, 79577, 75315, 50000, 12035, 70604, 39515, 2093, 67757, 31828, 32890, 15611, 19999, 69974, 63192, 68015, 20341, 40817, 27967, 61292, 43093, 90713, 15422, 48967, 58910, 14902, 95424, 89737, 66131, 59422, 11413, 3315, 30761, 47622, 25792, 87214, 33453, 56472, 81568, 13022, 57984, 9698, 51280, 48287, 68995, 81626, 85856, 69661, 64605, 27699, 76372, 13219, 35776, 88791, 2443, 72538, 37134, 72939, 96592, 2469, 48242, 86702, 30741, 68445, 96620, 7417, 15880, 17303, 79467, 39367, 19812, 79949, 19246, 18538, 55903, 87293, 56423, 90376, 4571, 58425, 79056, 46360, 46877, 38841, 96894, 11230, 83354, 2918, 62126, 91145, 75457, 57264, 25630, 66032, 90251, 63572, 31053, 26870, 65859, 48615, 74553, 98821, 92190, 28630, 76468, 76260, 26666, 2180, 24134, 63889, 22199, 34934, 5877, 58841, 79182, 63003, 8478, 57791, 70379, 97640, 96541, 38679, 90226, 97139]
Tree:
None

Fitness:
[0.9991476667376944, 0.5110680862424104]