Generation:
6

Phenotype:
def p():
  x = 0.0
  index = 8
  if sum(opposite[-index:]) > sum(opposite[-index:]) - main[index]:
    x = (x + 0.00001)
  return x
XXX_output_XXX = p()

Genotype:
[16001, 42076, 86964, 60711, 62075, 41866, 40038, 48075, 96772, 86466, 66515, 60695, 15672, 15557, 48938, 76865, 78676, 4312, 3172, 33970, 33519, 8779, 132, 54690, 98088, 20103, 47228, 33859, 82322, 34563, 89311, 31969, 51440, 40149, 89245, 75996, 56326, 63950, 50224, 56548, 73008, 15145, 31929, 15232, 60042, 29413, 8867, 60175, 70038, 99867, 70781, 57060, 42749, 60973, 67360, 33158, 69346, 893, 94893, 23247, 74581, 85594, 1240, 16592, 77315, 87041, 83539, 43081, 41816, 60850, 63761, 75086, 25505, 6055, 71997, 98312, 3281, 33512, 65414, 61025, 22672, 50107, 75044, 14849, 73993, 46391, 63737, 54159, 28127, 11947, 34013, 25310, 50761, 82395, 19356, 22299, 60775, 32425, 35829, 76511, 52458, 78981, 82604, 94396, 39449, 67868, 33573, 96617, 94607, 25190, 75795, 89279, 86929, 59479, 5196, 89671, 49716, 32745, 18428]
Tree:
None

Fitness:
[0.9993607500532709, 0.509484296595263]