Generation:
6

Phenotype:
def p():
  x = 0.0
  index = 48
  if main[index] < 1:
    if opposite[index] > main[index] + 0.3:
      x = (x - 0.9)
  else:
    if opposite[index] > opposite[index] + 7:
      x = (x - 0.00001)
    else:
      x = (x - 0.000001)
  return x
XXX_output_XXX = p()

Genotype:
[35167, 52017, 12256, 72013, 1935, 48956, 76916, 89901, 15404, 52328, 44721, 1102, 41348, 50693, 3669, 63577, 60733, 33906, 34311, 83329, 95874, 4860, 17760, 14214, 17337, 33858, 7800, 71953, 23437, 95304, 78272, 39710, 84920, 9608, 52933, 68350, 32402, 10763, 78066, 98211, 74556, 33112, 223, 78725, 46740, 37137, 67331, 1565, 61223, 99162, 32873, 63851, 30307, 45377, 34408, 9576, 30931, 28151, 19663, 83550, 79392, 54481, 5678, 28669, 83637, 77531, 72510, 53479, 82209, 19957, 64040, 67116, 48295, 10525, 82081, 29470, 51810, 89513, 64645, 56474, 81687, 54806, 29250, 83708, 22240, 34819, 85385, 64722, 85890, 17677, 86040, 32080, 224, 71942, 24816, 39392, 84490, 92479, 28302, 69728, 50718, 82355, 32186, 66582, 19311, 4153, 20270, 87163, 15485, 95527, 28110, 19440, 14209, 34225, 66365, 30213, 21824, 64118, 99241, 27839, 14868, 99939, 58058, 18949, 85255, 11156, 38851, 66763, 99123, 75558, 36817, 72033, 79440, 2024, 40998, 31196, 15210, 24535, 59294, 98079, 13489, 2398, 31826, 74679, 42501, 41307, 32779, 50175, 57833, 77633, 19577, 97196, 53968, 6497, 35298, 91323, 42501, 63947, 85844, 12734, 21011, 25836, 1463, 65724, 94142, 33651, 71169, 857, 76916, 53892, 93404, 95371, 11805, 5713, 20699, 12279, 39986, 9706, 37124]
Tree:
None

Fitness:
[1.0, 0.5033806626098716]