Generation:
6

Phenotype:
def p():
  x = 0.0
  index = 32
  if abs(sum(main) - sum(opposite)) > 5000:
    x = (x - 1.0)
  index = 29
  if main[index] < 1:
    if main[index] > opposite[index] + 0.00001:
      x = (x - 0.7)
  else:
    if opposite[index] > main[index] + 5:
      x = (x - 0.001)
    else:
      x = (x - 0.9)
  index = 30
  if abs(sum(main) - sum(opposite)) > 1000:
    x = (x + 0.3)
  return x
XXX_output_XXX = p()

Genotype:
[47062, 63997, 84894, 29377, 97238, 40128, 27517, 4600, 92701, 40335, 57492, 65874, 35015, 65438, 70042, 31652, 6299, 61394, 79577, 37180, 50000, 12035, 70604, 39515, 2093, 94948, 5271, 20574, 4028, 78525, 85200, 27207, 9377, 83259, 40106, 88104, 25833, 54191, 34442, 8411, 62544, 19765, 78773, 93067, 25504, 78592, 49040, 9936, 151, 36722, 52702, 42891, 39325, 3425, 68190, 33602, 23429, 29284, 90524, 60406, 32406, 37262, 70134, 99618, 59978, 31600, 68970, 62978, 46151, 74847, 45864, 4076, 69857, 91660, 55611, 21404, 45155, 66646, 34265, 90902, 56526, 36640, 56446, 10689, 99077, 57155, 85746, 45259, 37116, 5589, 99772, 902, 68731, 40340, 26564, 83595, 53088, 64193, 6696, 56471, 86114, 21401, 16222, 91191, 68004, 16727, 60584, 84797, 90020, 60713, 65987, 972, 54140, 98426, 9828, 95673, 59021, 15333, 21121, 38735, 98076, 18001, 64286, 13538, 75202, 16962, 50920, 95244, 71957, 44310, 68124, 69825, 51636, 52181, 41238, 94248, 52761, 29581, 78739, 64054, 7158, 87006, 10912, 1930, 14428, 72855, 44473, 7447, 71991, 36064, 73287, 16196, 15896, 35797, 90081, 77698, 83865, 6929, 49214, 90885, 37317, 54011, 11130, 818, 90697, 27136, 12071, 83423, 45388, 61201, 68144, 92562, 17070, 27973, 35167, 63508, 84373, 55561, 10956, 98832, 17428, 16374, 48577, 69573, 18067, 33962, 43839, 72961, 59209, 57106, 72078, 29284, 31420, 50559, 4257, 83828, 44425, 20951, 25899, 29724, 20590, 89147, 18122, 32092, 10912, 2572, 41176, 40114, 22159, 55096, 73467, 88418, 49557, 39988, 27265, 8480, 95744, 28637, 88834, 8094, 18229, 98032, 23694, 41054, 70365, 69965, 38300, 14945, 61466, 20637, 82250, 89603, 94135, 33323, 62585, 13459, 95831, 89715, 35671, 3301, 42351, 84200, 74126, 23738, 29913, 97274, 67646, 84020, 81877, 17680, 66291, 86089, 62032, 36832, 63983, 94641, 91204, 78432, 90472, 81516, 57908, 71779, 39530, 29085, 1099, 37161, 63254, 54948, 50289, 50839, 15593, 52894, 3960, 27359, 86952, 51631, 77332, 58861, 45920, 92170, 54265, 12835, 52057, 68233, 38693, 8781, 44822, 92251, 6199, 54003, 66838, 86681, 6948, 93934, 18623, 59687, 27025, 94717, 78310, 71817, 78044, 41968, 37356, 83275, 1400, 18702, 98095, 1113, 78827, 96886, 33297, 264, 52759, 42395, 26960, 72507, 45490, 46067, 80748, 18956, 96025, 60982, 39605, 67377, 52621, 76000, 39219, 65223, 70038, 36057, 52574, 46325, 41158, 27794, 77257, 51340, 96307, 26335, 86116, 48130, 46278, 62343, 92298, 45729, 12208, 72723, 73284, 89687, 46775, 77482, 10462, 22733, 54029, 73859, 17922, 35364, 25315, 64196, 71203, 65855, 81202, 69334, 17040, 56316, 18930, 78919, 31177, 71154, 25172, 82034, 41815, 20335, 75413, 92442, 90020, 57617, 80589, 95556, 56950, 55471, 24386, 93459, 898, 31806, 41337, 18874, 12265, 36291, 40509, 40336, 71256, 41208, 37044, 34882, 89876, 97422, 11872, 26146, 48110, 12607, 94531, 98671, 59119, 613, 79764, 54733, 80422, 77432, 17710, 17502, 84655, 44710, 5273, 41552, 78680, 89231, 64362, 82053, 67900, 92680, 16471, 9389, 38562, 90979, 55106, 91829, 60401, 24091, 69189, 67347, 71848, 16279, 28633, 75863, 27470, 39027, 61999, 19669, 34780, 14366, 77766, 62392, 95300, 25567, 14161, 84471, 63791, 53241, 30146, 58586, 54888, 28046, 39655]
Tree:
None

Fitness:
[0.9793309183890901, 0.8378737080113132]