Generation:
6

Phenotype:
def p():
  x = 0.0
  index = 4
  if abs(sum(main) - sum(opposite)) > 10000:
    x = (x - 0.000001)
  return x
XXX_output_XXX = p()

Genotype:
[79532, 74028, 86972, 68192, 39427, 90729, 95507, 74363, 59195, 9377, 77934, 55545, 63798, 80496, 65011, 5986, 9674, 536, 34326, 87084, 45451, 11035, 27683, 75524, 32961, 27333, 65292, 41970, 8564, 23205, 85849, 60527, 5290, 75513, 61895, 3623, 88557, 43225, 55258, 62106, 59020, 17636, 90860, 4280, 70369, 32890, 85276, 85985, 96088, 98400, 7557, 70906, 46352, 37938, 83470, 11282, 13396, 15143, 53501, 15715, 35975, 40279, 50269, 7045, 48904, 75419, 93523, 84820, 16417, 35923, 26615, 8131, 47092, 52471, 3797, 35432, 51584, 72951, 94878, 83027, 94324, 86404, 60408, 12760, 636, 34571, 5943, 31567, 89905, 14188, 25189, 64975, 6734, 716, 53490, 43050, 5017, 25177, 2394, 54181, 1202, 70301, 33951, 64961, 34032, 32638, 30252, 29118, 89882, 54829, 40180, 63870, 13528, 1227, 93921, 80248, 6004, 77788, 32680, 78776, 28278, 88075, 64324, 17830, 65072, 18506, 41280, 69400, 97282, 81574, 61974, 72808, 55413, 41413, 88128, 64188, 82366, 78964, 87614, 42833, 1004, 91049, 7593, 79168, 80638, 68771, 42209, 78074, 75219, 40181, 11117, 61958, 40155, 18178, 80052, 64795, 30251, 14677, 79059, 11410, 2738, 67171, 67139]
Tree:
None

Fitness:
[0.9735776688685276, 0.9700545545153997]