Generation:
6

Phenotype:
def p():
  x = 0.0
  index = 43
  if main[index] < opposite[index]:
    x = (x + 0.7)
  index = 43
  if abs(sum(main[-index:]) - sum(opposite[-index:])) > 5000:
    x = (x + 0.7)
  return x
XXX_output_XXX = p()

Genotype:
[68087, 2595, 34525, 45712, 75319, 39613, 69988, 11942, 38145, 1768, 32433, 41274, 59852, 34796, 25982, 71749, 20994, 22938, 49324, 29670, 34434, 67342, 25948, 43897, 1077, 97370, 84852, 18493, 83141, 48429, 9822, 31435, 55975, 34061, 85862, 10592, 5737, 45021, 30855, 8169, 23592, 79159, 64547, 44676, 72951, 34942, 38298, 19578, 45768, 50808, 25934, 10948, 26343, 82067, 50487, 14282, 81561, 89766, 29305, 85109, 16595, 12164, 98943, 20163, 21934, 50397, 46903, 67438, 92484, 18213, 9831, 398, 86067, 93497, 26661, 16050, 79936, 1931, 62131, 38853, 80578, 43435, 68027, 75853, 49414, 28314, 34224, 33280, 64453, 81411, 33645, 32781, 32661, 42468, 37856, 69444, 50988, 38392, 24655, 4860, 17760, 14214, 29579, 33858, 66520, 71953, 23437, 92282, 78272, 39710, 84920, 9608, 52933, 12241, 61988, 10763, 78066, 98211, 74556, 976, 223, 71084, 46740, 37137, 67331, 1565, 61223, 75830, 67709, 63851, 95850, 45377, 34408, 9576, 47747, 28151, 19663, 83550, 79392, 54481, 5678, 28669, 83637, 77531, 72510, 53479, 82209, 19957, 64040, 67116, 48295, 10525, 82081, 29470, 51810, 89513, 64645, 56474, 81687, 54806, 29250, 83708, 22240, 34819, 85385, 64722, 72733, 17677, 33419, 32080, 224, 71942, 24816, 39392, 84490, 92479, 28302, 69728, 50718, 5107, 32186, 66582, 54859, 67840, 20270, 87163, 15485, 95527, 28110, 19440, 14209, 34225, 66365, 30213, 21824, 49025, 99241, 27839, 14868, 23206, 58058, 18949, 85255, 13928, 38851, 66763, 99123, 75558, 36817, 72033, 79440, 20893, 40998, 98660, 15210, 23653, 54583, 98079, 49714, 2398, 31826, 74679, 42501, 97202, 32779, 50175, 57833, 7153, 19577, 97196, 53968, 6497, 26387, 91323, 53355, 63947, 85844, 12734, 54338, 25836, 1463, 65724, 94142, 65409, 71169, 19680, 76916, 53892, 93404, 61504, 11805, 5713, 20699, 8713, 39986, 17784, 37124]
Tree:
None

Fitness:
[0.9810355849137012, 0.8042432826529291]