Generation:
6

Phenotype:
def p():
  x = 0.0
  index = 50
  if abs(sum(main) - sum(opposite)) > 10000:
    x = (x - 0.1)
  return x
XXX_output_XXX = p()

Genotype:
[30523, 12926, 48408, 33473, 16217, 58602, 29721, 15905, 42455, 48310, 34260, 91535, 65874, 18814, 31777, 70042, 31652, 6299, 61394, 79577, 37180, 50000, 12035, 70604, 39515, 2093, 94948, 46919, 13360, 53973, 33068, 5568, 7391, 92784, 66938, 92695, 29591, 51576, 69970, 94808, 89083, 57987, 8917, 31681, 85749, 73080, 92748, 78172, 13974, 81095, 51580, 58270, 75496, 41142, 83508, 66916, 13380, 24667, 82562, 88075, 50846, 89379, 70535, 37824, 74644, 42967, 75028, 63667, 66103, 20834, 23803, 53012, 78213, 77377, 47299, 7798, 85966, 33467, 62250, 2938, 34930, 62626, 14684, 12291, 92273, 22179, 64387, 11337, 9275, 11455, 43261, 88842, 4810, 95153, 8536, 10504, 11431, 27331, 77406, 93870, 97945, 65674, 85573, 53341, 27420, 10746, 43192, 19525, 85081, 48282, 49375, 50104, 12291, 1296, 56710, 26525, 29665, 1203, 56130, 15462, 29872, 62353, 57340, 52996, 3259, 20409, 39023, 97996, 65149, 25648, 99195, 4216, 40060, 19422, 82709, 52892]
Tree:
None

Fitness:
[0.9735776688685276, 0.9700545545153997]