Generation:
6

Phenotype:
def p():
  x = 0.0
  index = 35
  if abs(sum(main[:-index]) - sum(opposite[:-index])) > 5000:
    x = (x - 0.5)
  return x
XXX_output_XXX = p()

Genotype:
[25868, 10639, 95848, 36319, 87041, 18966, 63466, 69163, 66427, 2229, 83359, 32250, 54885, 37137, 67331, 1565, 61223, 99162, 32873, 63851, 30307, 45377, 34408, 9576, 30931, 28151, 19663, 83550, 79392, 54481, 5678, 28669, 83637, 77531, 72510, 53479, 82209, 19957, 64040, 67116, 48295, 10525, 82081, 29470, 51810, 89513, 64645, 56474, 81687, 54806, 29250, 83708, 22240, 34819, 85385, 64722, 85890, 17677, 86040, 32080, 224, 71942, 24816, 39392, 84490, 92479, 28302, 69728, 50718, 82355, 32186, 66582, 19311, 4153, 20270, 87163, 15485, 95527, 28110, 19440, 14209, 34225, 66365, 30213, 21824, 64118, 99241, 27839, 14868, 99939, 58058, 18949, 85255, 11156, 38851, 66763, 99123, 75558, 36817, 72033, 79440, 2024, 40998, 31196, 15210, 24535, 59294, 98079, 13489, 2398, 31826, 74679, 42501, 41307, 32779, 50175, 57833, 77633, 19577, 97196, 53968, 6497, 35298, 91323, 42501, 63947, 85844, 12734, 21011, 25836, 1463, 65724, 94142, 33651, 71169, 857, 76916, 53892, 93404, 95371, 11805, 5713, 20699, 12279, 39986, 9706, 37124]
Tree:
None

Fitness:
[0.9850841679096527, 0.7472750116086465]