Generation:
11

Phenotype:
def p():
  x = 0.0
  index = 50
  if main[index] < 1:
    if opposite[index] > main[index] + 0.01:
      x = (x + 0.1)
  else:
    if main[index] < main[index] + 8:
      x = (x + 0.0000001)
    else:
      x = (x - 0.0001)
  return x
XXX_output_XXX = p()

Genotype:
[1202, 35949, 74700, 74418, 7746, 32327, 47098, 57257, 68692, 71077, 54142, 30518, 42177, 17070, 60004, 188, 26478, 83792, 76417, 85235, 8558, 90767, 92844, 94998, 93217, 64271, 87652, 2562, 56482, 62736, 63513, 32712, 17336, 74025, 6341, 37934, 78290, 62248, 78980, 32262, 47149, 59254, 49936, 15491, 20547, 22894, 63428, 27948, 9190, 20286, 25213, 90208, 86026, 26165, 47963, 73256, 5029, 88981, 15636, 79361, 37633, 26003, 74148, 9904, 22434, 12906, 6813, 37163, 8567, 80560, 23861, 68405, 25404, 19135, 64136, 70549, 48793, 87491, 94430, 61380, 80936, 58953, 8402, 49409, 89170, 79816, 94707, 76226, 37148, 23293, 49299, 77801, 78942, 88394, 25697, 22371, 87253, 12406, 46183, 3875, 79092, 45836, 41024, 2672, 13247, 91953, 68976, 98460, 71723, 5918, 38211, 33647, 17313, 15486, 15887, 91404, 94533, 80047, 86571, 5255, 77095, 98231, 77300, 38640, 98055, 36177, 16059, 97242, 80720, 54727, 85219, 80765, 35023, 9761, 13746, 8739, 56349, 19364, 9589, 15865, 27903, 76337, 27010, 4425, 86512, 9975, 71162, 89325, 56670, 25829, 51227, 25498]
Tree:
None

Fitness:
[0.2866666666666667, 0.5511493778786004]