Generation:
60

Phenotype:
def p():
  x = 0.0
  index = 17
  n = 42
  b = 33
  c = main[19]
  if abs(sum(main[:-index]) - sum(opposite[-index:])) > 100:
    x = 1.0
  return x
XXX_output_XXX = p()

Genotype:
[29461, 87314, 34052, 29672, 8636, 61577, 8610, 55159, 98259, 95362, 10147, 33734, 34087, 84970, 85242, 73619, 21090, 35756, 22510, 80599, 56607, 41591, 20381, 77308, 48622, 78752, 67302, 20863, 35872, 26121, 43154, 92701, 89709, 20978, 22461, 40564, 19402, 47400, 36845, 85528, 67777, 40002, 62903, 62216, 93152, 47199, 94378, 61686, 27321, 28477, 25433, 58939, 13813, 26731, 7138, 32935, 25192, 45946, 19437, 31513, 49302, 94954, 59745, 62221, 10806, 45420, 48686, 67635, 30405, 37755, 54737, 36094, 53814, 37062, 31875, 74357, 42825, 40855, 88194, 87268, 54868, 33420, 18823, 43411, 83203, 70731, 1678, 83150, 92729, 12701, 47049, 3566, 74138, 15370, 16256, 39291, 54350, 65728, 87828, 47606, 762, 58161, 84828, 67596, 15987, 30623, 61155, 57676, 28009, 82117, 87743, 1357, 71245, 7707, 59653, 32388, 30184, 13199, 8604, 67432, 82370, 86460, 57213, 61167, 25234, 1653, 66353]
Tree:
None

Fitness:
[0.9985084167909652, 0.5178478527497761]