Generation:
60

Phenotype:
def p():
  x = 0.0
  index = 24
  n = 43
  b = 41
  c = sum(opposite[-index:])
  if main[21] > main[b] + 9:
    x = (x - 0.1)
  return x
XXX_output_XXX = p()

Genotype:
[53587, 57103, 97448, 26154, 96567, 86285, 18454, 41895, 24419, 24145, 7914, 121, 17960, 61693, 33734, 40107, 86060, 77559, 36162, 9600, 23575, 99360, 63419, 74319, 58796, 1345, 27265, 77320, 83811, 95362, 61693, 33734, 76094, 84970, 79316, 49642, 53575, 8894, 35730, 59688, 55763, 80145, 4878, 16814, 74646, 20776, 45098, 64296, 38958, 53256, 32392, 55805, 25853, 9822, 47045, 35978, 94217, 81043, 51224, 26186, 93313, 39943, 25612, 43077, 10451, 12979, 46765, 29694, 37576, 20373, 64784, 64269, 16981, 20243, 82809, 26201, 54822, 47454, 40369, 65436, 34616, 70858, 26875]
Tree:
None

Fitness:
[0.9748561687619859, 0.9358729795804519]