Generation:
60

Phenotype:
def p():
  x = 0.0
  index = 27
  if main[index] < 1:
    if main[index] > opposite[index] + 0.3:
      x = (x - 0.4)
  else:
    if main[index] < opposite[index] + 9:
      x = (x - 0.0000001)
    else:
      x = (x - 0.00001)
  return x
XXX_output_XXX = p()

Genotype:
[49217, 49960, 74028, 85657, 63155, 95927, 24518, 4074, 17809, 87496, 18233, 17705, 48867, 496, 45869, 43699, 69975, 77440, 46401, 30274, 79066, 41043, 78568, 16111, 66019, 3752, 96403, 38259, 30274, 2657, 49835, 26746, 15759, 66019, 21733, 21249, 27477, 8681, 34064, 65253, 39354, 13221, 4976, 76983, 11442, 3656, 26316, 31705, 72267, 47256, 14106, 64568, 3914, 43427, 11344, 41338, 99021, 11901, 97240, 3502, 89330, 12806, 9941, 24110, 31927, 64920, 8269, 92871, 30387, 93880, 99244, 88755, 41043, 26746, 1269, 66019, 8681, 261, 30910, 72203, 32199, 95539, 16632, 39580, 9340, 31553, 14625, 63957, 81837, 74112, 62250, 54236, 66359, 26880, 20026, 88345, 24302, 6263, 16265, 55934, 40235, 48458, 39029, 51340, 54540, 70172, 72095, 57365, 31231, 31150, 43195, 82552, 64313, 85325, 15777, 64843, 63054, 87027, 59890, 65407, 88971, 4264, 22052, 12431, 89641, 28536, 58098, 99098, 49874, 10981, 10562, 61883, 34588, 81743]
Tree:
None

Training fitness:
[0.9382022471910112, 0.51804119164052]
Test fitness:
[0.48717948717948717, 0.4824034792817311]