Generation:
60

Phenotype:
def p():
  x = 0.0
  index = 31
  if main[index] < 1:
    if main[index] < opposite[index] + 1.0:
      x = (x + 0.0000001)
  else:
    if main[index] < main[index] + 5:
      x = (x - 0.7)
    else:
      x = (x + 0.1)
  index = 10
  if abs(sum(main) - sum(opposite)) > 5000:
    x = (x - 0.6)
  return x
XXX_output_XXX = p()

Genotype:
[22522, 61597, 8773, 17548, 32110, 97685, 79247, 11662, 87275, 10351, 53268, 37168, 82553, 23700, 63364, 78355, 88697, 20620, 40248, 99830, 72868, 57273, 64474, 53100, 94019, 5770, 80073, 50779, 89456, 87964, 99745, 17380, 61101, 82165, 43579, 81407, 20004, 63376, 80468, 75878, 61051, 50195, 27968, 88550, 98187, 66573, 87103, 12389, 72732, 33510, 75878, 35653, 40009, 27968, 21344, 74900, 66573, 71299, 12389, 40718, 12874, 47455, 7123, 2898, 39544, 87281, 16043, 34681, 87964, 99745, 90021, 83497, 82165, 43579, 73526, 26549, 63376, 80468, 75878, 61051, 40009, 27968, 88550, 98187, 66573, 87103, 12389, 72983, 87275, 38853, 36007, 45801, 14229, 18350, 8060, 82853, 25481, 47465, 88991, 22146, 74466, 67587, 64474, 28461, 12579, 5770, 54921, 50779, 89456, 2785, 7273, 3691, 51176, 80199, 54054, 10047, 76629, 66712, 20396, 41854, 49609, 64670, 76542, 79160, 75103, 25863, 34323, 77603, 48038, 63956, 65715, 38543, 71681, 28396, 7470, 23808, 37715, 90822, 52318, 5005, 49839, 15808, 73137, 25313, 77870, 54181, 85794, 78491, 85715, 809, 66635, 50096, 96763, 25359, 19813, 5446, 43468, 67720, 73031, 13291, 19806, 66659]
Tree:
None

Training fitness:
[0.41971757322175735, 0.5061744385575732]
Test fitness:
[0.425, 0.5073583420776495]