Generation:
4

Phenotype:
def p():
  x = 0.0
  index = 18
  if main[index] < 1:
    if main[index] < main[index] + 0.000001:
      x = (x + 0.9)
  else:
    if opposite[index] < opposite[index] + 8:
      x = (x - 1.0)
    else:
      x = (x + 0.4)
  index = 25
  if abs(sum(main[:-index]) - sum(opposite[:-index])) > 5000:
    x = (x + 0.1)
  index = 27
  if main[index] < 1:
    if opposite[index] < opposite[index] + 0.01:
      x = (x + 0.000001)
  else:
    if main[index] < opposite[index] + 5:
      x = (x - 0.0000001)
    else:
      x = (x - 0.00001)
  return x
XXX_output_XXX = p()

Genotype:
[13776, 79619, 69774, 95430, 25722, 28460, 57699, 83462, 65342, 53393, 11428, 49614, 85531, 44715, 53127, 55618, 18745, 57183, 13568, 77017, 97272, 70844, 87796, 49518, 81716, 93965, 61139, 61899, 90594, 41606, 5956, 95603, 50721, 8138, 12607, 87419, 87055, 901, 68840, 38465, 94355, 35988, 38581, 58715, 98215, 61808, 3627, 9346, 17272, 24513, 64071, 64956, 54189, 3608, 89987, 79769, 83875, 87907, 89872, 42994, 4921, 32489, 71705, 48908, 4905, 45642, 41740, 67331, 49864, 60688, 31717, 56728, 67216, 66308, 3352, 5437, 45165, 24505, 92117, 20138, 99516, 35803, 65760, 99894, 90115, 51951, 79209, 88484, 34933, 93509, 60412, 90903, 1448, 94444, 13876, 6538, 75373, 29642, 26368, 24569, 41247, 38736, 59307, 53019, 27687, 22035, 98304, 63320, 44393, 4500, 80734, 60051, 10287, 45648, 10536, 74208, 50984, 62194, 3066, 48217, 87304, 51771, 63146, 12837, 79536, 63653, 9082, 4617, 40192, 22873, 86911, 5522, 50137, 25864, 18696, 36346, 96497, 22487, 2445, 48349, 50245, 27628, 96672, 12350, 86865, 85643, 78520, 79245, 59392, 34323, 61690, 38958, 46921, 42973, 40108, 32530, 18993, 35093, 43438, 88795, 56444, 71996, 20217, 82639, 42323, 48496, 61860, 57659, 87607, 35669, 39947, 7891, 68502, 45581, 99208, 50250, 99918, 76533, 64145, 3689, 28701, 2204, 90107, 8271, 59334, 69600, 65887, 79799, 24172, 16382, 62973, 15240, 99904, 57016, 43517, 64310, 64902, 11091, 63407, 86565, 65685, 42496, 10927, 12257, 82330, 22676, 81338, 71227, 10238, 67498, 92799, 29544, 12982, 24677, 19687, 21687, 61357, 94498, 71460, 46278, 11721, 68455, 21227, 32348, 45851, 61677, 55022, 74120, 79452, 22828, 33055, 54363, 45299, 77106, 75595, 26669, 33560, 13390, 41562, 14675, 49091, 88900]
Tree:
None

Fitness:
[0.4157949790794979, 0.5072181062107707]