Generation:
4

Phenotype:
def p():
  x = 0.0
  index = 28
  if abs(sum(main[-index:]) - sum(opposite[:-index])) > 500:
    x = (x + 0.001)
  return x
XXX_output_XXX = p()

Genotype:
[74764, 28135, 2392, 72349, 67858, 83622, 31436, 85984, 39679, 95632, 99830, 18980, 17060, 63409, 47554, 25170, 71233, 98486, 81479, 66845, 78778, 76453, 55843, 9245, 59108, 44291, 62706, 30143, 25135, 74345, 24559, 79390, 98632, 26901, 82678, 90752, 98926, 44345, 78931, 73453, 13373, 11400, 54181, 22214, 42043, 88523, 69603, 78522, 21823, 34859, 71926, 76834, 38430, 72880, 40321, 94550, 73262, 14162, 3188, 37279, 79357, 8267, 58114, 86362, 18526, 53592, 8752, 79631, 89773, 46089, 51917, 43636, 20371, 16154, 60810, 49575, 28953, 72065, 66793, 77998, 98047, 7519, 60484, 65854, 13762, 6663, 98416, 40926, 66136, 88634, 41215, 9910, 26081, 5163, 6930, 93115, 14264, 36676, 92456, 58009, 84649, 33458, 87358, 88039, 1584, 61164, 40591, 50851, 33681, 81918, 2949, 43771, 17290, 59119, 99842, 12964, 76384, 99591, 75753, 64730, 13460, 51999, 89114, 60496, 28800, 30648, 87978, 69114, 37180, 65718, 92181, 97099, 93151, 65106, 47612, 61245, 27230, 76075, 61071, 17119, 45948, 89683, 75166, 8508, 59670, 3538, 72587, 49504, 90376, 28919, 25511, 39203, 51499, 46888, 17261, 8501, 95185, 28412, 61877, 80041, 35579, 65753, 1373, 51024, 80000, 98868, 47840, 95081, 70696, 93132, 44402, 88261, 26960, 63150, 39560, 36359, 47654, 27341, 79981, 16341, 52270, 43072, 76528, 59252, 88074, 58735, 4849, 88643, 54561, 56636, 78395, 10381, 56885, 46625, 13427, 80632, 22830, 26745, 10729, 47373, 88670, 1694, 81641, 1139, 78656, 94153, 75889, 54369, 65137, 63882, 46927, 58039, 44469, 80502, 50934, 89567, 58913, 18507, 46253, 50102, 72777, 38199, 46852, 33703, 53038, 10937, 21445, 49344, 17905, 76154, 88882, 5718, 24430, 70032, 40362, 62278, 57293, 12518, 73942, 69475, 35853, 9827, 1545, 76447, 64206, 16882, 7266, 95876, 21725, 33441, 54834, 55243, 86983, 51357, 3322, 61478, 49008, 11097, 58222, 48027, 27440, 63424, 7063, 77971, 15292, 72755, 32761, 66968, 10765, 92830, 69235, 39669, 62733, 50148]
Tree:
None

Fitness:
[0.8964435146443515, 0.5055773883647678]