Generation:
4

Phenotype:
def p():
  x = 0.0
  index = 18
  if main[index] < 1:
    if opposite[index] > main[index] + 0.000001:
      x = (x + 0.9)
  else:
    if opposite[index] < opposite[index] + 8:
      x = (x - 0.3)
    else:
      x = (x + 0.4)
  index = 25
  if abs(sum(main[:-index]) - sum(opposite[:-index])) > 5000:
    x = (x + 0.1)
  index = 31
  if main[index] < 1:
    if opposite[index] < main[index] + 0.8:
      x = (x + 0.9)
  else:
    if main[index] < main[index] + 6:
      x = (x + 0.9)
    else:
      x = (x + 0.8)
  return x
XXX_output_XXX = p()

Genotype:
[17210, 79619, 69774, 95430, 25722, 28460, 724, 97463, 96590, 53393, 11428, 49614, 85531, 21725, 53127, 45878, 18745, 42152, 13568, 77017, 97272, 70844, 87796, 49518, 81716, 27389, 61139, 61899, 90594, 41606, 5956, 95603, 796, 85268, 5659, 24727, 25928, 69181, 45140, 98174, 24303, 96732, 44830, 50006, 36294, 47262, 17828, 18461, 5393, 71637, 89872, 1574, 99622, 92521, 77236, 79124, 92515, 78210, 45768, 79791, 60926, 99735, 14057, 51541, 52587, 71040, 25315, 32854, 63141, 73885, 78929, 92606, 38081, 42608, 29429, 86388, 19841, 53227, 81761, 23499, 15049, 3685, 55708, 1816, 87289, 91155, 42156, 73656, 86204, 59360, 6224, 39636, 90657, 30267, 43931, 3303, 1447, 21148, 68291, 55995, 23043, 79840, 65935, 55279, 95879, 23988, 32186, 35366, 55615, 97742, 32899, 24127, 26796, 5258, 46927, 23033, 61931, 32213, 64426, 39378, 63576, 14947, 50889, 32568, 3484, 50561, 94748, 38962, 88198, 87258, 57865, 36163, 63565, 20167, 70987, 55635, 88159, 21768, 69332, 14831, 37144, 92364, 93031, 49236, 1023, 875, 20026, 6551, 66683, 15427, 62151, 63426, 84091, 55989, 86943, 14459, 66451, 71816, 89312, 87200, 1522, 91314, 74375, 81096, 91257, 52429, 29314, 19912, 58362, 733, 80810, 64906, 762, 62834, 96105, 60659, 92606, 44284, 9879, 97787, 33781, 43048, 95875, 86692, 80630, 79480, 29663, 78450, 18057, 38266, 74066, 68731, 70858, 46307, 44648, 79606, 2150, 20435, 80152, 31721, 97407, 53780, 82906, 3279, 55083, 87055, 63352, 4836, 45775, 27713, 65155, 54745, 65317, 66010, 91318, 70748, 98446, 9028, 31369, 58707, 86593, 98586, 28990, 79838, 22458, 97478, 24043, 32372, 12244, 34875, 85464, 79226, 58372, 79415, 79546, 56564, 90601, 76082, 38903, 86839, 52846, 96744, 93940, 37569, 16068, 37452, 80565, 37217, 12526, 81371, 92985, 30084, 35340, 22225, 4300, 62560, 47667, 25330, 85059, 98157, 89315, 59191, 64946, 94237, 33220, 80022, 72621, 6857, 36479, 19112, 67991, 17660, 65194, 76966, 42176, 67517, 8343, 48876, 45498, 23700, 13991, 40672, 3894, 18119, 4135, 83690, 93091, 99734, 34032, 93275, 54537, 37751, 25713, 23566, 22730, 56290, 91877, 67796, 72493, 76564, 90078, 40501, 97264, 63524, 41000, 76747, 10452, 91181, 20641, 27997, 12706, 75930, 4628, 60460, 11305, 9563, 4756, 77688, 15257, 93812, 86000, 67708, 26008, 39404, 47417, 28361, 1065, 9813, 88518, 32923, 7525, 39230, 57064, 80734, 63149, 59596, 52573, 81276, 43602, 65540, 14124, 8590, 6992, 4148, 72345, 60292, 34683, 17306, 66102, 82153, 70122, 58234, 15978, 88361, 78828, 1062, 8744, 22109, 29734, 55581, 73641, 14464, 78568, 45193, 84432, 56813, 68123, 6318, 89639, 31341, 78168, 55492, 71513, 79077, 88717, 55646, 67017, 14817, 72780, 37209, 44771, 37954, 80670, 2889, 74937, 84684, 47156, 37189, 26326, 83186, 42434, 79402, 31002, 44157, 13931, 57640, 48107, 5068, 69165, 35352, 34463, 71484, 93473, 31542, 804, 45098, 1277, 75800, 20423, 23534, 12745, 41072, 70815, 80259, 79110, 21322, 83148, 6318, 62857, 61588, 61555, 74924, 56417, 56623, 97942]
Tree:
None

Fitness:
[0.4157949790794979, 0.5072181062107707]