Generation:
13

Phenotype:
def p():
  x = 0.0
  index = 39
  n = 35
  b = 3
  c = opposite[26]
  if main[46] > main[25] + 4:
    x = (x + 0.8)
  return x
XXX_output_XXX = p()

Genotype:
[62895, 31863, 83844, 59748, 26559, 96590, 35735, 6845, 61764, 43146, 90199, 80559, 41132, 2713, 20714, 3310, 46126, 61480, 64314, 58031, 69387, 15179, 34136, 90650, 72141, 70607, 33456, 67743, 65540, 79464, 67585, 27646, 62670, 48809, 19289, 45316, 22276, 62456, 39847, 66767, 31024, 43770, 28811, 1046, 36671, 90706, 30065, 71352, 19054, 36850, 12752, 67422, 13990, 71743, 95548, 51332, 55843, 99706, 36816, 27594, 20396, 47176, 69680, 31694, 92871, 14893, 78982, 17830, 39788, 13373, 91044, 18821, 43208, 70611, 15239, 78463, 46627, 5360, 61718, 35652, 25436, 95979, 2361, 86690, 2848, 74005, 22731, 99385, 61041, 51660, 89767, 41790, 58984, 67975, 33652, 78753, 16096, 21721, 29038, 18969, 71877, 7419, 40450, 44959, 47203, 50032, 48290, 7105, 64706, 48464, 99464, 64794, 89194, 90556, 92609, 94593, 9573, 12826, 29290, 49903, 93871, 53381, 20375, 16893, 10821, 39804, 1185, 75163, 44236, 3844, 59050, 2980, 6434, 45564, 16229, 6574, 37203, 47365, 15424, 60677, 81209, 79292, 4612, 75254, 27691, 57154, 77483, 15495, 37796, 82877, 89877, 89716, 95008, 77158, 59290, 34020, 54472, 50547, 75833, 19806, 25749, 98874, 86187, 99978, 12865, 71688, 35192, 42760, 6065, 70566, 13538, 69547, 75476, 96447, 81274, 66602, 62948, 16867, 44599, 1075, 15971, 22091, 57009, 92263, 15196, 28545, 93095, 39536, 68736, 36861, 79497, 45584, 58483, 32057, 56560, 58450, 21485, 53495, 10150, 64636, 90684, 53280, 84303, 58440, 60663, 15008, 7144, 49366, 80761, 31678, 66492, 54091, 90785, 61957, 23264, 50923, 3029, 10283, 55619, 51559, 50776, 45958, 88585, 68735, 68681, 93512, 2500, 904, 12343, 10231, 83185, 44760, 33008, 21643, 56719, 76782, 39217, 1289, 41929, 27036, 73470, 11087, 98693, 97280, 82870, 22688, 47682, 38177, 90291, 16845, 17626, 22164, 4180, 49329, 11513, 95739, 24798, 99842, 85985, 84593, 78877, 41923, 55498, 91391, 22212, 14335, 33264, 92469, 46755, 68866, 1512, 20617, 41463, 19968, 90151, 84904, 71294, 19184, 27948, 16987, 24118, 95865, 62432, 35485, 19246, 25441, 40213, 31167, 40361, 49731, 24273, 10471, 90256, 22284, 66546, 1795, 43773, 37804, 21916, 40698, 53930, 91971, 66358, 56867, 48344, 31281, 74898, 25799, 61186, 95541, 45171, 2017, 40889, 25951, 91398, 1856, 23097, 97275, 77107, 72377, 97490, 35873, 48999, 49452, 39207, 294, 61791, 77145, 10494, 34815, 88504, 35658, 7191, 45396, 64830, 34402, 51262, 17829, 65006, 54934, 57023, 57712, 94599, 59012, 30096, 6418, 85544, 8903, 18078, 26944, 34946, 37331, 81747, 42249, 19129, 94207, 10443, 48428, 20495, 30299, 47674, 28911, 35758, 45929, 89114, 95335, 58273, 29037, 23781, 26739, 96774, 71099, 46909, 81618, 30969, 34632, 25404, 67369, 35312, 27309, 83158, 16147, 81905, 56254, 44974, 7015, 59776, 97987, 12239, 8480, 39449, 9854, 49985, 99026, 17253, 82569, 44383, 50986, 92416, 61762, 52274, 35203, 9473, 92806, 44114, 85716, 29281, 22676, 13709, 31504, 43851, 74458, 48741, 347, 69640, 83498, 793, 64938, 22594, 70109, 97360, 11410, 76443, 53463, 47237, 45387, 59172, 66325, 70264, 19661, 44120, 67128, 80434, 32865, 60047, 33811, 81428, 47943, 26571, 93834, 2248, 60432, 82948, 74430, 49586, 21772, 62580, 56539, 57597, 57336, 46425, 78197, 44461, 62104, 65455, 45576, 89042, 49957]
Tree:
None

Fitness:
[0.9861111111111112, 0.580446098462736]