Generation:
13

Phenotype:
def p():
  x = 0.0
  index = 32
  n = 15
  b = 7
  c = sum(main[:-index])
  if opposite[b] > opposite[23] + 2:
    x = (x + 0.9)
  return x
XXX_output_XXX = p()

Genotype:
[57460, 35506, 15680, 47057, 7784, 42111, 43875, 92940, 39736, 49875, 981, 37430, 1289, 67023, 55861, 49279, 73718, 36582, 82851, 99728, 45232, 51593, 29106, 29124, 92940, 39736, 98418, 11589, 49549, 1289, 67023, 55861, 20898, 37247, 63291, 62685, 94747, 97729, 51578, 4435, 99364, 85353, 10300, 38009, 17015, 27742, 25322, 87243, 18599, 41981, 95261, 57104, 4471, 90685, 34140, 31077, 9188, 24358, 95056, 38292, 14957, 95186, 68228, 32815, 14420, 29870, 43415, 30023, 43067, 15723, 10358, 79440, 80499, 67977, 44052, 2713, 47226, 76937, 81678, 56925, 20159, 14594, 44775, 30895, 8899, 32206, 68704, 18266, 10238, 29352, 40724, 74449, 84177, 56059, 11368, 67266, 38665, 70514, 68504, 82535, 32272, 85942, 22485, 66847, 41168, 45187, 73740, 42973, 89326, 95763, 42198, 61575, 3894, 84870, 32680, 39382, 59170, 80380, 62937, 26932, 85936, 19089, 26065, 16242, 8748, 7060, 17418, 99298, 48920, 94524, 91293, 42323, 24153, 30779, 91041, 60953, 28169, 26181, 72727, 24661, 36207, 32367, 20847, 59628, 98804, 31781, 71822, 71091, 51739, 27264]
Tree:
None

Fitness:
[1.0, 0.5802101576182137]