Generation:
1

Phenotype:
def p():
  x = 0.0
  index = 37
  n = 3
  b = 13
  c = sum(opposite[:-index])
  if opposite[28] < opposite[3] + 9:
    x = (x / 0.7)
  index = 37
  n = 4
  b = 28
  c = sum(main[-index:])
  if abs(sum(main[:-index]) - sum(opposite[:-index])) > 5000:
    x = (x - 0.9)
  index = 25
  n = 3
  b = 23
  c = sum(main[-index:])
  if sum(main[:-index]) > main[1] + main[b]:
    x = 0.8
  index = 26
  n = 44
  b = 29
  c = opposite[b]
  if abs(sum(main) - sum(opposite)) > 5000:
    x = 0.1
  return x
XXX_output_XXX = p()

Genotype:
[40823, 91548, 18865, 88302, 97957, 94771, 1788, 11509, 8734, 10434, 89910, 15633, 30487, 3119, 74491, 74743, 53911, 37590, 47989, 24284, 68126, 59814, 33241, 28444, 65982, 53095, 26756, 94480, 42639, 70440, 42418, 29586, 78880, 2734, 23845, 6869, 64274, 88687, 9098, 60044, 17742, 72547, 40864, 93027, 55564, 56480, 62533, 5856, 38570, 97754, 53501, 27564, 65346, 715, 94344, 76862, 21099, 78739, 50670, 44677, 34984, 49366, 23892, 32605, 98787, 43564, 45476, 29861, 35323, 52778, 56401, 88769, 11899, 27187, 92353, 57310, 41475, 60784, 620, 80460, 47940, 54698, 54977, 31162, 89329, 55114, 51013, 23188, 46015, 99337, 87380, 7934, 60323, 12169, 29821, 76611, 54807, 21786, 28924, 97474, 91712, 1646, 55557, 9440, 44356, 26953, 16718, 83007, 351, 76734, 75029, 20206, 49623, 33968, 12295, 2779, 93884, 22693, 89873, 53194, 85918, 3544, 8245, 11712, 41855, 39799, 42983, 85214, 93487, 87787, 57664, 13908, 73474, 47366, 69955, 56541, 30636, 46983, 96554, 39225, 27716, 67966, 42129, 63430, 25447, 59939, 86146, 12593, 24320, 6740, 30478, 35121, 23285, 78406, 56626, 96817, 8350, 88279, 6966, 18362, 91616, 26421, 31239, 16226, 30423, 82792, 65007, 52561, 80211, 77137, 1929, 31365, 53129, 3667, 11691, 85891, 17335, 49244, 29689, 61607, 99396, 7027, 6433, 86846, 50955, 24038, 33321, 948, 34769, 51915, 37001, 32110, 15185, 10399, 65060, 28553, 72590, 91850, 76873, 48602, 46019, 73943, 5231, 71307, 52076, 93753, 48609, 51817, 83583, 384, 4866, 23209, 60690, 90747, 52011, 71014, 70240, 82614, 24036, 52476, 18601, 77418, 68374, 56561, 30313, 9444, 92503, 97310, 27862, 19265, 86555, 52185, 41312, 21315, 5859, 583, 65876, 27599, 45271, 66139, 41390, 79004, 60016, 4374, 86797, 85982, 64314, 66484, 77337, 12409, 41366, 62092, 8592, 21706, 38229, 77526, 58391, 42573, 91716, 20651, 91119, 1754, 34504, 66649, 51355, 26838, 23822, 35169]
Tree:
None

Fitness:
[1.0, 0.5]