Generation:
60

Phenotype:
def p():
  x = 0.0
  index = 13
  if main[index] < 1:
    if opposite[index] > main[index] + 0.01:
      x = (x - 0.7)
  else:
    if opposite[index] > main[index] + 0:
      x = (x - 0.6)
    else:
      x = (x - 0.9)
  index = 51
  if main[index] < 1:
    if opposite[index] > main[index] + 0.01:
      x = (x - 0.001)
  else:
    if main[index] < main[index] + 8:
      x = (x - 1.0)
    else:
      x = (x - 0.2)
  index = 8
  if abs(sum(main[:-index]) - sum(opposite[:-index])) > 50:
    x = (x + 0.000001)
  return x
XXX_output_XXX = p()

Genotype:
[46498, 50585, 69609, 66430, 94913, 18686, 26508, 29113, 69824, 10613, 92159, 14956, 47632, 78039, 63706, 85910, 40265, 16763, 80443, 31182, 14781, 92461, 57771, 27647, 92678, 10533, 64788, 63077, 41171, 14212, 82195, 14996, 37304, 93728, 37017, 32527, 22987, 94743, 68396, 11077, 76084, 23346, 35188, 30437, 42781, 70395, 60710, 20081, 10590, 16014, 53705, 93521, 57771, 25523, 77762, 16409, 79610, 10613, 32967, 12701, 66905, 91613, 23586, 52199, 51987, 73745, 10571, 40281, 54188, 85981, 92454, 20505, 49432, 1875, 73078, 17930, 6902, 32767, 87076, 71169, 397, 21226, 86571, 47523, 86917, 11080, 12719, 64550, 16528, 41144, 23928, 4823, 37416, 1708, 72962, 79553, 78821, 63721, 7318, 68935, 96279, 44628, 3315, 57756, 59696, 54881, 86715, 69504, 92461, 57771, 75848, 93521, 57771, 47390, 11080, 32363, 40180, 10613, 41849, 56256, 32164, 28980, 75009, 99109, 4351, 3602, 42091, 5989, 77944, 26996, 38543, 76768, 82423, 82195, 14996, 68882, 93728, 88473, 86263, 80557, 35561, 5822, 57432, 32005, 17279, 53489, 1920, 90460, 83210, 38125, 39105, 29085, 6061, 94434, 67058, 46110, 78603, 22958, 74702, 28884, 4130, 21013, 18233, 86645, 51969, 32397, 15452, 44283, 11334, 39972, 1305, 52305, 43789, 28867, 36917, 8355, 36627, 51366, 26330, 14148, 25029, 11938, 55840, 16797, 10387, 33112, 28198, 96633, 61471, 54077, 2524, 41037, 18264, 34962, 21440, 2350, 57298, 95924, 84460, 73595, 627, 74923, 88467, 27616, 64987, 30688, 47185, 20683, 60480, 82041, 55495, 84238, 35521, 72563, 64459, 13098, 73253, 67500, 63277, 34595, 34886, 80607, 53395, 56639, 62635, 10488, 91492, 7100, 34216, 76334, 69935, 93599, 67349, 30328, 37787, 41050, 93421, 61054, 1411, 57001, 76138, 18347, 82652, 55607, 59276, 77956, 6246, 27655, 21197, 55799, 41190, 44583, 30595, 80090, 1701, 2284, 10512, 93428, 82298, 7875]
Tree:
None

Training fitness:
[0.7873953974895398, 0.6118842678589586]
Test fitness:
[0.796875, 0.6187942681007345]