Generation:
60

Phenotype:
def p():
  x = 0.0
  index = 51
  if main[index] < 1:
    if opposite[index] > main[index] + 0.01:
      x = (x - 0.9)
  else:
    if opposite[index] > main[index] + 5:
      x = (x - 0.4)
    else:
      x = (x - 1.0)
  index = 7
  if main[index] < 1:
    if main[index] < main[index] + 0.8:
      x = (x - 0.9)
  else:
    if opposite[index] > main[index] + 9:
      x = (x + 0.7)
    else:
      x = (x - 0.0000001)
  return x
XXX_output_XXX = p()

Genotype:
[94682, 77547, 49197, 36096, 57771, 70547, 55916, 20225, 78308, 10613, 99619, 32734, 66726, 77069, 32506, 5505, 12123, 77353, 68131, 93039, 70100, 2842, 55959, 72956, 41849, 56256, 58334, 85981, 54697, 15566, 24780, 38251, 73078, 27719, 6902, 20588, 28615, 63856, 11188, 4351, 86466, 19732, 1939, 86544, 41832, 90683, 97523, 21411, 82195, 23796, 37304, 72714, 83417, 91654, 10533, 21716, 54331, 41370, 40180, 51684, 32321, 98272, 15633, 42708, 27497, 62050, 12723, 86157, 50486, 10571, 47835, 95244, 8557, 10613, 10613, 14101, 5960, 28406, 13960, 99723, 43818, 90328, 9997, 40988, 90654, 40098, 7608, 5546, 37083, 34216, 47758, 80196, 32228, 74960, 92727, 49800, 8788, 50504, 86615, 25565, 10613, 98573, 56256, 78546, 34408, 75009, 99109, 51813, 61671, 96825, 90493, 24341, 53998, 37897, 9388, 79460, 98268, 18966, 6647, 21712, 70433, 70768, 46809, 58531, 9550, 74608, 63608, 38573, 49720, 50498, 79607, 89581, 9064, 11975, 1513, 93593, 62211, 69137, 65809, 35081, 72621, 68166, 70076, 95089, 39760, 74379, 11593, 85751, 14980, 50080, 69416, 47340, 79619, 38292, 27693, 26944, 44699, 77508, 53495, 89737, 91476, 16908, 94898, 11179, 5520, 94083, 45290, 42946, 51423, 50964, 80614, 40157, 15682, 96883, 15759, 68568, 74188, 35285, 38028, 48727, 9697, 46902, 67390, 53471, 99649, 47740, 98046, 80334, 37536, 56945, 22361, 26181, 71260, 7547, 11334, 40879, 87838, 59520, 15000, 47780, 76969, 33385, 36591, 74111, 75670, 74035, 24520, 41785, 37302, 57783, 70537, 15101, 90354, 86389, 25976, 74695, 98776, 24839, 75576, 715, 14256, 77650, 78552, 34866, 99395, 57950, 6031, 32431, 24611, 11606, 17134, 81265, 35736, 20682, 58517, 68675, 20376, 64951, 87867, 54923, 18587, 91658, 50416, 16106, 1822, 76170, 52581, 75048, 59847, 37384, 29575, 9198, 28849, 29864, 4145, 88217, 43178, 46894, 78409, 18222, 49984, 9910, 18367, 10953, 50053, 91287, 60901, 51001, 4047, 64404, 93916, 63481, 18374, 8206, 59026, 54232, 94403, 55732, 12904, 86591, 7629, 9003, 53415, 67494, 10930, 46748, 26837, 71912, 74537, 93993, 70413, 30605, 72700, 30920, 8581, 53612, 85930, 99001, 6124, 6782, 13306, 72672, 79109, 77091, 49332, 37520, 70559, 45430, 89520, 20287, 67204, 49531, 47850, 74004, 32076, 5054, 3273, 22431, 61339, 67718, 73816, 69736, 94965, 16534, 60582, 16207, 3863, 23099, 54192, 20713, 43296, 62449, 15755, 33187, 75492, 5304, 95647, 16917, 96911, 41931, 4239, 60634, 54204, 70126, 92124, 67003, 23869, 55686, 62917, 80731, 79230, 11733, 36774, 35255, 11749, 19101, 26136, 5378, 86944, 12320, 80013, 34633, 20197, 36272, 72758, 23968, 3765, 22370, 87225, 39121, 48847, 21751, 43908, 27482, 63951, 8619, 99244, 56422, 22844, 42411, 31648, 45133, 66980, 37421, 63796, 42541, 42708, 92760, 25508, 76311, 22661, 69255, 18142, 5310, 82469, 79699, 35903, 64921, 48502, 39324, 3017, 26739, 20613, 34102, 25294, 73004, 3390, 65282, 73023, 97249, 44138, 48981, 40448, 37845, 96735, 57864, 59997, 27796, 54602, 89361, 62338, 9175, 86516, 78078, 34071, 8185, 85602, 78826, 24258, 58760, 87008, 91807, 46859, 25954, 42435, 73923, 3578, 44829, 38148, 58751, 96086, 66148, 79618, 36268, 9386, 50564, 71767, 88964, 33829, 30229, 54498, 48651, 65279, 80139, 48909, 96996, 11455, 52086, 78553, 38801, 85351, 31990, 55077, 32459, 20931, 19197, 41137, 79188, 36471, 58987, 35155]
Tree:
None

Training fitness:
[0.9084728033472803, 0.5824046796982025]
Test fitness:
[0.9104166666666667, 0.5900456890521162]