Generation:
60

Phenotype:
def p():
  x = 0.0
  index = 51
  if main[index] < 1:
    if opposite[index] > main[index] + 0.01:
      x = (x - 0.1)
  else:
    if opposite[index] < opposite[index] + 2:
      x = (x - 0.8)
    else:
      x = (x + 0.4)
  index = 2
  if sum(main[-index:]) > sum(main[:-index]) + sum(opposite[-index:]):
    x = (x + 0.3)
  index = 5
  if main[index] < 1:
    if main[index] < opposite[index] + 0.000001:
      x = (x - 0.01)
  else:
    if opposite[index] < opposite[index] + 2:
      x = (x + 0.4)
    else:
      x = (x + 0.01)
  index = 43
  if opposite[index] + sum(main[-index:]) > main[index] - opposite[index]:
    x = (x - 0.8)
  index = 29
  if abs(sum(main[:-index]) - sum(opposite[-index:])) > 5000:
    x = (x + 0.2)
  index = 2
  if abs(sum(main) - sum(opposite)) > 1000:
    x = (x - 0.0000001)
  return x
XXX_output_XXX = p()

Genotype:
[57525, 19531, 53705, 75209, 57771, 11843, 69860, 10533, 40180, 10613, 32967, 14934, 38251, 57873, 27719, 6902, 53549, 89613, 28406, 35417, 99723, 41576, 98698, 9997, 40988, 90654, 40098, 7608, 5546, 15790, 34216, 47758, 14235, 32228, 74960, 91355, 49800, 8788, 50504, 6500, 25565, 10613, 98573, 8153, 78546, 5403, 14433, 99109, 51813, 61671, 96825, 90493, 36792, 53998, 37897, 9388, 5077, 98268, 18966, 6647, 21712, 74826, 70768, 46809, 58531, 56942, 74608, 63608, 15764, 49720, 50498, 79607, 89581, 9064, 11975, 1513, 32105, 62211, 42077, 65809, 35081, 72621, 68166, 70076, 14117, 39760, 74379, 46116, 85751, 36876, 50080, 52002, 47340, 79619, 38292, 30797, 26944, 1014, 77508, 53495, 962, 91476, 16908, 94898, 11179, 5520, 33379, 82483, 42946, 51423, 50964, 80614, 40157, 89395, 38837, 15759, 68568, 74188, 35285, 38028, 48727, 9697, 46902, 67390, 12636, 99649, 47740, 83021, 80334, 37536, 35068, 22361, 26181, 71260, 7547, 59845, 9769, 87838, 59520, 15000, 47780, 76969, 33385, 36591, 74111, 75670, 46238, 95760, 41785, 37302, 88594, 7306, 15101, 90354, 86389, 25976, 74695, 85042, 24839, 72069, 6442, 14256, 77650, 78552, 34866, 99395, 57950, 89871, 32431, 69312, 11606, 74866, 97409, 35736, 20682, 43182, 68675, 75328, 64951, 87867, 54923, 18587, 91658, 54134, 16106, 1822, 42682, 96684, 75048, 25795, 37384, 29575, 9198, 28849, 29864, 63954, 88217, 43178, 70674, 78409, 18222, 49984, 9910, 18367, 10953, 50053, 91287, 18911, 51001, 4047, 64404, 93916, 63481, 18374, 8206, 59026, 54232, 94403, 55732, 12904, 86591, 7629, 9003, 53415, 67494, 10930, 46748, 26837, 71912, 74537, 93993, 70413, 30605, 72700, 30920, 8581, 53612, 85930, 68423, 6124, 27228, 13306, 36148, 79109, 77091, 49332, 67181, 57719, 45430, 89520, 20287, 67204, 49531, 47850, 74004, 32076, 28100, 3273, 22431, 61339, 67718, 73816, 69736, 94965, 16534, 29221, 64167, 3863, 23099, 54192, 20713, 43296, 62449, 15755, 33187, 75492, 5304, 32080, 3070, 96911, 41931, 4239, 60634, 54204, 70126, 92124, 67003, 23869, 55686, 62917, 80731, 79230, 11733, 36774, 71687, 11749, 19101, 26136, 5378, 86944, 12320, 6248, 34633, 20197, 36272, 72758, 23968, 3765, 22370, 87225, 39121, 61081, 21751, 43908, 27482, 63951, 8619, 99244, 56422, 22844, 42411, 31648, 45133, 66980, 37421, 63796, 53887, 42708, 66332, 25508, 21316, 22661, 69255, 18142, 5310, 82469, 79699, 25492, 96727, 48502, 39324, 3017, 26739, 82557, 34102, 25294, 73004, 3390, 65282, 27261, 97249, 5145, 48981, 40448, 37845, 96735, 43632, 68659, 27796, 54602, 47570, 62338, 9175, 86516, 78078, 34071, 76976, 85602, 11538, 2587, 58760, 87008, 91807, 46859, 25954, 42435, 65444, 17618, 44829, 53181, 73175, 96086, 66148, 79618, 36268, 9386, 50564, 71767, 88964, 33829, 36442, 54498, 27841, 65279, 80139, 48909, 96996, 26844, 52086, 78553, 38801, 85351, 31990, 55077, 32459, 20931, 19197, 41137, 79188, 36471, 31575, 93151]
Tree:
None

Training fitness:
[0.9440376569037657, 0.5717052669154313]
Test fitness:
[0.3854166666666667, 0.5746600647079398]