Generation:
60

Phenotype:
def p():
  x = 0.0
  index = 51
  if main[index] < 1:
    if opposite[index] > main[index] + 0.01:
      x = (x - 0.2)
  else:
    if opposite[index] < main[index] + 0:
      x = (x + 0.001)
    else:
      x = (x + 0.0001)
  index = 40
  if main[index] < 1:
    if opposite[index] < main[index] + 0.00001:
      x = (x + 0.4)
  else:
    if main[index] > opposite[index] + 5:
      x = (x - 0.9)
    else:
      x = (x - 0.4)
  return x
XXX_output_XXX = p()

Genotype:
[57525, 58918, 11349, 39504, 57771, 27647, 2478, 23073, 40180, 10613, 68651, 85143, 26471, 20013, 16494, 43360, 85508, 70100, 10754, 85395, 37136, 62291, 19332, 70424, 59175, 82195, 14996, 49538, 93728, 61961, 82016, 86092, 10613, 32665, 32767, 39054, 54391, 83369, 45405, 73078, 27719, 6902, 53549, 2833, 57771, 27647, 4590, 31481, 40180, 10613, 92135, 5960, 79093, 13960, 99723, 75952, 48909, 9997, 40988, 79206, 40098, 7608, 71775, 37083, 34216, 47758, 80196, 32228, 74960, 92130, 49800, 8788, 50504, 59708, 25565, 96530, 59240, 10675, 11740, 37890, 73639, 19161, 54551, 8031, 85654, 34146, 23651, 61078, 64955, 21608, 35583, 75391, 60436, 40895, 46042, 65716, 8319, 10119, 97956, 25959, 13790, 22383, 92463, 85738, 21623, 83992, 225, 53056, 46461, 9296, 92763, 21526, 67242, 46935, 39594, 62833, 50923, 99619, 92824, 10419, 67213, 82381, 23079, 60941, 98831, 21810, 84769, 72394, 18647, 95752, 82883, 93972, 11771, 2712, 54111, 17953, 19713, 56386, 14385, 32272, 1784, 62036, 18404, 4528, 65345, 67846, 37292, 31741, 49177, 17738, 46264, 11929, 32498, 82043, 35989, 39318, 31183, 18461, 21795, 5797, 31735, 37281, 36512, 32922, 74237, 30972, 61104, 91018, 95896, 10626, 51416, 68124, 73819, 68050, 37579, 49216, 81540, 14988, 85409, 40773, 24757, 62606, 19719, 30918, 26032, 45597, 46956, 51119, 75037, 68499, 38878, 77890, 45000, 48105, 25768, 25864, 33035, 4765, 17250, 58582, 55958, 4827, 25565, 56377, 58469, 51441, 22790, 8540, 77653, 70605, 92004, 68915, 69769, 40618, 48359, 30833, 38392, 38402, 51032, 43929, 77175, 95184, 68767, 64323, 6084, 30587, 95471, 19255, 36097, 14986, 81114, 832, 20061, 38782, 54554, 15482, 108, 20078, 45629, 19390, 69390, 25618, 44718, 87048, 77760, 66041, 18104, 42960, 89185, 61100, 71775, 5140, 94153, 13131, 64735, 62772, 93801, 34074, 86834, 55926, 82198, 65375, 16833, 60718, 64916, 48236, 3178, 91772, 31987, 2744, 64738, 84059, 32466, 26218, 44193, 84618, 48450, 45006, 57406, 58524, 89352, 2410]
Tree:
None

Training fitness:
[1.0, 0.517245884504834]
Test fitness:
[0.75, 0.4956715634837356]