Generation:
60

Phenotype:
def p():
  x = 0.0
  index = 13
  if main[index] < 1:
    if opposite[index] > main[index] + 0.01:
      x = (x - 0.7)
  else:
    if main[index] > main[index] + 0:
      x = (x - 0.6)
    else:
      x = (x - 0.9)
  index = 51
  if main[index] < 1:
    if opposite[index] > main[index] + 0.01:
      x = (x - 0.0000001)
  else:
    if main[index] < opposite[index] + 8:
      x = (x - 0.1)
    else:
      x = (x - 0.5)
  return x
XXX_output_XXX = p()

Genotype:
[46498, 50585, 69609, 66430, 84149, 18686, 92606, 29113, 45268, 10613, 92159, 14956, 60184, 28506, 84742, 85910, 40265, 16763, 80443, 31182, 87756, 17440, 57771, 27647, 92678, 10533, 19378, 63077, 6009, 56256, 20505, 49432, 38251, 73078, 27719, 6902, 74623, 64154, 82195, 92683, 20980, 93728, 99789, 82016, 97751, 40180, 10613, 36102, 13786, 53621, 66252, 29354, 54840, 76119, 1212, 85574, 17036, 70516, 25275, 83376, 4511, 78712, 988, 39883, 85524, 92713, 94136, 96363, 60988, 70221, 64555, 9653, 24224, 88938, 6205, 27911, 21840, 1116, 77622, 58184, 96518, 86532, 79487, 21939, 54432, 39645, 83096, 6600, 99681, 56756, 83556, 40207, 6184, 31818, 39862, 48398, 76843, 19784, 91007, 76926, 17536, 64167, 62799, 80861, 73156, 54738, 13613, 5265, 14877, 54898, 5831, 95381, 64613, 20248, 99702, 61856, 53164, 4038, 10408, 18696, 38088, 55323, 53774, 33424, 82980, 89476, 72061, 55518, 32705, 11465, 70624, 2857, 64788, 73915, 43138, 52463, 18766, 55496, 53981, 80533, 73265, 74919, 68338, 1928, 79145, 38722, 37451, 21971, 27780, 35144, 41132, 61546, 99712, 48497, 1615, 33545, 96756, 52211, 48153, 50701, 82483, 73004, 68369, 28177, 25978, 26029, 41973, 79727, 61868, 49979, 84824, 18621, 39701, 69811, 23864, 35872, 34167, 67391, 58176, 73459, 30880, 13119, 28239, 72727, 66487, 30319, 97558, 68749, 30270, 50063, 70927, 52985, 24181, 80273, 93886, 11698, 49470, 63007, 36909, 43482, 4855, 99548, 23440, 59547, 16148, 67299, 2551, 77696, 98930, 53128, 97115, 5311, 53944, 11454, 71917, 81570, 51139, 40882, 63308, 68237, 72005, 44208, 90679, 81192, 12148, 78722, 92910, 68507, 8806, 57394, 96917, 44053, 64741, 1257, 20944, 23902, 66425, 31666, 45089, 16850, 66062, 76570, 88900, 10912, 74767, 49067, 13989, 36938, 28905, 67120, 47051, 73733, 73845, 27760, 97953, 40861, 4543, 59180, 77339, 46869, 16974, 74849, 1460, 55507, 52201, 13623, 14845, 91259, 23952, 11184, 5704, 80425, 32181, 37423, 62274, 1075, 92736, 53482, 26397, 35228, 9967, 30024, 76602, 64101, 19423, 38723, 16439, 14241, 75696, 47050, 61628, 38786, 43802, 42441, 22912, 54074, 91124, 97753, 34615, 20796, 18925, 81733, 11561, 33052, 15512, 93232, 85320, 91177, 17041, 411, 32856, 84416, 53741, 56782, 77824, 37859, 17187, 54651, 79261, 3186, 54554]
Tree:
None

Training fitness:
[0.7873953974895398, 0.6118842678589586]
Test fitness:
[0.796875, 0.6187942681007345]