Generation:
60

Phenotype:
def p():
  x = 0.0
  index = 51
  if main[index] < 1:
    if opposite[index] > main[index] + 0.01:
      x = (x - 0.00001)
  else:
    if main[index] > main[index] + 3:
      x = (x - 0.3)
    else:
      x = (x - 0.2)
  index = 46
  if main[index] < 1:
    if main[index] > opposite[index] + 0.9:
      x = (x - 0.001)
  else:
    if opposite[index] < opposite[index] + 4:
      x = (x + 0.01)
    else:
      x = (x - 0.0000001)
  index = 31
  if main[index] < 1:
    if opposite[index] > opposite[index] + 0.000001:
      x = (x - 0.000001)
  else:
    if opposite[index] < opposite[index] + 1:
      x = (x + 0.0001)
    else:
      x = (x + 0.9)
  return x
XXX_output_XXX = p()

Genotype:
[37320, 94546, 53705, 93521, 57771, 11843, 11080, 42547, 33940, 10613, 41849, 11362, 47910, 58694, 19990, 12723, 86157, 13416, 10613, 92135, 85529, 92598, 98222, 17663, 21226, 59708, 76939, 88414, 95355, 756, 88241, 27647, 16683, 30544, 40180, 10613, 51403, 56256, 48656, 25445, 70543, 95381, 29534, 85631, 10639, 26321, 24609, 31233, 36865, 27039, 39299, 90891, 19488, 80483, 30932, 61534, 83823, 75198, 10613, 48713, 63634, 53664, 40180, 10613, 69737, 89976, 80367, 69386, 39479, 58029, 74003, 72942, 11383, 27647, 11080, 15565, 40180, 11077, 61453, 34958, 96810, 88548, 13850, 28410, 80747, 56419, 13960, 99723, 43818, 48909, 9997, 40988, 79206, 40098, 74561, 48670, 37083, 72686, 47758, 37344, 32228, 74960, 92130, 49800, 8788, 13906, 43466, 54270, 96530, 59240, 10675, 54782, 13299, 79249, 45687, 24109, 94261, 75848, 73153, 57771, 27647, 7608, 71775, 37083, 34216, 84780, 80196, 32228, 74960, 92130, 49800, 8788, 50504, 59708, 25565, 66022, 59240, 10675, 11740, 37890, 73639, 19161, 54551, 8031, 85654, 34146, 23651, 61078, 64955, 21608, 35583, 75391, 60436, 40895, 46042, 65716, 8319, 10119, 97956, 25959, 13790, 22383, 92463, 85738, 21623, 83992, 225, 53056, 46461, 9296, 92763, 21526, 67242, 46935, 39594, 62833, 50923, 99619, 92824, 10419, 67213, 82381, 23079, 60941, 98831, 21810, 84769, 72394, 18647, 95752, 82883, 93972, 11771, 2712, 54111, 17953, 19713, 56386, 14385, 32272, 1784, 62036, 18404, 4528, 65345, 67846, 37292, 31741, 49177, 17738, 46264, 11929, 32498, 82043, 35989, 39318, 31183, 18461, 21795, 5797, 31735, 37281, 36512, 32922, 74237, 30972, 61104, 91018, 95896, 10626, 51416, 68124, 73819, 68050, 37579, 49216, 81540, 14988, 85409, 40773, 24757, 62606, 19719, 30918, 26032, 45597, 46956, 51119, 75037, 68499, 38878, 77890, 45000, 48105, 25768, 25864, 33035, 4765, 17250, 58582, 55958, 4827, 25565, 56377, 58469, 51441, 22790, 8540, 77653, 70605, 92004, 68915, 69769, 40618, 48359, 30833, 38392, 38402, 51032, 43929, 77175, 95184, 68767, 64323, 6084, 30587, 95471, 19255, 36097, 14986, 81114, 832, 20061, 38782, 54554, 15482, 108, 20078, 45629, 19390, 69390, 25618, 44718, 87048, 77760, 66041, 18104, 42960, 89185, 61100, 71775, 5140, 94153, 13131, 64735, 62772, 93801, 34074, 86834, 55926, 82198, 65375, 16833, 60718, 64916, 48236, 3178, 91772, 31987, 2744, 64738, 84059, 32466, 26218, 44193, 84618, 48450, 45006, 57406, 58524, 89352, 2410]
Tree:
None

Training fitness:
[0.8993200836820083, 0.5878884191600531]
Test fitness:
[0.8989583333333333, 0.5969083377054913]