Generation:
7

Phenotype:
def p():
  x = 0.0
  index = 47
  if abs(sum(main[:-index]) - sum(opposite[:-index])) > 50:
    x = (x + 0.8)
  return x
XXX_output_XXX = p()

Genotype:
[71115, 28426, 15940, 49291, 92815, 65358, 16962, 95551, 97507, 86675, 71942, 70525, 85584, 98889, 40897, 78708, 72307, 489, 20957, 19509, 489, 77765, 19509, 36273, 13020, 82711, 85343, 53123, 57343, 12387, 54634, 1333, 39276, 87638, 38371, 44067, 6734, 73861, 9313, 93070, 55516, 52102, 20746, 3139, 87023, 13283, 12039, 52545, 5200, 26785, 38933, 9256, 97001, 35406, 6008, 74972, 75078, 27212, 56675, 92561, 29758, 12329, 50570, 23425, 40255, 24865, 93066, 99968, 35977, 27643, 72391, 27043, 70890, 63227, 8179, 77098, 16757, 84489, 66112, 94740, 47151, 39883, 96977, 32744, 69852, 13825, 39141, 86762, 26976, 85396, 5873, 34351, 79510, 38069, 86898, 15573, 33655, 13284, 86924, 58113, 77923, 20563, 58423, 95173, 50751, 86703, 45149]
Tree:
None

Fitness:
[0.3707865168539326, 0.4703971841008737]