Generation:
7

Phenotype:
def p():
  x = 0.0
  index = 28
  if abs(sum(main[:-index]) - sum(opposite[:-index])) > 100:
    x = (x - 0.0001)
  return x
XXX_output_XXX = p()

Genotype:
[5508, 20785, 55312, 91474, 96488, 86937, 35704, 56033, 2091, 88281, 84923, 63475, 22195, 17485, 86369, 80178, 13972, 35041, 69801, 96482, 37989, 48064, 12387, 54634, 1333, 39276, 87638, 38371, 44067, 6734, 73861, 9313, 93070, 55516, 52102, 20746, 3139, 87023, 13283, 12039, 52545, 5200, 26785, 38933, 9256, 97001, 35406, 6008, 14423, 48943, 15460, 54511, 99139, 56119, 78660, 55397, 96509, 42052, 29035, 50120, 88783, 35536, 53666, 80884, 15552, 24728, 9892, 93670, 7442, 70920, 36978, 95725, 4443, 41483, 16886, 96679, 92625, 77165, 9284, 85171, 5923, 68379, 50327, 10882, 93115, 75377, 28233, 69031, 75761, 52798, 87036, 28100, 31135]
Tree:
None

Fitness:
[0.03932584269662921, 0.48930437646477626]