Generation:
2

Phenotype:
def p():
  x = 0.0
  index = 19
  n = 33
  b = 40
  c = opposite[b]
  if c < opposite[b] / sum(opposite[-index:]):
    x = 0.5
  index = 1
  n = 39
  b = 35
  c = opposite[b]
  if main[b] + opposite[b] > opposite[b]:
    x = 0.1
  return x
XXX_output_XXX = p()

Genotype:
[72360, 6478, 31629, 55124, 91360, 36897, 47106, 93120, 22786, 92425, 16594, 39397, 24122, 58579, 2822, 15634, 85342, 78501, 66631, 37620, 81067, 73348, 23790, 37464, 91768, 20339, 77215, 68992, 6873, 3628, 69140, 60783, 13834, 97185, 64581, 26966, 9789, 20332, 34260, 31948, 78232, 80785, 83740, 57349, 30513, 89160, 16690, 11720, 57818, 49082, 98221, 54743, 60301, 33239, 46130, 64883, 92582, 61370, 3437, 85227, 55063, 26182, 47175, 4761, 94724, 59521, 68324, 90603, 79844, 66248, 37361, 96058, 8116, 61949, 16063, 71712, 6090, 65596, 68737, 62547, 45674, 12685, 68334, 92021, 14655, 29965, 14177, 76211, 93431, 43591, 84826, 70273, 30304, 81003, 68617, 21819, 8356, 40246, 84540, 79512, 90276, 89722, 3816, 46026, 62375, 44833, 86555, 47025, 831, 49880, 78080, 51080, 43475, 57389, 77977, 56164, 28699, 2916, 16538, 45830, 53922, 13067, 18501, 38218, 26384, 93476, 50349, 46026, 79210, 58780, 64097, 70438, 45894, 16885, 98812, 10292]
Tree:
None

Fitness:
[0.011235955056179775, 0.5027391499960303]