Generation:
2

Phenotype:
def p():
  x = 0.0
  index = 16
  n = 12
  b = 15
  c = main[b]
  if sum(main[:-index]) < main[28] / sum(opposite[:-index]):
    x = (x / 0.2)
  index = 5
  n = 14
  b = 40
  c = sum(main[:-index])
  if opposite[b] < opposite[44] + 6:
    x = (x - 1.0)
  return x
XXX_output_XXX = p()

Genotype:
[35314, 86782, 16281, 9994, 6391, 19624, 23676, 13360, 67437, 80445, 96001, 10368, 20041, 38409, 38518, 93817, 20129, 74720, 64774, 44509, 60378, 53782, 2943, 84024, 1933, 18911, 43024, 18661, 58504, 12721, 37031, 84567, 167, 24332, 94696, 64804, 84153, 11660, 82741, 90914, 64849, 16299, 59459, 38546, 32777, 76499, 25995, 64010, 87284, 53568, 8829, 14111, 65156, 65362, 93314, 95182, 53317, 31407, 16200, 99070, 71329, 11177, 84469, 46912, 47557, 27283, 79328, 86085, 37475, 65757, 21772, 26405, 97368, 66460, 26746, 62509, 74447, 71690, 48607, 28646, 67474, 63419, 7590, 10429, 4482, 3706, 23763, 26089, 87852, 76221, 71105, 29266, 65998, 47136, 37373, 57651, 19561, 42477, 3239, 54791, 76403, 81433, 6391, 27816, 65085, 79943, 10498, 94517, 56824, 86183, 75555, 33010, 23707, 46561, 88764, 55441, 7591, 67082, 78931, 2817, 55143, 5157, 14486, 39625, 19760, 10556, 65373, 59540, 54517, 64489, 39704, 86311, 58446, 76176]
Tree:
None

Fitness:
[0.016853932584269662, 0.49808935833610235]