Generation:
60

Phenotype:
def p():
  x = 0.0
  index = 40
  n = 32
  b = 42
  c = main[50]
  if main[17] > main[b] + 6:
    x = (x + 0.7)
  return x
XXX_output_XXX = p()

Genotype:
[71119, 20161, 4328, 81321, 7231, 33971, 12017, 95643, 69096, 83200, 7, 95618, 38096, 10258, 66058, 34493, 79736, 43136, 69101, 7466, 76898, 71540, 96168, 53122, 30297, 5754, 19816, 2490, 78536, 43127, 48770, 91717, 63361, 50275, 11121, 48655, 50695, 95210, 27322, 55627, 98027, 50657, 88803, 43858, 98917, 62664, 43136, 69101, 98701, 45617, 9415, 43276, 52121, 17883, 99011, 81722, 55154, 64574, 78785, 29281, 33520, 1218, 41332, 13177, 55773, 3864, 25937, 39259, 58152, 35945, 27056, 18814, 34615, 20733, 49584, 26094, 9723, 83611, 5893, 94092, 99920, 29840, 23833, 2445, 32810, 78726, 46495]
Tree:
None

Fitness:
[0.41631799163179917, 0.5070876605663569]