Generation:
60

Phenotype:
def p():
  x = 0.0
  index = 49
  n = 48
  b = 42
  c = sum(opposite[:-index])
  if main[17] > main[b] + 6:
    x = (x + 0.7)
  return x
XXX_output_XXX = p()

Genotype:
[35290, 91268, 78896, 58897, 26314, 54264, 15603, 85142, 69096, 53236, 3606, 98027, 25403, 88803, 43858, 34493, 62664, 43136, 69101, 93986, 97600, 71123, 63433, 45003, 90804, 10837, 96168, 44338, 85149, 6654, 72203, 2490, 78536, 96554, 50760, 91717, 91891, 81415, 70509, 52465, 7021, 36205, 82359, 55974, 53485, 92304, 8944, 24779, 7840, 20369, 97970, 61448, 39175, 48400, 13464, 69078, 72398, 43040, 34822, 41062, 58417, 47917, 89053, 14398, 51916, 36671, 451, 8541, 56572, 42613, 7163, 66980, 40139, 84175, 9656, 30958, 54030, 54001, 73312, 27276, 42959, 23923, 11357, 64666, 68271, 74844, 27854, 8846, 89986, 76996, 99699, 65839, 96598, 18872, 9974]
Tree:
None

Fitness:
[0.41631799163179917, 0.5070876605663569]