Generation:
60

Phenotype:
def p():
  x = 0.0
  index = 44
  n = 32
  b = 42
  c = sum(opposite[-index:])
  if main[17] > main[b] + 6:
    x = (x + 0.9)
  return x
XXX_output_XXX = p()

Genotype:
[60734, 21087, 41368, 86934, 63437, 33971, 12017, 9845, 69096, 85020, 55959, 18329, 29342, 34473, 39902, 34493, 37488, 43136, 33956, 75208, 83792, 59500, 94852, 52973, 54621, 86370, 60399, 35641, 95102, 51488, 35970, 82987, 36769, 49527, 63433, 52438, 5365, 1203, 80385, 61886, 85149, 60736, 42339, 17883, 38370, 7062, 93443, 25147, 99127, 22455, 49599, 25290, 6333, 54917, 81849, 43457, 51152, 405, 78492, 70897, 92141, 13302, 30716, 56440, 5758, 74832, 88053, 73882, 90976, 22869, 31109, 34056, 29176, 93684, 83999, 13177, 11702, 3864, 61238, 39259, 58152, 35945, 57545, 18814, 34615, 20733, 49584, 26094, 9723, 4389, 26034, 94092, 350, 29840, 23833, 2445, 32810, 78726, 46495]
Tree:
None

Fitness:
[0.41631799163179917, 0.5070876605663569]