Generation:
60

Phenotype:
def p():
  x = 0.0
  index = 44
  n = 44
  b = 42
  c = opposite[15]
  if main[17] > opposite[b] + 6:
    x = (x + 0.6)
  return x
XXX_output_XXX = p()

Genotype:
[33971, 85754, 28272, 11427, 43088, 56942, 43598, 16073, 69096, 87716, 67672, 51563, 76005, 88803, 43858, 34493, 58981, 43136, 69101, 43635, 80721, 41567, 25147, 99127, 22455, 49599, 25290, 6333, 54917, 81849, 43457, 51152, 405, 78492, 70897, 92141, 13302, 30716, 56440, 5758, 74832, 88053, 73882, 90976, 22869, 31109, 34056, 29176, 93684, 83999, 13177, 11702, 3864, 61238, 39259, 58152, 35945, 57545, 18814, 34615, 20733, 49584, 26094, 9723, 4389, 26034, 94092, 350, 29840, 23833, 2445, 32810, 78726, 46495]
Tree:
None

Fitness:
[0.41631799163179917, 0.5070876605663569]