Generation:
60

Phenotype:
def p():
  x = 0.0
  index = 1
  n = 47
  b = 42
  c = sum(main[:-index])
  if main[17] > opposite[b] + 6:
    x = (x + 0.9)
  index = 42
  n = 15
  b = 20
  c = sum(main[:-index])
  if main[b] > main[47] + 7:
    x = (x / 0.6)
  return x
XXX_output_XXX = p()

Genotype:
[63905, 41316, 98553, 4076, 8569, 59346, 21875, 5851, 69096, 73592, 93960, 40758, 32677, 88803, 69634, 34493, 59333, 43136, 69101, 70598, 6824, 91154, 33957, 39676, 81666, 74718, 44390, 90223, 96168, 53122, 9003, 22698, 19816, 2490, 78536, 43127, 59254, 90435, 32288, 90586, 11121, 48655, 50695, 95210, 27322, 55627, 98027, 50657, 88803, 75606, 98917, 62664, 43136, 69101, 98701, 71417, 9415, 43276, 52121, 17883, 99011, 97425, 55154, 64574, 78785, 98389, 33520, 1218, 41332, 85149, 60736, 12632, 34183, 38370, 7062, 93443, 25147, 99127, 22455, 55351, 61577, 6333, 54917, 81849, 43457, 51152, 405, 78492, 70897, 92141, 13302, 30716, 56440, 5758, 74832, 88053, 73882, 90976, 22869, 31109, 34056, 29176, 93684, 83999, 13177, 11702, 3864, 61238, 39259, 58152, 35945, 57545, 18814, 34615, 20733, 49584, 26094, 9723, 4389, 26034, 94092, 350, 29840, 23833, 2445, 32810, 78726, 46495]
Tree:
None

Fitness:
[0.41631799163179917, 0.5070876605663569]