Generation:
60

Phenotype:
def p():
  x = 0.0
  index = 25
  n = 12
  b = 42
  c = sum(main[-index:])
  if main[17] > opposite[b] + 6:
    x = 0.3
  return x
XXX_output_XXX = p()

Genotype:
[22011, 83741, 24840, 90066, 23383, 59987, 97881, 21071, 69096, 32115, 5985, 40758, 41856, 11968, 38418, 34493, 95997, 43136, 30815, 81492, 52644, 36246, 91717, 78785, 83206, 39130, 21622, 836, 21803, 25147, 9241, 22455, 49599, 25290, 6333, 54917, 81849, 43457, 51152, 405, 3586, 70897, 39670, 13302, 30716, 56440, 5758, 74832, 88053, 73882, 90976, 22869, 31109, 34056, 29176, 93684, 83999, 13177, 11702, 3864, 61238, 39259, 58152, 35945, 57545, 18814, 34615, 20733, 49584, 26094, 9723, 4389, 26034, 94092, 350, 29840, 23833, 2445, 32810, 78726, 46495]
Tree:
None

Fitness:
[0.41631799163179917, 0.5070876605663569]