Generation:
60

Phenotype:
def p():
  x = 0.0
  index = 13
  n = 24
  b = 42
  c = sum(opposite[:-index])
  if main[17] > main[b] + 6:
    x = (x + 0.8)
  index = 17
  n = 48
  b = 20
  c = main[24]
  if sum(main[-index:]) + sum(main[-index:]) < sum(main[:-index]):
    x = (x * 0.7)
  return x
XXX_output_XXX = p()

Genotype:
[69240, 37588, 6077, 41875, 96301, 33971, 82134, 78721, 69096, 83376, 10494, 92561, 63607, 76923, 43858, 34493, 62664, 43136, 69101, 64517, 34840, 70364, 13838, 41690, 60330, 93985, 56273, 83533, 51034, 53050, 36183, 32461, 53702, 60274, 19038, 46706, 71152, 25652, 58212, 8090, 65348, 83013, 11232, 93322, 67487, 19238, 28366, 40523, 69096, 88469, 10494, 69072, 51095, 76923, 43858, 34493, 55289, 62765, 77751, 82485, 83792, 33114, 96345, 63284, 69512, 40378, 49023, 74567, 48322, 30190, 22398, 8623, 87747, 64733, 26691, 84161, 65444, 42451, 35823, 16635, 87154, 14221, 60847, 34060, 76419, 5536, 34493, 62664, 43136, 7396, 30937, 77831, 34323, 96345, 60736, 90366, 27614, 27690, 89614, 29034, 9511, 20983, 18501, 51322, 22350, 31834, 3647, 44416, 48102, 16582, 5856, 85080, 70492, 52107, 91095, 1787, 43039, 91951, 99600, 98673, 88690, 48528, 56933, 83705, 21534, 17283, 66502, 93066, 39556, 99378, 20197, 17840, 2440, 27017, 80474, 59381, 88778, 72072, 21489, 69257, 67098, 86475, 25299, 39838, 79093, 16622]
Tree:
None

Fitness:
[0.41631799163179917, 0.5070876605663569]