Generation:
60

Phenotype:
def p():
  x = 0.0
  index = 0
  n = 5
  b = 42
  c = opposite[7]
  if main[17] > main[b] + 6:
    x = 0.5
  index = 31
  n = 14
  b = 2
  c = sum(main[-index:])
  if main[49] < sum(opposite[-index:]):
    x = (x + 0.7)
  return x
XXX_output_XXX = p()

Genotype:
[85133, 37588, 36229, 89409, 57120, 93695, 48455, 9534, 64914, 32991, 67672, 66795, 14134, 77358, 48034, 34493, 62664, 3216, 90680, 63454, 61376, 70935, 3601, 17814, 34592, 15735, 42536, 52562, 94452, 91392, 69096, 70401, 80839, 40758, 69307, 77443, 13530, 34493, 39712, 81991, 54286, 80488, 14020, 30808, 27249, 28697, 3807, 52297, 92985, 19102, 79035, 2556, 14745, 84528, 24513, 79417, 44416, 2520, 16582, 44068, 55710, 35968, 48652, 37735, 63379, 18590, 28670, 69096, 48744, 68730, 78396, 18138, 88803, 43858, 34493, 74557, 43136, 69101, 19627, 84168, 44908, 55711, 79956, 73433, 29626, 15138, 25867, 78611, 47699, 96465, 84911, 81758, 98463, 95033, 96832, 76262, 48638, 92728, 92342, 34493, 99367, 43136, 69101, 19627, 90462, 69101, 19627, 22164, 22416, 99185, 53011, 19286, 69328, 48945, 4145, 49354, 25704, 52257, 32019, 88015, 82233, 82564, 8005, 84585, 37466, 33449, 91759, 89192, 45168, 84073, 34476, 29378, 5493, 98152, 42277, 34636, 50445, 975, 15894, 79741, 28774, 8449, 5078, 37118, 29443, 92254, 89935, 4138, 28452, 5800, 82740, 98293, 52385, 54847, 81666, 76380, 4121, 59454, 16831, 34853, 17961, 909, 1820, 78842, 92598, 32261, 77993, 44461, 93603, 88991, 10740, 94243, 18288, 57369, 69137, 16800, 84814, 11971, 18066, 79772, 28988, 21614, 75175, 2927, 3870, 85863, 70431, 82180, 57496, 27679, 36781, 11093, 22034, 32307, 5785, 50266, 74995, 39985, 93705, 6484, 79700, 70165, 16830, 18935, 93153, 96624, 30877, 66371, 62709, 82105, 43398, 46195, 17133, 10675, 12839, 65240, 9608, 31894, 58379, 87680]
Tree:
None

Fitness:
[0.41631799163179917, 0.5070876605663569]