Generation:
60

Phenotype:
def p():
  x = 0.0
  index = 13
  n = 20
  b = 42
  c = opposite[30]
  if main[17] > opposite[b] + 6:
    x = 0.1
  return x
XXX_output_XXX = p()

Genotype:
[12262, 37406, 21208, 10710, 91456, 33971, 87536, 1550, 69096, 82954, 67672, 32419, 59445, 88803, 42726, 34493, 47437, 59406, 54420, 59670, 6015, 89472, 38173, 17177, 21562, 88456, 55393, 97665, 94964, 78102, 24992, 24998, 69096, 87716, 67672, 47922, 76005, 88803, 43858, 34493, 59333, 43136, 69101, 19627, 83792, 26555, 96345, 60736, 26481, 52249, 21427, 3406, 99409, 9511, 13299, 41804, 78731, 3483, 66729, 78921, 29034, 91316, 35465, 51676, 92496, 69361, 46172, 50698, 67284, 76231, 44109, 62786, 59442, 93657, 14739, 56821, 69628, 83455, 48947, 51076, 2467, 99120, 78390, 19824, 57631, 77152]
Tree:
None

Fitness:
[0.41631799163179917, 0.5070876605663569]