Generation:
60

Phenotype:
def p():
  x = 0.0
  index = 24
  n = 49
  b = 42
  c = sum(main[-index:])
  if main[17] > main[b] + 6:
    x = (x + 0.6)
  return x
XXX_output_XXX = p()

Genotype:
[62916, 76036, 64632, 82847, 84735, 87623, 40900, 10106, 69096, 70401, 72405, 40758, 0, 88803, 15994, 34493, 71848, 43136, 74466, 91525, 69096, 86657, 32292, 78756, 78536, 96554, 74256, 39607, 78785, 2089, 57258, 45979, 31381, 52917, 61088, 34379, 24829, 74542, 15927, 93615, 63203, 55858, 13259, 97576, 25135, 76454, 47726, 80101, 57840, 60083, 53467, 23399, 17485, 36462, 33878, 56509, 45868, 85389, 81426, 84062, 10884, 84814, 11971, 88951, 79772, 46726, 21614, 75175, 2927, 63298, 85863, 70431, 82180, 29516, 98937, 36781, 11093, 86186, 32307, 5785, 50266, 74995, 39985, 93705, 6484, 79700, 70165, 16830, 18935, 18248, 63514, 30877, 66371, 46017, 82105, 43398, 46195, 17133, 10675, 12839, 65240, 9608, 31894, 58379, 84692]
Tree:
None

Fitness:
[0.41631799163179917, 0.5070876605663569]