Generation:
60

Phenotype:
def p():
  x = 0.0
  index = 37
  n = 35
  b = 42
  c = opposite[28]
  if main[17] > opposite[b] + 6:
    x = 0.5
  return x
XXX_output_XXX = p()

Genotype:
[34141, 69289, 85336, 34561, 38185, 69924, 22475, 31594, 79041, 36052, 56569, 3151, 67552, 29523, 92342, 34493, 17449, 43136, 74245, 79624, 47733, 86708, 34627, 11472, 26691, 76929, 65444, 42451, 35823, 16635, 87154, 14221, 60847, 34060, 76419, 47090, 34493, 62664, 43136, 7396, 30937, 77831, 34323, 96345, 60736, 90366, 27614, 27690, 89614, 29034, 9511, 20983, 18501, 51322, 22350, 31834, 3647, 44416, 48102, 16582, 5856, 85080, 70492, 52107, 91095, 1787, 43039, 91951, 99600, 98673, 88690, 48528, 56933, 83705, 21534, 17283, 66502, 93066, 39556, 99378, 20197, 17840, 2440, 27017, 80474, 59381, 88778, 72072, 21489, 69257, 67098, 86475, 25299, 39838, 79093, 16622]
Tree:
None

Fitness:
[0.41631799163179917, 0.5070876605663569]