Generation:
60

Phenotype:
def p():
  x = 0.0
  index = 46
  n = 31
  b = 42
  c = sum(opposite[-index:])
  if main[17] > opposite[b] + 6:
    x = (x + 0.8)
  return x
XXX_output_XXX = p()

Genotype:
[61597, 14851, 4324, 9470, 37735, 66828, 73267, 10602, 69096, 31173, 81276, 98855, 85454, 81083, 96766, 34493, 74557, 43136, 69101, 19627, 84168, 41970, 55711, 14230, 73433, 43935, 61663, 51558, 17992, 11968, 43858, 34493, 1190, 69801, 40758, 196, 85149, 60736, 51403, 17883, 38370, 7062, 93443, 25147, 99127, 22455, 49599, 25290, 6333, 54917, 81849, 43457, 51152, 405, 78492, 70897, 92141, 13302, 30716, 56440, 5758, 74832, 88053, 73882, 90976, 22869, 31109, 34056, 29176, 93684, 83999, 13177, 11702, 3864, 61238, 39259, 58152, 35945, 57545, 18814, 34615, 20733, 49584, 26094, 9723, 4389, 26034, 94092, 350, 29840, 23833, 2445, 32810, 78726, 46495]
Tree:
None

Fitness:
[0.41631799163179917, 0.5070876605663569]