Generation:
60

Phenotype:
def p():
  x = 0.0
  index = 37
  n = 40
  b = 42
  c = main[15]
  if main[17] > main[b] + 6:
    x = 1.0
  return x
XXX_output_XXX = p()

Genotype:
[34673, 19392, 57536, 48228, 88879, 18511, 85618, 47422, 69096, 90885, 67672, 40758, 76005, 38238, 43858, 34493, 62664, 43136, 20310, 69289, 82316, 71123, 66895, 11375, 90863, 77630, 96168, 61559, 69811, 50817, 35714, 2490, 78536, 20375, 10393, 91717, 63361, 63838, 43858, 34493, 62664, 43136, 69101, 41701, 57848, 73141, 39130, 78071, 30195, 21803, 26652, 81523, 97449, 46765, 41595, 91052, 87676, 16393, 1449, 35601, 23511, 66528, 54324, 5674, 83927, 96305, 78815, 93311, 4858, 70602, 87897, 70977, 16049, 2500, 17727, 73238, 35891, 24353, 93186, 10032, 24239, 86644, 6982, 7332, 36530, 85466, 59284, 7643, 22590, 51720, 18813, 93625, 20808, 2749, 44218, 12874, 51054, 22431, 30464, 82167, 24501, 16287, 60410, 53253, 56387, 25081, 80781, 8994, 15273, 24219, 24253, 9046, 54744, 65248, 11048, 11857, 84630, 5125, 86012, 91504, 48777, 1421, 83374, 48507, 23049, 67843, 41518, 92459, 69834, 30729, 85464, 19111, 22525, 97857, 5662, 90828]
Tree:
None

Fitness:
[0.41631799163179917, 0.5070876605663569]