Generation:
60

Phenotype:
def p():
  x = 0.0
  index = 25
  n = 42
  b = 29
  c = sum(opposite[:-index])
  if main[17] > main[b] + 6:
    x = (x + 0.8)
  index = 8
  n = 8
  b = 27
  c = main[b]
  if c > opposite[b]:
    x = (x - 0.5)
  return x
XXX_output_XXX = p()

Genotype:
[61597, 42449, 5425, 81801, 55717, 14165, 67668, 51050, 24866, 59866, 79497, 48809, 76005, 88803, 43858, 34493, 62664, 43136, 69101, 71957, 22164, 22416, 39737, 4119, 19286, 48061, 15735, 56159, 60400, 25704, 93877, 56904, 88015, 82233, 36617, 4384, 34493, 34493, 59333, 43136, 69101, 70598, 83792, 26555, 51013, 39676, 81666, 61151, 44390, 50945, 72154, 10374, 17961, 59410, 77006, 31036, 13342, 17789, 97863, 91695, 92219, 13785, 40917, 21318, 61684, 17541, 60661, 90170, 45173, 30111, 35839, 828, 48158, 39902, 34493, 44072, 63974, 33956, 49190, 83792, 59500, 50730, 52973, 26601, 54097, 60399, 35641, 95102, 51488, 89581, 21697, 27220, 21520, 86922, 51029, 13344, 52552, 86132, 13151, 91289, 49090, 7149, 16214, 30796, 63091, 71963, 12430, 70509, 52465, 7021, 41273, 82359, 55974, 53485, 92304, 8944, 24779, 7840, 20369, 97970, 61448, 39175, 48400, 13464, 69078, 72398, 43040, 34822, 41062, 58417, 47917, 89053, 14398, 51916, 36671, 451, 8541, 56572, 42613, 7163, 66980, 40139, 84175, 9656, 30958, 54030, 54001, 73312, 27276, 42959, 23923, 11357, 64666, 68271, 74844, 27854, 8846, 89986, 76996, 99699, 65839, 96598, 18872, 9974]
Tree:
None

Fitness:
[0.41631799163179917, 0.5070876605663569]