Generation:
60

Phenotype:
def p():
  x = 0.0
  index = 0
  n = 4
  b = 42
  c = main[15]
  if main[17] > main[b] + 6:
    x = 1.0
  index = 48
  n = 45
  b = 47
  c = sum(main[:-index])
  if main[22] > main[b] + 0:
    x = (x - 0.8)
  return x
XXX_output_XXX = p()

Genotype:
[61597, 37588, 18697, 54262, 57120, 48211, 13672, 80971, 69096, 77394, 33904, 72506, 76005, 44933, 43858, 34493, 62664, 43136, 90680, 89779, 61376, 81522, 15756, 33782, 90366, 69351, 69101, 89805, 49638, 59524, 27463, 59328, 63294, 29908, 80880, 75810, 9452, 99197, 91617, 52984, 15547, 52605, 51801, 16177, 92104, 3369, 24938, 70630, 16, 33542, 59372, 22828, 67555, 67390, 56544, 25155, 29257, 39511, 5946, 3452, 35545, 92338, 5459, 51286, 85502, 56262, 24878, 69893, 31547, 98429, 53932, 33, 6295, 63956, 72744, 99006, 58182, 46150, 90982, 77509, 31922, 30545, 88055, 86863, 12502, 18092, 99996, 52978, 80214, 64522, 24544, 87819, 42070, 17621, 50, 67952, 35062, 21164, 11140, 87916, 9590, 57569, 56281, 3222, 93338, 9489, 48008, 40609, 91732, 22639, 17293, 10308, 99407, 19440, 17920, 87839, 29837, 34114, 62951, 3950, 85293, 25322, 25477, 35710, 41454, 49577, 58993, 40813, 96544, 60920, 35956, 75697, 32604, 41286, 99191, 4021, 85452, 37389, 23016, 78567, 8886, 71219, 87206, 45956, 36647, 53947, 33305, 44930, 72920, 2932, 95950, 12733, 13992, 17640, 21576, 86321, 81701, 1998, 49922, 39790, 92922, 81284, 57022, 47374, 40885, 45674, 16819, 4398, 35620, 10239, 66414, 60530, 1603, 24675, 1584, 23245, 46547, 96487, 44995, 46963, 60042, 57900, 69441, 94918, 95006, 89057, 52638, 18888, 68785, 74407, 75877, 60236, 46793, 13432, 49966, 47697, 45821, 74993, 69666, 21316, 32735, 30228, 81189, 12730, 63708, 35173, 22553, 30293, 93426, 63772, 45702]
Tree:
None

Fitness:
[0.41631799163179917, 0.5070876605663569]