Generation:
60

Phenotype:
def p():
  x = 0.0
  index = 1
  n = 7
  b = 25
  c = sum(main[:-index])
  if opposite[17] > opposite[b] + 6:
    x = (x + 0.9)
  index = 13
  n = 15
  b = 20
  c = sum(main[-index:])
  if main[17] > main[b] + 6:
    x = (x + 0.8)
  return x
XXX_output_XXX = p()

Genotype:
[88595, 85794, 36777, 4076, 8569, 5296, 7198, 5851, 43834, 94655, 93960, 39580, 42629, 88803, 54987, 34493, 59333, 43136, 69101, 70598, 83792, 26555, 51013, 39676, 81666, 61151, 44390, 50945, 49482, 40758, 77388, 78498, 43858, 34493, 46472, 43136, 66151, 33887, 83792, 9415, 90715, 60736, 90366, 54596, 27690, 81467, 52064, 38087, 16200, 4278, 91095, 79126, 40758, 34151, 99408, 65333, 34493, 51304, 68581, 69101, 13945, 17991, 95144, 62401, 60001, 20486, 76440, 23422, 37589, 75772, 72829, 53582, 2592, 72121, 18030, 2166, 20587, 24424, 72415, 7617, 17858, 53122, 5314, 43935, 98803, 27884, 86785, 65332, 67153, 86681, 68641, 36700, 15590, 29102, 12132, 46333, 23896, 38851, 56907, 70856, 81512, 17422, 99849, 53348, 65218, 60564, 77737, 4216, 70627, 3119, 12073, 16122, 62355, 17742, 49811, 30214, 61346, 14817, 94345, 3720, 29410, 95809, 5512, 46392, 61591, 93827, 75335, 76722, 16117, 96001, 603, 67760, 83028, 79996, 63918, 78253, 75620, 34642, 13927, 18898, 67158, 91907, 35792, 31142, 22708, 11319, 78576, 88566, 75058, 24148, 38028, 20533, 27611, 23644, 57961]
Tree:
None

Fitness:
[0.4168410041841004, 0.5066959136415669]