Generation:
60

Phenotype:
def p():
  x = 0.0
  index = 1
  n = 47
  b = 25
  c = sum(opposite[:-index])
  if opposite[17] > opposite[b] + 6:
    x = (x + 0.9)
  return x
XXX_output_XXX = p()

Genotype:
[74586, 85794, 69988, 4076, 8569, 59346, 21875, 5851, 43834, 94655, 93960, 47515, 42629, 88803, 54987, 34493, 59333, 43136, 61646, 70598, 83792, 26555, 51013, 58567, 81666, 61151, 76487, 50945, 72154, 10374, 17961, 59410, 77006, 83891, 72497, 83388, 93783, 66939, 61559, 69811, 5754, 55726, 36460, 25948, 96554, 67506, 49047, 63361, 7191, 85336, 37457, 63433, 89620, 35467, 43444, 35744, 8952, 85149, 37838, 35714, 2490, 78536, 96554, 55154, 91717, 79501, 637, 28862, 76454, 47726, 42953, 40776, 74589, 64647, 27993, 17485, 44647, 33878, 56509, 53136, 85389, 81426, 84062, 10884, 9442, 7547, 84598, 54230, 75013, 10645, 43757, 26951, 23849, 45841, 48930, 13745, 17199]
Tree:
None

Fitness:
[0.4168410041841004, 0.5066959136415669]