Generation:
60

Phenotype:
def p():
  x = 0.0
  index = 23
  n = 24
  b = 42
  c = sum(main[-index:])
  if opposite[30] > main[b] + 6:
    x = 0.9
  return x
XXX_output_XXX = p()

Genotype:
[55246, 92596, 79660, 79474, 8693, 45084, 82134, 78721, 69096, 83376, 85482, 98002, 38976, 76923, 2091, 27570, 62664, 43136, 47345, 66278, 21825, 10149, 52726, 35714, 45125, 34740, 50356, 55154, 91717, 78785, 26538, 59972, 27320, 2490, 78536, 96554, 55154, 91717, 63361, 50532, 33520, 24321, 31381, 62014, 51940, 12698, 24829, 74542, 15927, 93615, 28617, 13644, 13259, 39102, 9072, 76454, 47726, 42953, 40776, 60083, 47999, 27993, 17485, 36462, 33878, 56509, 14353, 85389, 81426, 84062, 10884, 9442, 99010, 24097, 54230, 75013, 21924, 44839, 26951, 35061, 17703, 76018, 94027, 17199]
Tree:
None

Fitness:
[0.42076359832635984, 0.5061748485491219]