Generation:
60

Phenotype:
def p():
  x = 0.0
  index = 0
  n = 38
  b = 1
  c = sum(main[-index:])
  if main[17] > main[b] + 6:
    x = (x + 0.2)
  return x
XXX_output_XXX = p()

Genotype:
[41203, 8960, 11432, 7699, 57120, 82994, 10187, 1872, 39220, 31595, 59751, 6542, 77388, 88803, 43858, 34493, 62664, 43136, 2556, 2231, 47783, 24513, 16491, 5566, 23484, 63074, 28505, 13867, 74393, 48369, 44439, 26885, 85076, 19102, 18983, 2556, 14745, 82182, 82873, 79417, 44416, 2520, 16582, 60070, 68138, 96361, 97564, 58539, 6238, 70812, 84332, 11810, 21652, 26880, 58745, 84975, 43515, 83375, 26691, 68512, 60082, 71492, 35823, 51923, 87154, 2904, 60847, 62686, 55256, 31558, 38316, 56962, 15179, 80783, 18858, 22080, 80512, 62673, 59475, 24650, 75522, 6963, 30333, 60441, 8512, 18600, 24005, 98315, 38923, 47261, 60964, 15480, 3646, 83316, 66891, 2508, 50040, 4785, 84261, 67296, 56927, 20568, 66925, 84186, 75441, 69757, 56470, 52389, 4068, 98104, 47136, 53354, 15597, 26118, 16942, 88289, 11776, 57552, 87412, 32387, 25571, 34368, 27026, 99863, 35449, 52719, 44686, 50803, 10657, 87198, 84301, 18184, 87585, 2625, 15134, 9984, 18243, 86466, 52339, 5243, 18406, 18452, 50921, 76752, 40255, 10939, 37404, 70713, 63377, 62638, 35452, 96028, 79393, 57720, 5484, 21855, 13474, 21816, 37404, 61759, 4861, 42004, 39758, 11463, 61152, 64861, 78076, 71398, 49447, 82336, 59702, 47177, 92552, 44308, 86938, 51072, 71503, 20252, 79516, 68529, 34389, 21698, 82508, 16296, 33020, 24529, 91254, 99268, 53556]
Tree:
None

Fitness:
[0.42076359832635984, 0.5061748485491219]