Generation:
60

Phenotype:
def p():
  x = 0.0
  index = 23
  n = 45
  b = 27
  c = opposite[49]
  if main[17] > main[b] + 6:
    x = (x + 0.8)
  index = 28
  n = 45
  b = 48
  c = opposite[9] - opposite[b]
  if opposite[b] < opposite[13] + 7:
    x = (x / 0.9)
  return x
XXX_output_XXX = p()

Genotype:
[7497, 82434, 5425, 66666, 23993, 16723, 59715, 91525, 98049, 20126, 36328, 97911, 32230, 88803, 43858, 34493, 62664, 43136, 69101, 33887, 83792, 25237, 69439, 565, 90366, 72096, 27690, 76007, 52064, 14563, 4285, 52107, 91095, 14581, 41362, 20513, 75484, 45549, 98999, 39691, 66087, 5314, 95998, 16224, 73705, 90785, 92820, 76597, 76005, 89098, 43858, 34493, 62664, 43136, 69101, 19627, 22164, 31678, 82711, 46735, 84332, 70311, 21652, 26880, 77778, 61663, 43515, 83375, 26691, 68512, 60082, 29041, 25668, 49711, 87154, 2904, 42837, 62686, 97637, 31558, 38316, 56962, 15179, 80783, 18858, 22080, 80512, 62673, 59475, 24650, 75522, 6963, 30333, 60441, 8512, 18600, 24005, 98315, 38923, 47261, 60964, 15480, 3646, 83316, 66891, 2508, 50040, 4785, 84261, 67296, 56927, 20568, 66925, 84186, 75441, 69757, 56470, 52389, 4068, 98104, 47136, 53354, 15597, 26118, 16942, 88289, 11776, 57552, 87412, 32387, 25571, 34368, 27026, 99863, 35449, 52719, 44686, 50803, 10657, 87198, 84301, 18184, 87585, 2625, 15134, 9984, 18243, 86466, 52339, 5243, 18406, 18452, 50921, 76752, 40255, 10939, 37404, 70713, 63377, 62638, 35452, 96028, 79393, 57720, 5484, 21855, 13474, 21816, 37404, 61759, 4861, 42004, 39758, 11463, 61152, 64861, 78076, 71398, 49447, 82336, 59702, 47177, 92552, 44308, 86938, 51072, 71503, 20252, 79516, 68529, 34389, 21698, 82508, 16296, 33020, 24529, 91254, 99268, 53556]
Tree:
None

Fitness:
[0.42076359832635984, 0.5061748485491219]