Generation:
60

Phenotype:
def p():
  x = 0.0
  index = 2
  n = 45
  b = 1
  c = opposite[27]
  if main[17] > main[b] + 6:
    x = (x + 0.7)
  return x
XXX_output_XXX = p()

Genotype:
[59487, 16991, 42356, 28073, 13058, 48053, 59715, 53031, 39220, 52427, 65065, 64531, 4515, 88803, 43858, 34493, 10788, 43136, 69101, 4846, 83792, 40399, 14194, 54915, 24435, 2490, 78536, 96554, 98302, 16727, 63361, 96554, 44416, 2520, 12017, 45724, 76608, 15106, 15672, 49142, 88110, 59350, 86126, 76365, 82659, 2187, 69811, 5754, 18111, 2490, 78536, 96554, 67506, 91717, 63361, 80038, 85110, 94323, 16625, 88803, 92342, 34493, 62664, 43136, 69101, 19627, 93647, 8125, 85867, 93061, 45191, 24028, 51692, 31205, 65979, 93774, 93720, 44889, 4343, 56895, 71381]
Tree:
None

Fitness:
[0.42076359832635984, 0.5061748485491219]