Generation:
60

Phenotype:
def p():
  x = 0.0
  index = 0
  n = 38
  b = 1
  c = main[21]
  if main[17] > main[b] + 6:
    x = (x + 0.8)
  return x
XXX_output_XXX = p()

Genotype:
[41203, 8960, 11432, 7699, 57120, 56920, 10187, 91525, 39220, 31595, 36328, 6542, 77388, 88803, 43858, 34493, 62664, 43136, 69101, 33887, 69945, 12586, 39255, 21814, 47345, 85176, 61559, 69811, 5754, 35714, 2490, 78536, 96554, 55154, 91717, 63361, 14221, 60847, 62686, 68972, 85076, 19102, 79035, 2556, 14745, 84528, 24513, 79417, 44416, 2520, 16582, 44068, 20219, 70492, 52107, 91095, 1787, 43039, 91951, 99600, 98673, 88690, 48528, 56933, 83705, 21534, 17283, 66502, 93066, 39556, 99378, 20197, 17840, 2440, 27017, 80474, 59381, 88778, 72072, 21489, 69257, 67098, 86475, 25299, 39838, 79093, 16622]
Tree:
None

Fitness:
[0.42076359832635984, 0.5061748485491219]