Generation:
60

Phenotype:
def p():
  x = 0.0
  index = 40
  n = 19
  b = 24
  c = sum(opposite[-index:])
  if main[24] > opposite[4] + 7:
    x = (x + 0.3)
  return x
XXX_output_XXX = p()

Genotype:
[10826, 84496, 85336, 36467, 63433, 52438, 79120, 1203, 46383, 61886, 85149, 16437, 69068, 34183, 38370, 7062, 93443, 25147, 63047, 87716, 67672, 28517, 76005, 50388, 66894, 34493, 62664, 43136, 47410, 56273, 83533, 4360, 53050, 36183, 32461, 4382, 60274, 19038, 46706, 71152, 14990, 58212, 86584, 65348, 69101, 19627, 83792, 9415, 10912, 7838, 90366, 17883, 85261, 3406, 73141, 3907, 65747, 95353, 21803, 69096, 87716, 63470, 40758, 25365, 67023, 15639, 34493, 62664, 43136, 8110, 19627, 22164, 28431, 88770, 60736, 90366, 10113, 93360, 98463, 90598, 96832, 70446, 45091, 95214, 76884, 72601, 95720, 79277, 88128, 82360, 99603, 17107, 2077, 16411, 3561, 84385, 78359, 5580, 69512, 57625, 72765, 74567, 1032, 75550, 91359, 32461, 4382, 46388, 19038, 58786, 33258, 14990, 58212, 86584, 65348, 38335, 90177, 43279, 38745, 28107, 57745, 55955, 63073, 84260, 45705, 32181, 43856, 6094, 78436, 60597, 40106, 91835, 82800, 76596, 97583, 7501, 84160, 29745, 27442, 35719, 33961, 45056, 92881, 94344, 59310, 84446, 20584, 47419, 57453, 1888, 88896, 6551, 84404, 2525]
Tree:
None

Fitness:
[0.4212866108786611, 0.5060444029047081]