Generation:
60

Phenotype:
def p():
  x = 0.0
  index = 45
  n = 19
  b = 32
  c = sum(main[:-index])
  if main[24] > opposite[4] + 7:
    x = (x + 0.7)
  return x
XXX_output_XXX = p()

Genotype:
[10826, 84867, 85336, 71123, 96231, 52438, 79120, 1203, 68015, 61886, 85149, 60736, 37731, 34183, 38370, 7062, 93443, 25147, 15937, 11741, 90366, 33632, 55154, 91717, 63361, 2089, 33520, 26613, 5425, 48652, 31065, 23563, 66081, 26927, 82069, 87716, 65743, 5810, 92225, 88803, 23541, 65374, 97993, 43136, 33040, 78659, 24728, 94343, 96345, 12157, 90366, 99860, 5178, 76051, 46459, 86258, 14520, 19904, 13186, 57609, 81775, 96446, 27395, 44307, 39130, 58154, 836, 21803, 25147, 9241, 22455, 49599, 25290, 6333, 54917, 81849, 43457, 51152, 405, 3586, 70897, 39670, 13302, 30716, 56440, 5758, 74832, 88053, 73882, 90976, 22869, 31109, 34056, 29176, 93684, 83999, 13177, 11702, 3864, 61238, 39259, 58152, 35945, 57545, 18814, 34615, 20733, 49584, 26094, 9723, 4389, 26034, 94092, 350, 29840, 23833, 2445, 32810, 78726, 46495]
Tree:
None

Fitness:
[0.4212866108786611, 0.5060444029047081]