Generation:
60

Phenotype:
def p():
  x = 0.0
  index = 40
  n = 46
  b = 30
  c = sum(opposite[-index:])
  if main[24] > opposite[4] + 7:
    x = 0.9
  return x
XXX_output_XXX = p()

Genotype:
[19242, 83233, 85336, 71123, 63433, 52438, 84808, 1203, 42666, 61886, 85149, 56001, 46508, 34183, 38370, 7062, 93443, 25147, 99127, 22455, 428, 4515, 51828, 70317, 69096, 88762, 67672, 40758, 34295, 88803, 43858, 34493, 68381, 43876, 21796, 50591, 85700, 24513, 31973, 44416, 64190, 16582, 1218, 88561, 83504, 69096, 48744, 491, 78396, 18138, 94048, 43858, 34493, 57997, 43136, 35760, 19627, 19354, 14745, 47783, 24513, 79417, 66499, 2520, 16582, 51524, 21033, 13299, 41804, 78731, 44125, 31410, 78921, 29034, 9511, 13299, 41804, 78731, 2498, 18217, 10948, 28853, 73516, 27719, 46280, 98307, 76993, 92299, 3334, 43202, 86181, 5347, 96701, 55752, 3803, 31183, 93214, 39183, 32408, 81737, 4932, 12444, 41777, 79489, 61620, 29851, 32449, 33770, 30769, 89311, 70401, 27812, 56828, 96025, 11442, 45736, 42372, 74438, 23192, 13772, 74860, 58833, 10968, 31902, 79269, 6485, 38697, 40999, 1766, 96738, 39222, 68936, 39890, 72267, 9418, 3794, 80761, 67074, 64736, 87633, 7147, 40933, 34086, 24299, 68711, 15069, 661, 92606, 94549, 61171, 76739, 70692, 46770, 25933, 69909, 13533, 75897, 84167, 77957, 53771, 70981, 76395, 43189, 1199, 64627, 60764, 50994, 98528, 71870, 38873, 14855, 2939, 51607, 83082, 79749, 18201, 93448, 94999, 87006, 31273, 98678, 99299, 28120, 87793, 53972, 65669, 14592, 5217, 73443, 75881, 32909, 53614, 36946, 95852, 31065, 14237, 25587, 9775, 97742, 52564, 51049, 64069, 49605, 58791, 55606, 56929, 89871, 32497, 30144, 96210, 78265, 68773, 73405, 51676, 92496, 69361, 46172, 50698, 67284, 76231, 44109, 62786, 59442, 93657, 14739, 56821, 69628, 83455, 48947, 51076, 2467, 99120, 78390, 19824, 57631, 77152]
Tree:
None

Fitness:
[0.4212866108786611, 0.5060444029047081]