Generation:
60

Phenotype:
def p():
  x = 0.0
  index = 20
  n = 47
  b = 28
  c = sum(opposite[:-index])
  if opposite[b] > main[b] + 0:
    x = (x - 0.3)
  return x
XXX_output_XXX = p()

Genotype:
[62118, 38622, 82592, 78238, 77081, 60644, 73130, 16866, 19102, 92975, 80106, 14745, 8725, 91063, 11573, 44416, 2520, 16582, 13342, 17789, 97863, 91695, 92219, 13785, 40917, 21318, 61684, 17541, 60661, 90170, 45173, 30111, 35839, 828, 48158, 39902, 34493, 44072, 63974, 33956, 49190, 83792, 59500, 50730, 52973, 26601, 54097, 60399, 35641, 95102, 51488, 89581, 21697, 27220, 21520, 86922, 51029, 13344, 52552, 86132, 13151, 91289, 49090, 7149, 16214, 30796, 63091, 71963, 12430, 70509, 52465, 7021, 41273, 82359, 55974, 53485, 92304, 8944, 24779, 7840, 20369, 97970, 61448, 39175, 48400, 13464, 69078, 72398, 43040, 34822, 41062, 58417, 47917, 89053, 14398, 51916, 36671, 451, 8541, 56572, 42613, 7163, 66980, 40139, 84175, 9656, 30958, 54030, 54001, 73312, 27276, 42959, 23923, 11357, 64666, 68271, 74844, 27854, 8846, 89986, 76996, 99699, 65839, 96598, 18872, 9974]
Tree:
None

Fitness:
[0.577928870292887, 0.5057138472185627]