Generation:
60

Phenotype:
def p():
  x = 0.0
  index = 35
  n = 34
  b = 28
  c = sum(opposite[-index:])
  if opposite[b] > main[b] + 0:
    x = (x - 0.2)
  return x
XXX_output_XXX = p()

Genotype:
[73592, 59449, 82592, 27249, 28697, 44439, 48841, 85076, 19102, 80254, 2556, 14745, 84528, 24513, 79417, 41088, 2520, 16582, 51711, 36225, 36022, 99489, 2490, 59980, 96554, 55154, 91717, 78785, 87992, 57609, 81775, 96446, 27395, 44307, 39130, 21622, 836, 21803, 25147, 9241, 22455, 49599, 25290, 6333, 54917, 81849, 43457, 51152, 405, 3586, 70897, 39670, 13302, 30716, 56440, 5758, 74832, 88053, 73882, 90976, 22869, 31109, 34056, 29176, 93684, 83999, 13177, 11702, 3864, 61238, 39259, 58152, 35945, 57545, 18814, 34615, 20733, 49584, 26094, 9723, 4389, 26034, 94092, 350, 29840, 23833, 2445, 32810, 78726, 46495]
Tree:
None

Fitness:
[0.577928870292887, 0.5057138472185627]