Generation:
60

Phenotype:
def p():
  x = 0.0
  index = 16
  n = 37
  b = 28
  c = opposite[b]
  if c > main[b]:
    x = (x - 0.3)
  return x
XXX_output_XXX = p()

Genotype:
[13554, 23074, 94904, 71169, 8125, 13947, 93061, 92138, 19102, 86611, 69457, 14745, 6302, 12208, 5425, 42620, 72142, 13452, 82134, 52528, 69096, 46565, 35571, 98027, 19381, 66793, 59262, 34493, 62664, 35026, 69101, 75293, 97600, 69811, 50526, 26885, 85076, 13484, 98510, 32783, 14745, 47783, 40625, 87716, 65743, 5810, 92225, 88803, 43858, 65374, 97993, 43136, 33040, 78659, 24728, 94343, 96345, 12157, 90366, 99860, 5178, 76051, 46459, 86258, 14520, 19904, 13186, 57609, 81775, 96446, 27395, 44307, 39130, 58154, 836, 21803, 25147, 9241, 22455, 49599, 25290, 6333, 54917, 81849, 43457, 51152, 405, 3586, 70897, 39670, 13302, 30716, 56440, 5758, 74832, 88053, 73882, 90976, 22869, 31109, 34056, 29176, 93684, 83999, 13177, 11702, 3864, 61238, 39259, 58152, 35945, 57545, 18814, 34615, 20733, 49584, 26094, 9723, 4389, 26034, 94092, 350, 29840, 23833, 2445, 32810, 78726, 46495]
Tree:
None

Fitness:
[0.577928870292887, 0.5057138472185627]