Generation:
60

Phenotype:
def p():
  x = 0.0
  index = 16
  n = 27
  b = 28
  c = sum(main[-index:])
  if opposite[b] > main[b] + 0:
    x = (x - 0.9)
  return x
XXX_output_XXX = p()

Genotype:
[13554, 23074, 69932, 2464, 8125, 99100, 9411, 92138, 19102, 2143, 2556, 22750, 82412, 94283, 79417, 44416, 2520, 16582, 1218, 35714, 87903, 80231, 89480, 80510, 80875, 52503, 88416, 95511, 80034, 54306, 97544, 38086, 51476, 61982, 7961, 46219, 76240, 95232, 9752, 96717, 84380, 74242, 35800, 17589, 62664, 17140, 65934, 61870, 77831, 34323, 96345, 60736, 69619, 63627, 27690, 89614, 29034, 9511, 20983, 18501, 51322, 22350, 31834, 3647, 44416, 48102, 16582, 5856, 85080, 70492, 52107, 91095, 1787, 43039, 91951, 99600, 98673, 88690, 48528, 56933, 83705, 21534, 17283, 66502, 93066, 39556, 99378, 20197, 17840, 2440, 27017, 80474, 59381, 88778, 72072, 21489, 69257, 67098, 86475, 25299, 39838, 79093, 16622]
Tree:
None

Fitness:
[0.577928870292887, 0.5057138472185627]