Generation:
60

Phenotype:
def p():
  x = 0.0
  index = 19
  n = 13
  b = 28
  c = sum(opposite[:-index])
  if opposite[b] > main[b] + 0:
    x = (x - 0.9)
  return x
XXX_output_XXX = p()

Genotype:
[83080, 22913, 82592, 68627, 13177, 36470, 78604, 56187, 19102, 33189, 2556, 14745, 47783, 24513, 79417, 44416, 2520, 16582, 18878, 34493, 62664, 43136, 38946, 28326, 22164, 14215, 89759, 50202, 32889, 20396, 69953, 32886, 5754, 34079, 2490, 48174, 33632, 55154, 61083, 87020, 2089, 33520, 26613, 5425, 48652, 31065, 23563, 66081, 26927, 60478, 65298, 65743, 5810, 4833, 88803, 52503, 6198, 95511, 80034, 8531, 97544, 38086, 51476, 61982, 7961, 46219, 76240, 95232, 9752, 96717, 84380, 74242, 35800, 17589, 62664, 43136, 7396, 61870, 77831, 34323, 96345, 60736, 69619, 63627, 27690, 89614, 29034, 9511, 20983, 18501, 51322, 22350, 31834, 3647, 44416, 48102, 16582, 5856, 85080, 70492, 52107, 91095, 1787, 43039, 91951, 99600, 98673, 88690, 48528, 56933, 83705, 21534, 17283, 66502, 93066, 39556, 99378, 20197, 17840, 2440, 27017, 80474, 59381, 88778, 72072, 21489, 69257, 67098, 86475, 25299, 39838, 79093, 16622]
Tree:
None

Fitness:
[0.577928870292887, 0.5057138472185627]