Generation:
60

Phenotype:
def p():
  x = 0.0
  index = 14
  n = 24
  b = 28
  c = sum(opposite[:-index])
  if opposite[7] > main[b] + 4:
    x = (x + 0.4)
  return x
XXX_output_XXX = p()

Genotype:
[16338, 67839, 82592, 73022, 58766, 93571, 47250, 85076, 19102, 11631, 2556, 14745, 47783, 24513, 16491, 5566, 23484, 63074, 69101, 75293, 97600, 69811, 50526, 26885, 85076, 19102, 98510, 2556, 14745, 47783, 66154, 66895, 40383, 19811, 3379, 63430, 44338, 36025, 52726, 25895, 2490, 78536, 96554, 55154, 63572, 78785, 2089, 32368, 43542, 96345, 5580, 57497, 57625, 72765, 74567, 48322, 75550, 36183, 32461, 4382, 60274, 19038, 85193, 71152, 14990, 58212, 86584, 65348, 51570, 90177, 43279, 38745, 2161, 57745, 15134, 63073, 84260, 45705, 32181, 43856, 6094, 78436, 60597, 40106, 91835, 82800, 76596, 97583, 7501, 84160, 29745, 27442, 35719, 33961, 45056, 92881, 94344, 59310, 84446, 20584, 47419, 57453, 1888, 88896, 6551, 84404, 2525]
Tree:
None

Fitness:
[0.8964435146443515, 0.5055773883647678]