Generation:
60

Phenotype:
def p():
  x = 0.0
  index = 14
  n = 35
  b = 28
  c = sum(opposite[:-index])
  if opposite[7] > main[b] + 4:
    x = 0.8
  return x
XXX_output_XXX = p()

Genotype:
[5934, 9119, 82592, 73022, 58766, 54295, 73628, 85076, 19102, 11631, 23871, 14745, 47783, 24513, 16491, 5566, 23484, 63074, 28505, 13867, 48796, 80875, 52503, 88416, 61742, 80034, 54306, 97544, 38086, 51476, 61982, 7961, 18777, 76240, 95232, 48637, 96717, 84380, 74242, 37939, 17589, 62664, 43136, 7396, 61870, 77831, 34323, 96345, 60736, 69619, 63627, 27690, 89614, 29034, 9511, 20983, 18501, 51322, 22350, 31834, 3647, 44416, 48102, 16582, 5856, 85080, 70492, 52107, 91095, 1787, 43039, 91951, 99600, 98673, 88690, 48528, 56933, 83705, 21534, 17283, 66502, 93066, 39556, 99378, 20197, 17840, 2440, 27017, 80474, 59381, 88778, 72072, 21489, 69257, 67098, 86475, 25299, 39838, 79093, 16622]
Tree:
None

Fitness:
[0.8964435146443515, 0.5055773883647678]