Generation:
60

Phenotype:
def p():
  x = 0.0
  index = 20
  n = 11
  b = 5
  c = opposite[22]
  if abs(sum(main[:-index]) - sum(opposite[-index:])) > 500:
    x = (x + 0.9)
  return x
XXX_output_XXX = p()

Genotype:
[10826, 47829, 86452, 40428, 58568, 11547, 81458, 89232, 76658, 33714, 51127, 15567, 1093, 2490, 78536, 50931, 24184, 84332, 16236, 94318, 2490, 78536, 93072, 55154, 91717, 79501, 61672, 41678, 96168, 75644, 85149, 87587, 72203, 55970, 78536, 96554, 55154, 91717, 91891, 2089, 13346, 41788, 96554, 55154, 91717, 58945, 90366, 88875, 37899, 76051, 46459, 86258, 56629, 19904, 13186, 57609, 81775, 96446, 27395, 44307, 39130, 21622, 836, 21803, 25147, 9241, 22455, 49599, 25290, 6333, 54917, 81849, 43457, 51152, 405, 3586, 70897, 39670, 13302, 30716, 56440, 5758, 74832, 88053, 73882, 90976, 22869, 31109, 34056, 29176, 93684, 83999, 13177, 11702, 3864, 61238, 39259, 58152, 35945, 57545, 18814, 34615, 20733, 49584, 26094, 9723, 4389, 26034, 94092, 350, 29840, 23833, 2445, 32810, 78726, 46495]
Tree:
None

Fitness:
[0.9014121338912134, 0.5054486851844361]