Generation:
60

Phenotype:
def p():
  x = 0.0
  index = 20
  n = 40
  b = 41
  c = sum(opposite[:-index])
  if abs(sum(main[:-index]) - sum(opposite[-index:])) > 500:
    x = 0.3
  return x
XXX_output_XXX = p()

Genotype:
[10826, 63448, 10764, 71123, 58568, 18730, 33088, 24206, 13148, 22233, 92187, 84903, 1093, 2490, 78536, 54391, 27744, 58052, 43790, 21652, 10494, 98002, 44465, 76923, 43858, 34493, 62664, 43136, 69101, 19627, 83792, 91345, 13838, 5580, 69512, 93985, 56273, 83533, 4360, 53050, 74838, 86187, 4382, 60274, 19038, 46706, 19471, 57120, 91207, 12017, 59873, 92794, 38272, 1083, 85336, 75, 66895, 16146, 89182, 27429, 45100, 44338, 69811, 52726, 607, 2490, 31174, 96554, 31216, 91717, 78785, 55455, 76637, 14221, 60847, 79996, 72148, 12017, 92524, 54774, 82423, 45845, 45123, 5630, 62371, 20358, 61957, 15766, 92434, 54570, 74708, 20304, 74657, 8869, 31750, 84224, 46680, 78656, 21318, 61684, 29251, 58810, 45133, 69101, 222, 88803, 92342, 34493, 62664, 43136, 33971, 12017, 21932, 69096, 65922, 67672, 40758, 76005, 88803, 43858, 34493, 62664, 43136, 54420, 59670, 22164, 10472, 97318, 84571, 90366, 91525, 69096, 87716, 68115, 40758, 59345, 88803, 91214, 98678, 30783, 21652, 70203, 41099, 28583, 80287, 11472, 26691, 11298, 61828, 2406, 35823, 49711, 87154, 14221, 60847, 62686, 80988, 31558, 38316, 56962, 15179, 80783, 18858, 22080, 80512, 62673, 59475, 24650, 75522, 6963, 30333, 60441, 8512, 18600, 24005, 98315, 38923, 47261, 60964, 15480, 3646, 83316, 66891, 2508, 50040, 4785, 84261, 67296, 56927, 20568, 66925, 84186, 75441, 69757, 56470, 52389, 4068, 98104, 47136, 53354, 15597, 26118, 16942, 88289, 11776, 57552, 87412, 32387, 25571, 34368, 27026, 99863, 35449, 52719, 44686, 50803, 10657, 87198, 84301, 18184, 87585, 2625, 15134, 9984, 18243, 86466, 52339, 5243, 18406, 18452, 50921, 76752, 40255, 10939, 37404, 70713, 63377, 62638, 35452, 96028, 79393, 57720, 5484, 21855, 13474, 21816, 37404, 61759, 4861, 42004, 39758, 11463, 61152, 64861, 78076, 71398, 49447, 82336, 59702, 47177, 92552, 44308, 86938, 51072, 71503, 20252, 79516, 68529, 34389, 21698, 82508, 16296, 33020, 24529, 91254, 99268, 53556]
Tree:
None

Fitness:
[0.9014121338912134, 0.5054486851844361]