Generation:
60

Phenotype:
def p():
  x = 0.0
  index = 20
  n = 14
  b = 5
  c = sum(opposite[:-index])
  if abs(sum(main[:-index]) - sum(opposite[-index:])) > 500:
    x = (x + 0.5)
  return x
XXX_output_XXX = p()

Genotype:
[10826, 36680, 10764, 70488, 58568, 11547, 89774, 56987, 76658, 22233, 85149, 15567, 26979, 2490, 78536, 54391, 24184, 84332, 16236, 35714, 2490, 92138, 19102, 86611, 69457, 14745, 6302, 12208, 5425, 42620, 72142, 13452, 82134, 52528, 69096, 46565, 35571, 98027, 19381, 66793, 59262, 34493, 62664, 35026, 69101, 75293, 97600, 69811, 50526, 26885, 85076, 13484, 98510, 32783, 14745, 47783, 40625, 87716, 65743, 5810, 92225, 88803, 43858, 65374, 97993, 43136, 33040, 78659, 24728, 94343, 96345, 12157, 90366, 99860, 5178, 76051, 46459, 86258, 14520, 19904, 13186, 57609, 81775, 96446, 27395, 44307, 39130, 58154, 836, 21803, 25147, 9241, 22455, 49599, 25290, 6333, 54917, 81849, 43457, 51152, 405, 3586, 70897, 39670, 13302, 30716, 56440, 5758, 74832, 88053, 73882, 90976, 22869, 31109, 34056, 29176, 93684, 83999, 13177, 11702, 3864, 61238, 39259, 58152, 35945, 57545, 18814, 34615, 20733, 49584, 26094, 9723, 4389, 26034, 94092, 350, 29840, 23833, 2445, 32810, 78726, 46495]
Tree:
None

Fitness:
[0.9014121338912134, 0.5054486851844361]