Generation:
60

Phenotype:
def p():
  x = 0.0
  index = 20
  n = 20
  b = 32
  c = main[8]
  if abs(sum(main[:-index]) - sum(opposite[-index:])) > 500:
    x = 0.3
  return x
XXX_output_XXX = p()

Genotype:
[1062, 71944, 61956, 81853, 58568, 2394, 31130, 69425, 54347, 22233, 77989, 41250, 63809, 2490, 78536, 86309, 24184, 84332, 23830, 21652, 83881, 69101, 70598, 83792, 26555, 92601, 42998, 81666, 76380, 23963, 2490, 54655, 46649, 8606, 74466, 91525, 69096, 86657, 32292, 74245, 78536, 5695, 9179, 39607, 78785, 2089, 32089, 45979, 31381, 52917, 61088, 34379, 24829, 74542, 15927, 93615, 63203, 21010, 13259, 97576, 9072, 76454, 47726, 42953, 40776, 60083, 47999, 27993, 17485, 36462, 33878, 56509, 14353, 85389, 81426, 84062, 10884, 9442, 99010, 24097, 54230, 75013, 21924, 44839, 26951, 35061, 17703, 76018, 94027, 17199]
Tree:
None

Fitness:
[0.9014121338912134, 0.5054486851844361]