Generation:
60

Phenotype:
def p():
  x = 0.0
  index = 2
  n = 33
  b = 3
  c = sum(main[:-index])
  if main[17] > main[b] + 6:
    x = (x + 0.8)
  index = 28
  n = 45
  b = 48
  c = sum(main[-index:]) - sum(opposite[-index:])
  if main[b] < main[b] + 1:
    x = (x * 0.7)
  return x
XXX_output_XXX = p()

Genotype:
[19060, 97275, 5425, 67688, 38150, 16388, 44913, 77971, 90834, 17913, 49482, 40758, 30845, 43488, 43858, 34493, 46472, 43136, 66151, 33887, 83792, 62590, 16297, 60736, 90366, 54596, 27690, 81467, 52064, 38087, 16200, 4278, 20522, 54589, 40758, 34151, 99408, 48319, 74768, 51304, 68581, 52838, 19426, 38680, 51973, 57423, 67891, 37201, 2657, 70446, 12123, 41199, 85369, 81258, 95720, 70336, 88128, 33894, 58096, 71602, 80817, 4822, 44825, 65899, 78359, 5580, 69512, 57625, 53146, 74567, 1032, 75550, 91359, 13681, 4382, 46388, 19038, 37716, 33258, 14990, 58212, 86584, 65348, 58095, 90177, 67368, 38745, 28107, 57745, 55955, 63073, 84260, 45705, 32181, 13070, 6094, 89934, 76634, 84516, 40361, 27814, 39047, 71294, 97582, 1804, 34201, 45838, 14384, 59366, 88182, 16620, 20556, 94460, 56720, 85107, 30607, 10948, 48293, 73516, 37137, 46280, 98307, 76993, 92299, 3334, 43202, 21744, 5347, 96701, 55752, 3803, 31183, 93214, 79620, 32408, 81737, 4932, 12444, 41777, 79489, 61620, 29851, 32449, 33770, 30769, 89311, 70401, 27812, 56828, 96025, 11442, 88883, 42372, 74438, 23192, 13772, 74860, 58833, 10968, 31902, 79269, 6485, 38697, 40999, 1766, 96738, 39222, 68936, 39890, 72267, 9418, 3794, 80761, 67074, 64736, 87633, 7147, 40933, 96821, 10005, 67965, 85670, 47384, 90782, 92204, 84197, 7449, 39765, 96136, 7331, 5300, 32880, 39217, 3106, 9248, 27544, 375, 97225, 59524, 2954, 27537, 10823, 42222, 84696, 75810, 9452, 75153, 50684, 52984, 15547, 52605, 51801, 16177, 92104, 3369, 24938, 70630, 16, 33542, 59372, 22828, 67555, 67390, 56544, 25155, 29257, 39511, 5946, 3452, 35545, 92338, 5459, 51286, 85502, 56262, 24878, 69893, 31547, 98429, 53932, 33, 6295, 63956, 72744, 99006, 58182, 46150, 90982, 77509, 31922, 30545, 88055, 86863, 12502, 18092, 99996, 52978, 80214, 64522, 24544, 87819, 42070, 17621, 50, 67952, 35062, 21164, 11140, 87916, 9590, 57569, 56281, 3222, 93338, 9489, 48008, 40609, 91732, 22639, 17293, 10308, 99407, 19440, 17920, 87839, 29837, 34114, 62951, 3950, 85293, 25322, 25477, 35710, 41454, 49577, 58993, 40813, 96544, 60920, 35956, 75697, 32604, 41286, 99191, 4021, 85452, 37389, 23016, 78567, 8886, 71219, 87206, 45956, 36647, 53947, 33305, 44930, 72920, 2932, 95950, 12733, 13992, 17640, 21576, 86321, 81701, 1998, 49922, 39790, 92922, 81284, 57022, 47374, 40885, 45674, 16819, 4398, 35620, 10239, 66414, 60530, 1603, 24675, 1584, 23245, 46547, 96487, 44995, 46963, 60042, 57900, 69441, 94918, 95006, 89057, 52638, 18888, 68785, 74407, 75877, 60236, 46793, 13432, 49966, 47697, 45821, 74993, 69666, 21316, 32735, 30228, 81189, 12730, 63708, 35173, 22553, 30293, 93426, 63772, 45702]
Tree:
None

Fitness:
[0.41631799163179917, 0.5070876605663569]