Generation:
60

Phenotype:
def p():
  x = 0.0
  index = 42
  n = 8
  b = 50
  c = sum(opposite[-index:])
  if opposite[20] > main[b] + 4:
    x = (x + 0.9)
  return x
XXX_output_XXX = p()

Genotype:
[61597, 89184, 89164, 84162, 12282, 71389, 99509, 28670, 83792, 20610, 96345, 46491, 23904, 17883, 6315, 19094, 4956, 41804, 59221, 74718, 67672, 40758, 67862, 70363, 43858, 36605, 57225, 43136, 69101, 19627, 22164, 26555, 21803, 73102, 24835, 35077, 55651, 50947, 68653, 14549, 20005, 2721, 54165, 44935, 22416, 27322, 53011, 19286, 69328, 11661, 4145, 49354, 25704, 52257, 32019, 88015, 82233, 82564, 81085, 84585, 37466, 33449, 91759, 89192, 45168, 84073, 34476, 29378, 5493, 98152, 42277, 34636, 50445, 975, 15894, 79741, 28774, 8449, 5078, 37118, 29443, 92254, 89935, 4138, 28452, 5800, 82740, 98293, 52385, 54847, 81666, 76380, 4121, 59454, 16831, 34853, 17961, 909, 1820, 78842, 92598, 32261, 77993, 44461, 93603, 88991, 10740, 94243, 18288, 57369, 69137, 16800, 84814, 11971, 18066, 79772, 28988, 21614, 75175, 2927, 3870, 85863, 70431, 82180, 57496, 27679, 36781, 11093, 22034, 32307, 5785, 50266, 74995, 39985, 93705, 6484, 79700, 70165, 16830, 18935, 93153, 96624, 30877, 66371, 62709, 82105, 43398, 46195, 17133, 10675, 12839, 65240, 9608, 31894, 58379, 87680]
Tree:
None

Fitness:
[0.9155334728033473, 0.5046703162292149]