Generation:
60

Phenotype:
def p():
  x = 0.0
  index = 46
  n = 8
  b = 44
  c = sum(main[:-index])
  if main[32] < main[17] + 2:
    x = (x + 1.0)
  index = 11
  n = 26
  b = 49
  c = sum(main[-index:])
  if abs(sum(main) - sum(opposite)) > 1000:
    x = 0.1
  return x
XXX_output_XXX = p()

Genotype:
[16962, 42784, 18241, 21926, 70426, 87903, 80231, 89480, 79247, 80875, 52503, 88416, 95511, 80034, 54306, 97544, 38086, 51476, 61982, 7961, 46219, 76240, 17179, 9752, 96717, 84380, 74242, 35800, 79262, 62664, 17140, 65934, 61870, 77831, 46965, 96345, 93990, 65430, 13299, 41804, 78731, 44125, 99153, 31727, 67672, 53531, 8110, 19627, 22164, 28431, 88770, 60736, 90366, 10113, 93360, 98463, 90598, 96832, 70446, 45091, 95214, 76884, 72601, 95720, 79277, 88128, 82360, 99603, 17107, 2077, 16411, 3561, 84385, 78359, 5580, 69512, 57625, 72765, 74567, 1032, 75550, 91359, 32461, 4382, 46388, 19038, 58786, 33258, 14990, 58212, 86584, 65348, 38335, 90177, 43279, 38745, 28107, 57745, 55955, 63073, 84260, 45705, 32181, 43856, 6094, 78436, 60597, 40106, 91835, 82800, 76596, 97583, 7501, 84160, 29745, 27442, 35719, 33961, 45056, 92881, 94344, 59310, 84446, 20584, 47419, 57453, 1888, 88896, 6551, 84404, 2525]
Tree:
None

Fitness:
[0.9155334728033473, 0.5046703162292149]