Generation:
60

Phenotype:
def p():
  x = 0.0
  index = 34
  n = 20
  b = 33
  c = sum(opposite[-index:])
  if abs(sum(main[-index:]) - sum(opposite[-index:])) > 500:
    x = 0.9
  index = 16
  n = 22
  b = 43
  c = sum(opposite[-index:]) * sum(main[:-index])
  if opposite[b] > opposite[b] + 3:
    x = (x * 0.7)
  return x
XXX_output_XXX = p()

Genotype:
[10367, 67740, 27621, 71123, 66895, 12925, 31130, 67165, 96168, 61559, 2490, 84861, 16642, 2490, 78536, 96554, 34480, 91717, 45515, 32328, 33520, 14478, 31381, 75272, 51940, 77907, 24829, 11476, 72560, 66232, 86583, 68165, 60644, 18626, 16866, 19102, 92975, 26743, 5421, 8725, 91063, 11573, 44416, 2520, 16582, 13342, 17789, 97863, 91695, 92219, 13785, 40917, 21318, 61684, 17541, 60661, 90170, 45173, 30111, 35839, 828, 48158, 39902, 34493, 44072, 63974, 33956, 49190, 83792, 59500, 50730, 52973, 26601, 54097, 60399, 35641, 95102, 51488, 89581, 21697, 27220, 21520, 86922, 51029, 13344, 52552, 86132, 13151, 91289, 49090, 7149, 16214, 30796, 63091, 71963, 12430, 70509, 52465, 7021, 41273, 82359, 55974, 53485, 92304, 8944, 24779, 7840, 20369, 97970, 61448, 39175, 48400, 13464, 69078, 72398, 43040, 34822, 41062, 58417, 47917, 89053, 14398, 51916, 36671, 451, 8541, 56572, 42613, 7163, 66980, 40139, 84175, 9656, 30958, 54030, 54001, 73312, 27276, 42959, 23923, 11357, 64666, 68271, 74844, 27854, 8846, 89986, 76996, 99699, 65839, 96598, 18872, 9974]
Tree:
None

Fitness:
[0.9168410041841004, 0.5045401780784625]