Generation:
60

Phenotype:
def p():
  x = 0.0
  index = 40
  n = 40
  b = 42
  c = main[15]
  if main[17] > opposite[b] + 6:
    x = 0.8
  index = 39
  n = 48
  b = 6
  c = main[b] - main[45]
  if abs(sum(main[:-index]) - sum(opposite[:-index])) > 1000:
    x = (x / 0.2)
  return x
XXX_output_XXX = p()

Genotype:
[23229, 13501, 241, 48228, 73225, 18511, 85618, 18810, 69096, 79597, 67672, 40758, 76005, 38238, 43858, 34493, 10725, 43136, 20310, 19627, 22164, 99892, 34056, 82958, 93684, 83768, 14745, 8725, 47159, 11573, 44416, 2520, 12569, 13342, 95902, 97863, 91695, 1704, 13785, 40917, 21318, 61684, 17541, 60661, 90170, 45173, 30111, 35839, 828, 48158, 39902, 34493, 44072, 63974, 33956, 49190, 83792, 59500, 50730, 52973, 26601, 54097, 60399, 35641, 95102, 51488, 89581, 21697, 27220, 21520, 86922, 51029, 13344, 52552, 86132, 13151, 91289, 49090, 7149, 16214, 30796, 63091, 71963, 12430, 70509, 52465, 7021, 41273, 82359, 55974, 53485, 92304, 8944, 24779, 7840, 20369, 97970, 61448, 39175, 48400, 13464, 69078, 72398, 43040, 34822, 41062, 58417, 47917, 89053, 14398, 51916, 36671, 451, 8541, 56572, 42613, 7163, 66980, 40139, 84175, 9656, 30958, 54030, 54001, 73312, 27276, 42959, 23923, 11357, 64666, 68271, 74844, 27854, 8846, 89986, 76996, 99699, 65839, 96598, 18872, 9974]
Tree:
None

Fitness:
[0.41631799163179917, 0.5070876605663569]