Generation:
60

Phenotype:
def p():
  x = 0.0
  index = 16
  n = 5
  b = 42
  c = sum(main[:-index])
  if main[17] > main[b] + 6:
    x = 0.9
  index = 2
  n = 45
  b = 44
  c = sum(main[:-index]) + sum(main[-index:])
  if opposite[26] < opposite[10] + 5:
    x = (x / 0.1)
  return x
XXX_output_XXX = p()

Genotype:
[7765, 54309, 5425, 67072, 6238, 8922, 13061, 28670, 69096, 97976, 64323, 40758, 2559, 88803, 43858, 34493, 62664, 43136, 35300, 26228, 22164, 14215, 50033, 50202, 32889, 38132, 17996, 59445, 63620, 15179, 31812, 37608, 75151, 79936, 57423, 10066, 39130, 58154, 17439, 21803, 25147, 9241, 22455, 49599, 25290, 6333, 48652, 31065, 23563, 66081, 26927, 82069, 87716, 65743, 5810, 92225, 88803, 23541, 65374, 97993, 43136, 33040, 78659, 24728, 94343, 96345, 12157, 90366, 99860, 5178, 76051, 46459, 86258, 14520, 19904, 13186, 57609, 81775, 96446, 27395, 44307, 39130, 58154, 836, 21803, 25147, 9241, 22455, 49599, 25290, 6333, 54917, 81849, 43457, 51152, 405, 3586, 70897, 39670, 13302, 30716, 56440, 5758, 74832, 88053, 73882, 90976, 22869, 31109, 34056, 29176, 93684, 83999, 13177, 11702, 3864, 61238, 39259, 58152, 35945, 57545, 18814, 34615, 20733, 49584, 26094, 9723, 4389, 26034, 94092, 350, 29840, 23833, 2445, 32810, 78726, 46495]
Tree:
None

Fitness:
[0.41631799163179917, 0.5070876605663569]