Generation:
60

Phenotype:
def p():
  x = 0.0
  index = 34
  n = 20
  b = 9
  c = sum(main[:-index])
  if abs(sum(main[-index:]) - sum(opposite[-index:])) > 500:
    x = (x + 1.0)
  index = 16
  n = 22
  b = 6
  c = sum(opposite[-index:])
  if opposite[36] < main[b] + 4:
    x = (x + 0.4)
  return x
XXX_output_XXX = p()

Genotype:
[91742, 67740, 43177, 71123, 66895, 30395, 31130, 47345, 31527, 61559, 90213, 5754, 15937, 2490, 78536, 96554, 50632, 91717, 63361, 2089, 33520, 24321, 31381, 62014, 51940, 99291, 59880, 22999, 15927, 93615, 58680, 13644, 13259, 39102, 9072, 76454, 47726, 42953, 21652, 26880, 41099, 61663, 43515, 83375, 26691, 68512, 60082, 71492, 35823, 49711, 87154, 2904, 60847, 62686, 97637, 31558, 38316, 56962, 15179, 80783, 18858, 22080, 80512, 62673, 59475, 24650, 75522, 6963, 30333, 60441, 8512, 18600, 24005, 98315, 38923, 47261, 60964, 15480, 3646, 83316, 66891, 2508, 50040, 4785, 84261, 67296, 56927, 20568, 66925, 84186, 75441, 69757, 56470, 52389, 4068, 98104, 47136, 53354, 15597, 26118, 16942, 88289, 11776, 57552, 87412, 32387, 25571, 34368, 27026, 99863, 35449, 52719, 44686, 50803, 10657, 87198, 84301, 18184, 87585, 2625, 15134, 9984, 18243, 86466, 52339, 5243, 18406, 18452, 50921, 76752, 40255, 10939, 37404, 70713, 63377, 62638, 35452, 96028, 79393, 57720, 5484, 21855, 13474, 21816, 37404, 61759, 4861, 42004, 39758, 11463, 61152, 64861, 78076, 71398, 49447, 82336, 59702, 47177, 92552, 44308, 86938, 51072, 71503, 20252, 79516, 68529, 34389, 21698, 82508, 16296, 33020, 24529, 91254, 99268, 53556]
Tree:
None

Fitness:
[0.9168410041841004, 0.5045401780784625]