Generation:
60

Phenotype:
def p():
  x = 0.0
  index = 33
  n = 19
  b = 33
  c = sum(opposite[-index:])
  if abs(sum(main[-index:]) - sum(opposite[-index:])) > 500:
    x = 1.0
  return x
XXX_output_XXX = p()

Genotype:
[86050, 69289, 85336, 46346, 66945, 7466, 63259, 47345, 96168, 44338, 85149, 61689, 40900, 28670, 20442, 59300, 86896, 20967, 0, 14209, 43858, 34493, 71848, 43136, 74466, 91525, 72241, 86657, 32292, 72159, 78536, 96554, 89030, 39619, 46820, 26077, 1927, 45979, 31381, 49310, 61088, 58787, 24829, 32952, 81068, 53796, 63203, 21010, 13259, 97576, 9072, 76454, 68029, 53254, 77244, 32897, 47999, 27993, 17485, 40236, 50802, 56509, 92342, 34493, 76724, 43136, 5698, 2040, 37588, 6077, 66666, 57120, 33971, 90425, 82756, 69096, 83376, 10494, 98002, 63607, 76923, 43858, 34493, 62664, 43136, 69101, 19627, 83792, 91345, 13838, 5580, 69512, 93985, 56273, 83533, 4360, 53050, 36183, 32461, 4382, 60274, 19038, 46706, 71152, 14990, 58212, 86584, 65348, 69101, 19627, 83792, 9415, 10912, 7838, 90366, 17883, 85261, 3406, 73141, 3907, 65747, 95353, 21803, 69096, 87716, 63470, 40758, 25365, 67023, 15639, 34493, 62664, 43136, 8110, 19627, 22164, 28431, 88770, 60736, 90366, 10113, 93360, 98463, 90598, 96832, 70446, 45091, 95214, 76884, 72601, 95720, 79277, 88128, 82360, 99603, 17107, 2077, 16411, 3561, 84385, 78359, 5580, 69512, 57625, 72765, 74567, 1032, 75550, 91359, 32461, 4382, 46388, 19038, 58786, 33258, 14990, 58212, 86584, 65348, 38335, 90177, 43279, 38745, 28107, 57745, 55955, 63073, 84260, 45705, 32181, 43856, 6094, 78436, 60597, 40106, 91835, 82800, 76596, 97583, 7501, 84160, 29745, 27442, 35719, 33961, 45056, 92881, 94344, 59310, 84446, 20584, 47419, 57453, 1888, 88896, 6551, 84404, 2525]
Tree:
None

Fitness:
[0.9168410041841004, 0.5045401780784625]