Generation:
60

Phenotype:
def p():
  x = 0.0
  index = 45
  n = 24
  b = 42
  c = sum(main[:-index])
  if main[17] > main[b] + 6:
    x = (x + 0.8)
  index = 17
  n = 1
  b = 37
  c = sum(main[-index:])
  if main[44] > main[b] + 0:
    x = (x - 0.4)
  return x
XXX_output_XXX = p()

Genotype:
[69240, 42589, 6077, 31523, 40896, 33971, 82134, 82756, 69096, 75910, 10494, 14486, 63607, 76923, 43858, 34493, 62664, 43136, 69101, 19627, 83792, 91345, 13838, 46275, 70738, 93985, 21610, 28864, 85149, 60736, 95770, 92138, 19102, 26717, 2556, 22750, 82412, 94283, 79417, 44416, 2520, 16582, 1218, 35714, 4433, 81492, 15733, 75685, 69101, 70598, 83792, 26555, 96345, 59106, 81666, 74718, 44390, 59454, 58122, 34853, 17961, 3045, 67938, 62045, 20304, 17789, 97863, 40982, 92219, 13785, 64580, 21318, 61684, 17541, 60661, 12803, 45173, 63622, 29467, 40758, 25365, 67023, 27096, 34493, 73694, 53531, 8110, 19627, 22164, 28431, 88770, 60736, 90366, 10113, 93360, 98463, 90598, 96832, 70446, 45091, 95214, 76884, 72601, 95720, 79277, 88128, 82360, 99603, 17107, 2077, 16411, 3561, 84385, 78359, 5580, 69512, 57625, 72765, 74567, 1032, 75550, 91359, 32461, 4382, 46388, 19038, 58786, 33258, 14990, 58212, 86584, 65348, 38335, 90177, 43279, 38745, 28107, 57745, 55955, 63073, 84260, 45705, 32181, 43856, 6094, 78436, 60597, 40106, 91835, 82800, 76596, 97583, 7501, 84160, 29745, 27442, 35719, 33961, 45056, 92881, 94344, 59310, 84446, 20584, 47419, 57453, 1888, 88896, 6551, 84404, 2525]
Tree:
None

Fitness:
[0.41631799163179917, 0.5070876605663569]