Generation:
60

Phenotype:
def p():
  x = 0.0
  index = 33
  n = 41
  b = 23
  c = sum(main[-index:])
  if abs(sum(main[-index:]) - sum(opposite[-index:])) > 500:
    x = (x + 0.2)
  return x
XXX_output_XXX = p()

Genotype:
[10826, 29125, 19608, 25427, 39048, 7466, 76898, 32978, 60764, 90746, 30297, 5754, 19816, 2490, 78536, 59996, 21524, 91717, 63361, 95261, 11121, 48655, 50695, 23655, 27322, 55627, 98027, 50657, 88803, 36425, 5753, 62664, 85569, 69101, 51496, 45617, 9415, 89173, 52121, 17883, 27690, 4236, 55154, 65805, 52573, 29281, 33520, 24321, 71022, 81739, 11959, 33520, 24321, 31381, 62014, 51940, 16572, 24829, 74542, 15927, 93615, 28617, 13644, 13259, 39102, 9072, 76454, 47726, 42953, 40776, 60083, 47999, 27993, 17485, 36462, 33878, 56509, 14353, 85389, 81426, 84062, 10884, 9442, 99010, 24097, 54230, 75013, 21924, 44839, 26951, 35061, 17703, 76018, 94027, 17199]
Tree:
None

Fitness:
[0.9168410041841004, 0.5045401780784625]