Generation:
60

Phenotype:
def p():
  x = 0.0
  index = 34
  n = 33
  b = 24
  c = sum(main[:-index])
  if abs(sum(main[-index:]) - sum(opposite[-index:])) > 500:
    x = (x + 1.0)
  return x
XXX_output_XXX = p()

Genotype:
[39885, 67740, 74824, 84501, 66895, 30395, 48381, 47345, 98964, 69953, 32886, 5754, 15937, 2490, 96842, 33632, 55154, 90367, 63361, 2089, 69400, 50874, 35569, 6234, 31065, 23563, 66081, 26927, 82069, 87716, 65743, 83982, 92225, 88803, 24385, 65374, 99674, 43136, 33040, 78659, 24728, 94343, 96345, 12157, 26967, 99860, 5178, 76051, 46459, 86258, 14520, 57790, 13186, 57609, 32991, 15549, 72506, 76005, 65389, 43858, 34493, 62664, 786, 90680, 19627, 61376, 65214, 96345, 46491, 9512, 17883, 69101, 19094, 13299, 6674, 34170, 89801, 72127, 63402, 37233, 85076, 19102, 2143, 2556, 14745, 47783, 24513, 79417, 44416, 2520, 16582, 51524, 97102, 88803, 43858, 34493, 65316, 43136, 89390]
Tree:
None

Fitness:
[0.9168410041841004, 0.5045401780784625]