Generation:
60

Phenotype:
def p():
  x = 0.0
  index = 34
  n = 39
  b = 4
  c = sum(opposite[-index:])
  if abs(sum(main[-index:]) - sum(opposite[-index:])) > 500:
    x = 0.8
  return x
XXX_output_XXX = p()

Genotype:
[10826, 54269, 85336, 67665, 66895, 62622, 75978, 47331, 85888, 56889, 70155, 24235, 73244, 2490, 78536, 92206, 67506, 91717, 85690, 32937, 71883, 67672, 40758, 82283, 70363, 33142, 41429, 57225, 43136, 69101, 19627, 22164, 26555, 21803, 73102, 24835, 35077, 55651, 50947, 68653, 14549, 20005, 2721, 54165, 44935, 22416, 27322, 53011, 19286, 69328, 11661, 4145, 49354, 25704, 52257, 32019, 88015, 82233, 82564, 81085, 84585, 37466, 33449, 91759, 89192, 45168, 84073, 34476, 29378, 5493, 98152, 42277, 34636, 50445, 975, 15894, 79741, 28774, 8449, 5078, 37118, 29443, 92254, 89935, 4138, 28452, 5800, 82740, 98293, 52385, 54847, 81666, 76380, 4121, 59454, 16831, 34853, 17961, 909, 1820, 78842, 92598, 32261, 77993, 44461, 93603, 88991, 10740, 94243, 18288, 57369, 69137, 16800, 84814, 11971, 18066, 79772, 28988, 21614, 75175, 2927, 3870, 85863, 70431, 82180, 57496, 27679, 36781, 11093, 22034, 32307, 5785, 50266, 74995, 39985, 93705, 6484, 79700, 70165, 16830, 18935, 93153, 96624, 30877, 66371, 62709, 82105, 43398, 46195, 17133, 10675, 12839, 65240, 9608, 31894, 58379, 87680]
Tree:
None

Fitness:
[0.9168410041841004, 0.5045401780784625]