Generation:
60

Phenotype:
def p():
  x = 0.0
  index = 33
  n = 2
  b = 46
  c = main[6]
  if abs(sum(main[-index:]) - sum(opposite[-index:])) > 500:
    x = (x + 0.3)
  return x
XXX_output_XXX = p()

Genotype:
[3306, 15106, 15672, 93439, 88110, 68444, 6989, 76365, 64204, 53962, 69811, 5754, 18111, 2490, 78536, 96554, 67506, 91717, 63361, 63062, 54418, 43136, 69101, 33887, 83792, 96767, 69439, 60736, 90366, 62976, 27690, 51912, 52064, 14563, 41814, 52107, 80058, 19627, 89553, 69101, 13945, 17991, 95144, 62401, 60001, 20486, 76440, 23422, 37589, 75772, 72829, 5324, 2592, 72121, 18030, 2166, 20587, 24424, 69042, 62411, 17858, 53122, 5314, 43935, 98803, 27884, 86785, 65332, 67153, 86681, 68641, 36700, 15590, 29102, 12132, 46333, 23896, 38851, 56907, 70856, 81512, 17422, 99849, 53348, 65218, 60564, 77737, 4216, 70627, 3119, 12073, 16122, 62355, 17742, 49811, 30214, 61346, 14817, 94345, 3720, 29410, 95809, 5512, 46392, 61591, 93827, 75335, 76722, 16117, 96001, 603, 67760, 83028, 79996, 63918, 78253, 75620, 34642, 13927, 18898, 67158, 91907, 35792, 31142, 22708, 11319, 78576, 88566, 75058, 24148, 38028, 20533, 27611, 23644, 57961]
Tree:
None

Fitness:
[0.9168410041841004, 0.5045401780784625]