Generation:
60

Phenotype:
def p():
  x = 0.0
  index = 34
  n = 23
  b = 13
  c = main[38]
  if abs(sum(main[-index:]) - sum(opposite[-index:])) > 500:
    x = 1.0
  return x
XXX_output_XXX = p()

Genotype:
[10826, 67111, 85336, 16892, 66895, 15849, 19811, 3379, 59122, 44338, 36025, 52726, 25895, 2490, 78536, 96554, 55154, 63572, 78785, 2089, 32368, 43542, 96345, 5580, 57497, 57625, 72765, 74567, 48322, 75550, 36183, 32461, 4382, 60274, 19038, 85193, 71152, 14990, 58212, 86584, 65348, 51570, 90177, 43279, 38745, 2161, 57745, 15134, 63073, 84260, 45705, 32181, 43856, 6094, 78436, 60597, 40106, 91835, 82800, 76596, 97583, 7501, 84160, 29745, 27442, 35719, 33961, 45056, 92881, 94344, 59310, 84446, 20584, 47419, 57453, 1888, 88896, 6551, 84404, 2525]
Tree:
None

Fitness:
[0.9168410041841004, 0.5045401780784625]