Generation:
60

Phenotype:
def p():
  x = 0.0
  index = 37
  n = 15
  b = 37
  c = sum(opposite[-index:])
  if abs(sum(main[-index:]) - sum(opposite[-index:])) > 500:
    x = (x + 0.9)
  index = 19
  n = 3
  b = 25
  c = opposite[19] + sum(main[:-index])
  if c < opposite[b]:
    x = (x * 0.9)
  return x
XXX_output_XXX = p()

Genotype:
[57750, 7191, 64981, 27482, 82249, 28016, 75801, 84464, 92449, 26117, 34332, 833, 35714, 2490, 78536, 90084, 55154, 91717, 79501, 57358, 20116, 78731, 55915, 18217, 88947, 59821, 73516, 13452, 46280, 98307, 70477, 92299, 3334, 87816, 50136, 9910, 96701, 55752, 3803, 31183, 84613, 25373, 32408, 81737, 4932, 12444, 47299, 24725, 61620, 71490, 32449, 33770, 30769, 89311, 70401, 27812, 56828, 96025, 60003, 45736, 42372, 74438, 68402, 13772, 74860, 58833, 10968, 31902, 55780, 6485, 38697, 40999, 42920, 96738, 39222, 68936, 39890, 72267, 9418, 3794, 80761, 97062, 81586, 87633, 7147, 40933, 72997, 31474, 68711, 15069, 96580, 4258, 94549, 61171, 76739, 70692, 46770, 25933, 3566, 13533, 75897, 84167, 77957, 53771, 70981, 76395, 43189, 1199, 64627, 60764, 50994, 98528, 71870, 38873, 14855, 37589, 51607, 83082, 79749, 18201, 37610, 7362, 20824, 32922, 98678, 99299, 28120, 87793, 53972, 83660, 14592, 5217, 73443, 75881, 32909, 31539, 36946, 95852, 31065, 14237, 25587, 9775, 97742, 39705, 51049, 64069, 49605, 58791, 55606, 56929, 89871, 32497, 30144, 96210, 78265, 68773, 73405, 51676, 92496, 69361, 46172, 50698, 67284, 76231, 44109, 62786, 59442, 93657, 14739, 56821, 69628, 83455, 48947, 51076, 2467, 99120, 78390, 19824, 57631, 77152]
Tree:
None

Fitness:
[0.9176255230125523, 0.5044098349319359]