Generation:
60

Phenotype:
def p():
  x = 0.0
  index = 40
  n = 2
  b = 33
  c = sum(main[-index:])
  if abs(sum(main[-index:]) - sum(opposite[-index:])) > 500:
    x = 0.7
  return x
XXX_output_XXX = p()

Genotype:
[10826, 69289, 85336, 71123, 63433, 7466, 8672, 25877, 96168, 34991, 85149, 48936, 69616, 2490, 78536, 96554, 24322, 91717, 59555, 42726, 34493, 47437, 59406, 22591, 52305, 96345, 59106, 81666, 12471, 20701, 59454, 20294, 18397, 17961, 82671, 1820, 33705, 9010, 96520, 37008, 44461, 40329, 13299, 41804, 78731, 77426, 99153, 78821, 20129, 72580, 76052, 35492, 47452, 16202, 33226, 7009, 68359, 84622, 63132, 55745, 78716, 9620, 9379, 72640, 29850, 35051, 2472, 78261, 89505, 55807, 1609, 19842, 88015, 78909, 41504, 20932, 30650, 11569, 87837, 26764, 31188, 67396, 25998, 48801, 67915, 58623, 69684, 34992, 13480, 47994, 87677, 40703, 68822, 87559, 1740, 77563, 49592, 10391, 30841, 91508, 89818, 91763, 15251, 96905, 94165, 77772, 29447, 96449, 69685, 60597, 40106, 91835, 82800, 51091, 97583, 83531, 84160, 29745, 27442, 35719, 33961, 45056, 92881, 94344, 59310, 84446, 20584, 47419, 57453, 1888, 88896, 6551, 84404, 2525]
Tree:
None

Fitness:
[0.9176255230125523, 0.5044098349319359]