Generation:
60

Phenotype:
def p():
  x = 0.0
  index = 40
  n = 14
  b = 46
  c = main[40]
  if abs(sum(main[-index:]) - sum(opposite[-index:])) > 500:
    x = 0.8
  return x
XXX_output_XXX = p()

Genotype:
[2033, 34065, 65692, 14837, 63433, 29794, 90947, 96446, 5044, 20039, 2803, 69790, 62566, 2490, 13562, 96554, 36246, 91717, 78785, 99107, 44764, 12017, 22505, 69096, 87716, 7302, 40758, 76005, 88803, 43858, 34493, 26349, 43136, 43615, 9236, 83792, 9415, 77037, 60736, 17818, 17883, 27690, 27993, 17485, 36462, 33878, 56509, 14353, 55105, 82592, 25919, 83377, 39974, 26885, 85076, 36002, 86584, 30498, 38335, 90177, 43279, 38745, 92742, 7400, 55955, 33175, 84260, 80974, 32181, 43856, 46276, 9125, 12059, 87525, 40361, 73277, 39047, 71294, 97582, 1804, 34201, 45838, 14384, 59973, 88182, 16620, 20556, 1986, 10250, 85107, 30607, 10948, 48293, 73516, 73671, 82970, 98307, 76993, 92299, 3334, 43202, 86181, 5347, 96701, 55752, 77240, 31183, 23726, 39183, 32408, 81737, 11524, 12444, 41777, 92967, 61620, 29851, 24296, 33770, 30769, 89311, 70401, 27812, 56828, 96025, 11442, 45736, 42372, 34876, 3751, 13772, 74860, 58833, 10968, 31902, 79269, 6485, 38697, 40999, 1766, 96738, 39222, 68936, 39890, 40691, 9418, 3794, 80761, 67074, 64736, 87633, 83789, 40933, 96821, 96241, 67965, 85670, 47384, 90782, 92204, 84197, 7449, 39765, 80159, 71268, 5300, 32880, 62854, 3106, 9248, 27544, 16323, 97225, 59524, 2954, 27537, 10823, 42222, 84696, 75810, 9452, 75153, 66833, 52984, 15547, 52605, 51801, 16177, 92104, 8785, 24938, 70630, 8730, 33542, 59372, 22828, 63701, 67390, 56544, 25155, 29257, 39511, 5946, 40220, 90767, 74505, 26794, 51286, 85502, 56262, 24878, 69893, 85394, 98429, 53932, 20521, 6295, 63956, 54265, 99006, 58182, 46150, 30466, 77509, 31922, 30545, 5648, 86863, 76298, 18092, 99996, 52978, 40900, 64522, 24544, 37436, 42070, 66415, 50, 67952, 35062, 21164, 11140, 87916, 9590, 57569, 38826, 74230, 93338, 9489, 48008, 40609, 42411, 22639, 77162, 10308, 99407, 19440, 22218, 87839, 82439, 34114, 62951, 3950, 85293, 25322, 86336, 35710, 41454, 49577, 58993, 40813, 55187, 60920, 35956, 19762, 32604, 41286, 99191, 4021, 85452, 37389, 23016, 78567, 8886, 71219, 87206, 45956, 36647, 74435, 33305, 34759, 51045, 2932, 95950, 12733, 13992, 17640, 21576, 86321, 18209, 1998, 49922, 39790, 92922, 94857, 46510, 47374, 76329, 45674, 16819, 39355, 35620, 10239, 19029, 60530, 1603, 24675, 1584, 23245, 46547, 96487, 44995, 46963, 60042, 57900, 69441, 94918, 95006, 89057, 52638, 18888, 68785, 74407, 75877, 60236, 46793, 13432, 49966, 47697, 45821, 74993, 69666, 21316, 32735, 21006, 81189, 12730, 63708, 35173, 22553, 30293, 93426, 63772, 45702]
Tree:
None

Fitness:
[0.9176255230125523, 0.5044098349319359]