Generation:
60

Phenotype:
def p():
  x = 0.0
  index = 39
  n = 37
  b = 6
  c = opposite[14]
  if abs(sum(main[-index:]) - sum(opposite[-index:])) > 500:
    x = (x + 0.2)
  return x
XXX_output_XXX = p()

Genotype:
[69007, 69289, 7012, 69945, 97296, 39255, 21814, 47345, 85176, 19048, 69811, 31899, 35714, 2490, 78536, 96554, 55154, 91717, 63361, 85711, 63361, 94767, 92238, 86708, 34627, 11472, 26691, 76929, 65444, 42451, 35823, 16635, 87154, 14221, 60847, 34060, 76419, 47090, 34493, 62664, 43136, 7396, 30937, 77831, 34323, 96345, 60736, 90366, 27614, 27690, 89614, 29034, 9511, 20983, 18501, 51322, 22350, 31834, 3647, 44416, 48102, 16582, 5856, 85080, 70492, 52107, 91095, 1787, 43039, 91951, 99600, 98673, 88690, 48528, 56933, 83705, 21534, 17283, 66502, 93066, 39556, 99378, 20197, 17840, 2440, 27017, 80474, 59381, 88778, 72072, 21489, 69257, 67098, 86475, 25299, 39838, 79093, 16622]
Tree:
None

Fitness:
[0.9176255230125523, 0.5044098349319359]