Generation:
60

Phenotype:
def p():
  x = 0.0
  index = 40
  n = 37
  b = 49
  c = main[14]
  if abs(sum(main[-index:]) - sum(opposite[-index:])) > 500:
    x = (x + 0.2)
  return x
XXX_output_XXX = p()

Genotype:
[10826, 69289, 7012, 69945, 12586, 64864, 21814, 47345, 54925, 61559, 69811, 5754, 35714, 2490, 78536, 96554, 55154, 91717, 63361, 88651, 26851, 30395, 31130, 20390, 96168, 61559, 55760, 5754, 15937, 2490, 78536, 96554, 55154, 91717, 63361, 32328, 33520, 14478, 31381, 47317, 51940, 12698, 24829, 11476, 15927, 93615, 28617, 34401, 46948, 39102, 9072, 76454, 47726, 42953, 40776, 60083, 47999, 27993, 76919, 36462, 33878, 56509, 14353, 24321, 31381, 62014, 51940, 12698, 24829, 74542, 15927, 93615, 28617, 13644, 13259, 39102, 9072, 76454, 47726, 42953, 40776, 60083, 47999, 27993, 17485, 36462, 33878, 56509, 14353, 85389, 81426, 84062, 10884, 9442, 99010, 24097, 54230, 75013, 21924, 44839, 26951, 35061, 17703, 76018, 94027, 17199]
Tree:
None

Fitness:
[0.9176255230125523, 0.5044098349319359]