Generation:
60

Phenotype:
def p():
  x = 0.0
  index = 40
  n = 37
  b = 6
  c = main[14]
  if abs(sum(main[-index:]) - sum(opposite[-index:])) > 500:
    x = (x + 0.2)
  return x
XXX_output_XXX = p()

Genotype:
[10826, 22766, 7012, 69945, 12586, 7212, 21814, 47345, 85176, 61559, 69811, 5754, 35714, 2490, 78536, 96554, 55154, 91717, 63361, 14221, 1892, 58362, 14956, 33512, 97065, 91392, 69096, 41475, 85120, 40758, 12829, 77443, 93826, 34493, 93784, 43136, 54286, 92372, 9020, 30808, 27249, 78697, 20056, 52297, 92985, 47950, 85110, 71291, 69101, 33887, 83792, 96767, 69439, 42658, 70434, 62976, 67615, 45934, 52064, 14563, 41814, 52107, 63794, 19627, 89553, 69101, 13945, 17991, 95144, 62401, 60001, 20486, 76440, 23422, 59745, 86553, 72829, 5324, 2592, 61711, 18030, 79281, 20587, 24424, 69042, 62411, 17858, 53122, 5314, 43935, 98803, 27884, 56207, 99106, 67153, 86681, 68641, 36700, 15590, 3070, 12132, 46333, 23896, 38851, 25489, 70856, 81512, 17422, 99849, 53348, 10053, 97946, 77737, 4216, 89181, 9065, 12073, 16122, 62355, 17742, 1601, 19804, 61346, 14817, 94345, 3720, 29410, 5079, 55779, 46392, 61591, 41780, 75335, 3356, 16117, 96001, 603, 67760, 83028, 79996, 63918, 78253, 75620, 34642, 89195, 18898, 67158, 91907, 80268, 31142, 40828, 81805, 78576, 85495, 75058, 24148, 38028, 20533, 27611, 23644, 57961]
Tree:
None

Fitness:
[0.9176255230125523, 0.5044098349319359]