Generation:
60

Phenotype:
def p():
  x = 0.0
  index = 40
  n = 13
  b = 33
  c = sum(opposite[:-index])
  if abs(sum(main[-index:]) - sum(opposite[-index:])) > 500:
    x = (x + 1.0)
  return x
XXX_output_XXX = p()

Genotype:
[74585, 69289, 85336, 91202, 63433, 7466, 61672, 4417, 96168, 67309, 85149, 87587, 72203, 55970, 78536, 96554, 55154, 91717, 91891, 2089, 66666, 61924, 49142, 5701, 42659, 31130, 40797, 10935, 95646, 26199, 54915, 24435, 2490, 78536, 96554, 98302, 16727, 63361, 96554, 93784, 43136, 54286, 92372, 14020, 61437, 16939, 71550, 92321, 22315, 61559, 69811, 94372, 35714, 2490, 20824, 96554, 55154, 91717, 38235, 47693, 42359, 24321, 31381, 62014, 51940, 12698, 24829, 74542, 15927, 93615, 28617, 13644, 13259, 39102, 9072, 76454, 47726, 42953, 40776, 60083, 47999, 27993, 17485, 36462, 33878, 56509, 14353, 85389, 81426, 84062, 10884, 9442, 99010, 24097, 54230, 75013, 21924, 44839, 26951, 35061, 17703, 76018, 94027, 17199]
Tree:
None

Fitness:
[0.9176255230125523, 0.5044098349319359]