Generation:
60

Phenotype:
def p():
  x = 0.0
  index = 40
  n = 18
  b = 33
  c = sum(opposite[:-index])
  if abs(sum(main[-index:]) - sum(opposite[-index:])) > 500:
    x = 0.1
  return x
XXX_output_XXX = p()

Genotype:
[27143, 73013, 85336, 60875, 63433, 83851, 39900, 63299, 96168, 44338, 85149, 85507, 87841, 2490, 66576, 96554, 69932, 93647, 8125, 4110, 59663, 40056, 90229, 45574, 1918, 22572, 35825, 4433, 81492, 85340, 87716, 65743, 5810, 92225, 88803, 43858, 65374, 97993, 43136, 33040, 78659, 24728, 94343, 96345, 12157, 90366, 99860, 5178, 76051, 46459, 86258, 14520, 19904, 13186, 57609, 81775, 96446, 27395, 44307, 39130, 58154, 836, 21803, 25147, 9241, 22455, 49599, 25290, 6333, 54917, 81849, 43457, 51152, 405, 3586, 70897, 39670, 13302, 30716, 56440, 5758, 74832, 88053, 73882, 90976, 22869, 31109, 34056, 29176, 93684, 83999, 13177, 11702, 3864, 61238, 39259, 58152, 35945, 57545, 18814, 34615, 20733, 49584, 26094, 9723, 4389, 26034, 94092, 350, 29840, 23833, 2445, 32810, 78726, 46495]
Tree:
None

Fitness:
[0.9176255230125523, 0.5044098349319359]