Generation:
60

Phenotype:
def p():
  x = 0.0
  index = 40
  n = 20
  b = 29
  c = sum(opposite[-index:])
  if abs(sum(main[-index:]) - sum(opposite[-index:])) > 500:
    x = 0.3
  return x
XXX_output_XXX = p()

Genotype:
[10826, 67246, 85336, 2304, 63433, 29794, 31130, 88877, 11096, 44338, 13953, 63635, 30362, 2490, 13562, 96554, 80734, 63132, 55745, 80782, 9620, 9379, 72640, 93065, 35051, 2472, 78261, 89505, 55807, 1609, 19842, 88015, 78909, 41504, 20932, 30650, 11569, 87837, 26764, 31188, 67396, 25998, 48801, 67915, 58623, 69684, 34992, 13480, 47994, 87677, 40703, 68822, 87559, 1740, 77563, 49592, 10391, 30841, 91508, 89818, 91763, 15251, 96905, 94165, 77772, 29447, 96449, 69685, 60597, 40106, 91835, 82800, 51091, 97583, 83531, 84160, 29745, 27442, 35719, 33961, 45056, 92881, 94344, 59310, 84446, 20584, 47419, 57453, 1888, 88896, 6551, 84404, 2525]
Tree:
None

Fitness:
[0.9176255230125523, 0.5044098349319359]