Generation:
60

Phenotype:
def p():
  x = 0.0
  index = 40
  n = 6
  b = 19
  c = sum(opposite[-index:])
  if abs(sum(main[-index:]) - sum(opposite[-index:])) > 500:
    x = (x + 0.3)
  return x
XXX_output_XXX = p()

Genotype:
[10826, 7191, 49052, 27482, 63433, 5239, 2913, 84464, 50662, 8952, 85149, 54893, 35714, 2490, 67986, 27074, 85498, 91717, 63361, 50532, 81595, 14076, 49178, 77623, 71831, 11319, 61617, 29966, 25778, 3586, 70897, 39670, 63958, 26832, 63189, 5758, 74832, 88053, 72362, 90976, 89449, 88655, 59333, 43136, 69101, 71994, 83792, 26555, 96345, 59106, 18802, 62740, 4121, 97244, 16831, 34853, 24754, 48311, 1820, 78842, 9010, 28717, 26398, 44461, 50896, 13854, 30714, 68573, 18288, 63198, 90480, 16800, 84941, 11971, 18066, 79772, 28988, 21614, 75175, 2927, 3870, 85863, 70431, 82180, 57496, 27679, 36781, 11093, 22034, 32307, 5785, 50266, 74995, 39985, 93705, 6484, 79700, 70165, 16830, 18935, 93153, 96624, 30877, 66371, 62709, 82105, 43398, 46195, 17133, 10675, 12839, 65240, 9608, 31894, 58379, 87680]
Tree:
None

Fitness:
[0.9176255230125523, 0.5044098349319359]