Generation:
60

Phenotype:
def p():
  x = 0.0
  index = 40
  n = 20
  b = 44
  c = sum(main[-index:])
  if abs(sum(main[-index:]) - sum(opposite[-index:])) > 500:
    x = (x + 1.0)
  return x
XXX_output_XXX = p()

Genotype:
[10826, 7191, 85336, 46547, 63433, 66445, 31130, 43444, 35744, 8952, 85149, 51838, 35714, 2490, 30786, 96554, 55154, 91717, 79501, 2089, 66455, 49366, 56943, 69096, 21679, 67672, 27154, 12360, 88803, 43858, 34493, 62664, 43136, 91345, 19627, 22164, 91781, 4280, 55749, 10355, 24727, 49599, 71601, 61667, 9702, 17044, 26720, 51173, 19686, 2187, 17991, 57488, 34636, 50445, 13314, 15894, 15594, 28774, 91163, 562, 75841, 29443, 92254, 89935, 4138, 28452, 49887, 82740, 98293, 52385, 54847, 2874, 4258, 4121, 59454, 16831, 34853, 17961, 93023, 1820, 78842, 28209, 32261, 43365, 44461, 18038, 88991, 10740, 94243, 18288, 57369, 69137, 16800, 84814, 11971, 31327, 79772, 28988, 21614, 15007, 2927, 75551, 30900, 70431, 82180, 57496, 30920, 50510, 11093, 38083, 32307, 99952, 50266, 74995, 39985, 93705, 6484, 46834, 70165, 16830, 18935, 57279, 96624, 30877, 66371, 62709, 82105, 43398, 46195, 7187, 10675, 9357, 65240, 9608, 31894, 36428, 87680]
Tree:
None

Fitness:
[0.9176255230125523, 0.5044098349319359]