Generation:
60

Phenotype:
def p():
  x = 0.0
  index = 12
  n = 40
  b = 22
  c = main[14]
  if abs(sum(main[-index:]) - sum(opposite[:-index])) > 50:
    x = 0.7
  return x
XXX_output_XXX = p()

Genotype:
[57471, 65262, 85336, 71123, 38823, 19497, 26662, 47345, 52348, 91357, 79513, 5754, 35714, 2490, 22578, 96554, 34697, 38100, 31400, 47166, 79035, 2556, 69599, 84528, 24513, 79417, 44416, 2520, 16582, 1218, 68138, 31130, 47345, 96168, 61559, 69811, 5754, 37823, 2490, 78536, 93727, 55154, 91717, 63361, 2089, 71402, 96832, 70446, 83686, 92728, 85369, 23099, 49250, 70336, 88128, 39531, 58096, 71602, 80817, 99653, 48978, 65899, 78359, 44551, 69512, 57625, 56943, 30912, 1032, 2235, 55772, 32461, 97255, 47505, 63052, 22061, 99646, 59782, 47578, 62738, 3906, 28889, 57786, 83551, 83653, 51596, 56322, 43382, 48900, 54248, 94003, 27713, 10316, 46263, 57950, 19412, 82422, 17457, 12368, 1785, 58721, 34655, 2748, 91920, 70001, 17033, 91281, 59477, 13564, 65305, 32028, 29461, 13204, 52143, 56569, 16880, 78466, 80194, 6709, 89164, 61148, 85094, 58391, 3506, 35010, 76540, 67107, 41418, 84892, 13078, 60066, 78517, 3460, 66929, 4976, 50543, 44448, 79255, 44312, 88127, 54684, 91977, 39769, 80055, 44086, 92273, 19063, 86339, 27930, 46205, 35204, 36504, 61983, 84436, 94854, 84379, 94183, 89717, 74920, 49139, 52284, 34018, 67054, 17602, 19272, 206, 20013, 15280, 28065, 53006, 18959, 17280, 88402, 33639, 86759, 68130, 86279, 58263, 67761, 86763, 24946, 39338, 54628, 14245, 81494, 10994, 83953, 64145, 57526, 12849, 24802, 27055, 30350, 91121, 3864, 15838, 55555, 96838, 46049, 71447, 55330, 69253, 72242, 26045, 70173, 78042, 1514, 67095, 24831, 85, 57702, 98644, 26234, 57676, 56231, 65787, 24916, 43635, 96658, 67383, 44905, 35966, 35491, 73772, 86577, 28623, 80699, 43864, 77421, 97969, 41960, 89224, 78406, 85581, 85652, 12760, 2226]
Tree:
None

Fitness:
[0.9869246861924686, 0.5024772372692158]