Generation:
60

Phenotype:
def p():
  x = 0.0
  index = 46
  n = 31
  b = 42
  c = sum(opposite[:-index])
  if main[17] > opposite[b] + 6:
    x = (x + 0.6)
  index = 21
  n = 26
  b = 49
  c = sum(main[-index:])
  if opposite[b] > opposite[b] + 4:
    x = (x - 0.1)
  return x
XXX_output_XXX = p()

Genotype:
[61597, 69439, 95717, 48652, 37735, 66828, 73267, 10602, 69096, 31173, 81276, 30999, 27695, 81083, 96766, 34493, 74557, 43136, 69101, 35425, 84168, 78536, 41076, 55154, 86879, 78785, 2089, 88585, 43542, 1394, 48268, 44873, 57625, 72765, 15974, 48322, 75550, 10065, 32461, 565, 90366, 72096, 27690, 76007, 52064, 14563, 4285, 52107, 91095, 14581, 41362, 20513, 75484, 45549, 98999, 39691, 66087, 5314, 95998, 16224, 73705, 90785, 92820, 76597, 76005, 89098, 43858, 34493, 62664, 43136, 69101, 19627, 22164, 31678, 82711, 46735, 84332, 70311, 21652, 26880, 77778, 61663, 43515, 83375, 26691, 68512, 60082, 29041, 25668, 49711, 87154, 2904, 42837, 62686, 97637, 31558, 38316, 56962, 15179, 80783, 18858, 22080, 80512, 62673, 59475, 24650, 75522, 6963, 30333, 60441, 8512, 18600, 24005, 98315, 38923, 47261, 60964, 15480, 3646, 83316, 66891, 2508, 50040, 4785, 84261, 67296, 56927, 20568, 66925, 84186, 75441, 69757, 56470, 52389, 4068, 98104, 47136, 53354, 15597, 26118, 16942, 88289, 11776, 57552, 87412, 32387, 25571, 34368, 27026, 99863, 35449, 52719, 44686, 50803, 10657, 87198, 84301, 18184, 87585, 2625, 15134, 9984, 18243, 86466, 52339, 5243, 18406, 18452, 50921, 76752, 40255, 10939, 37404, 70713, 63377, 62638, 35452, 96028, 79393, 57720, 5484, 21855, 13474, 21816, 37404, 61759, 4861, 42004, 39758, 11463, 61152, 64861, 78076, 71398, 49447, 82336, 59702, 47177, 92552, 44308, 86938, 51072, 71503, 20252, 79516, 68529, 34389, 21698, 82508, 16296, 33020, 24529, 91254, 99268, 53556]
Tree:
None

Fitness:
[0.41631799163179917, 0.5070876605663569]