Generation:
60

Phenotype:
def p():
  x = 0.0
  index = 40
  n = 20
  b = 9
  c = sum(opposite[:-index])
  if opposite[24] > main[b] + 9:
    x = (x - 0.8)
  return x
XXX_output_XXX = p()

Genotype:
[44139, 71944, 85336, 71123, 63433, 30358, 31130, 47281, 80385, 196, 85149, 87829, 51403, 17883, 26299, 7062, 83428, 25649, 36372, 19517, 75863, 38173, 17177, 21562, 78207, 55393, 97665, 94964, 78102, 24992, 24998, 77661, 87716, 67672, 47922, 76005, 88803, 43858, 34493, 59333, 43136, 69101, 59504, 85524, 26555, 96345, 60736, 26481, 12027, 21427, 3406, 99409, 9511, 47537, 11256, 78731, 3483, 66729, 78921, 29034, 91316, 71437, 51676, 66179, 69361, 46172, 78764, 67284, 76231, 44109, 62786, 59442, 93657, 97856, 42960, 69628, 39577, 48947, 51076, 2467, 99120, 78390, 19824, 57631, 77152]
Tree:
None

Fitness:
[1.0, 0.5005226025607525]