Generation:
60

Phenotype:
def p():
  x = 0.0
  index = 4
  n = 5
  b = 48
  c = opposite[b] - sum(opposite[-index:]) - opposite[48] - opposite[b] * main[b]
  if main[15] < opposite[b] + 2:
    x = (x + 1.0)
  return x
XXX_output_XXX = p()

Genotype:
[91567, 44721, 85336, 33893, 34021, 18126, 51974, 47345, 68592, 63394, 95027, 47185, 27320, 71800, 2120, 29727, 73888, 91717, 63361, 39063, 81595, 14076, 71941, 77623, 71831, 11319, 61617, 29966, 25778, 3586, 70897, 39670, 63958, 26832, 63189, 4594, 74832, 88053, 72362, 90976, 89449, 88655, 59333, 43136, 69101, 71994, 83792, 26555, 96345, 59106, 18802, 62740, 4121, 97244, 16831, 34853, 24754, 48311, 1820, 78842, 9010, 28717, 26398, 44461, 50896, 13854, 30714, 68573, 18288, 63198, 90480, 16800, 84941, 11971, 18066, 79772, 28988, 21614, 75175, 2927, 3870, 85863, 70431, 82180, 57496, 27679, 36781, 11093, 22034, 32307, 5785, 50266, 74995, 39985, 93705, 6484, 79700, 70165, 16830, 18935, 93153, 96624, 30877, 66371, 62709, 82105, 43398, 46195, 17133, 10675, 12839, 65240, 9608, 31894, 58379, 87680]
Tree:
None

Fitness:
[1.0, 0.5005226025607525]