Generation:
60

Phenotype:
def p():
  x = 0.0
  index = 49
  n = 12
  b = 41
  c = sum(opposite[-index:])
  if main[b] > opposite[b] + 3:
    x = (x - 0.3)
  return x
XXX_output_XXX = p()

Genotype:
[59371, 77644, 37640, 12869, 22948, 86932, 80847, 13867, 34772, 60398, 18375, 69213, 7380, 1918, 22572, 35825, 4433, 81492, 86692, 85336, 11906, 66895, 7466, 31130, 16548, 44338, 85149, 52726, 1093, 2490, 78536, 96554, 55154, 91717, 35050, 35989, 58362, 23100, 33971, 77756, 54891, 69096, 70401, 67672, 40758, 98651, 88803, 43858, 34493, 62664, 43136, 87705, 19627, 22164, 26555, 82486, 96859, 31769, 1213, 9445, 29107, 72564, 24026, 61558, 41804, 78731, 60421, 77349, 72174, 23161, 92204, 84197, 7449, 39765, 96136, 7331, 5300, 32880, 39217, 3106, 9248, 27544, 375, 97225, 59524, 2954, 27537, 10823, 42222, 84696, 75810, 9452, 75153, 50684, 52984, 15547, 52605, 51801, 16177, 92104, 3369, 24938, 70630, 16, 33542, 59372, 22828, 67555, 67390, 56544, 25155, 29257, 39511, 5946, 3452, 35545, 92338, 5459, 51286, 85502, 56262, 24878, 69893, 31547, 98429, 53932, 33, 6295, 63956, 72744, 99006, 58182, 46150, 90982, 77509, 31922, 30545, 88055, 86863, 12502, 18092, 99996, 52978, 80214, 64522, 24544, 87819, 42070, 17621, 50, 67952, 35062, 21164, 11140, 87916, 9590, 57569, 56281, 3222, 93338, 9489, 48008, 40609, 91732, 22639, 17293, 10308, 99407, 19440, 17920, 87839, 29837, 34114, 62951, 3950, 85293, 25322, 25477, 35710, 41454, 49577, 58993, 40813, 96544, 60920, 35956, 75697, 32604, 41286, 99191, 4021, 85452, 37389, 23016, 78567, 8886, 71219, 87206, 45956, 36647, 53947, 33305, 44930, 72920, 2932, 95950, 12733, 13992, 17640, 21576, 86321, 81701, 1998, 49922, 39790, 92922, 81284, 57022, 47374, 40885, 45674, 16819, 4398, 35620, 10239, 66414, 60530, 1603, 24675, 1584, 23245, 46547, 96487, 44995, 46963, 60042, 57900, 69441, 94918, 95006, 89057, 52638, 18888, 68785, 74407, 75877, 60236, 46793, 13432, 49966, 47697, 45821, 74993, 69666, 21316, 32735, 30228, 81189, 12730, 63708, 35173, 22553, 30293, 93426, 63772, 45702]
Tree:
None

Fitness:
[1.0, 0.5005226025607525]