Generation:
60

Phenotype:
def p():
  x = 0.0
  index = 24
  n = 47
  b = 41
  c = sum(opposite[-index:])
  if main[b] > opposite[b] + 3:
    x = (x - 1.0)
  return x
XXX_output_XXX = p()

Genotype:
[58102, 29788, 37640, 13123, 23484, 91642, 28505, 13867, 34772, 77018, 8724, 69213, 7380, 64883, 22572, 35825, 4433, 88652, 46789, 50273, 19102, 79035, 2556, 11798, 84528, 24513, 79417, 44416, 2520, 16582, 12652, 21077, 23525, 80246, 67672, 40758, 76005, 88803, 92342, 88145, 62664, 43136, 69101, 91128, 74210, 21652, 44389, 41099, 28583, 80287, 94328, 26691, 11298, 65444, 42451, 65148, 16635, 87154, 14221, 60847, 34060, 76419, 47090, 34493, 62664, 43136, 7396, 30937, 77831, 34323, 96345, 60736, 90366, 27614, 27690, 89614, 29034, 9511, 20983, 18501, 51322, 22350, 31834, 3647, 44416, 48102, 16582, 5856, 85080, 70492, 52107, 91095, 1787, 43039, 91951, 99600, 98673, 88690, 48528, 56933, 83705, 21534, 17283, 66502, 93066, 39556, 99378, 20197, 17840, 2440, 27017, 80474, 59381, 88778, 72072, 21489, 69257, 67098, 86475, 25299, 39838, 79093, 16622]
Tree:
None

Fitness:
[1.0, 0.5005226025607525]