Generation:
60

Phenotype:
def p():
  x = 0.0
  index = 39
  n = 4
  b = 47
  c = sum(main[:-index])
  if opposite[b] < main[29] + 5:
    x = 0.3
  return x
XXX_output_XXX = p()

Genotype:
[14541, 42784, 25016, 52312, 91533, 43634, 31063, 85076, 36002, 86584, 30498, 25270, 27551, 43279, 68065, 92742, 70715, 55955, 33175, 65592, 59454, 26885, 85076, 13484, 98510, 32783, 14745, 47783, 40625, 87716, 65743, 5810, 92225, 88803, 43858, 65374, 97993, 43136, 33040, 78659, 24728, 94343, 96345, 12157, 90366, 99860, 5178, 76051, 46459, 86258, 14520, 19904, 13186, 57609, 81775, 96446, 27395, 44307, 39130, 58154, 836, 21803, 25147, 9241, 22455, 49599, 25290, 6333, 54917, 81849, 43457, 51152, 405, 3586, 70897, 39670, 13302, 30716, 56440, 5758, 74832, 88053, 73882, 90976, 22869, 31109, 34056, 29176, 93684, 83999, 13177, 11702, 3864, 61238, 39259, 58152, 35945, 57545, 18814, 34615, 20733, 49584, 26094, 9723, 4389, 26034, 94092, 350, 29840, 23833, 2445, 32810, 78726, 46495]
Tree:
None

Fitness:
[1.0, 0.5005226025607525]