Generation:
60

Phenotype:
def p():
  x = 0.0
  index = 24
  n = 17
  b = 41
  c = sum(opposite[:-index])
  if main[b] > opposite[b] + 3:
    x = (x - 0.2)
  return x
XXX_output_XXX = p()

Genotype:
[15615, 77644, 37640, 5248, 23484, 63074, 39797, 92869, 34772, 63017, 18375, 69213, 2153, 74518, 22572, 99661, 69303, 88652, 55151, 65430, 44439, 51351, 96557, 19102, 79035, 2556, 55975, 84528, 24513, 79417, 44416, 2520, 16582, 1218, 88561, 3406, 52613, 14563, 16200, 52107, 53597, 97562, 43039, 91951, 42453, 98673, 74940, 97596, 56933, 83705, 21534, 79820, 55937, 41099, 28583, 80287, 11472, 26691, 11298, 61828, 2406, 35823, 49711, 87154, 14221, 60847, 62686, 80988, 31558, 38316, 56962, 15179, 80783, 18858, 22080, 80512, 62673, 59475, 24650, 75522, 6963, 30333, 60441, 8512, 18600, 24005, 98315, 38923, 47261, 60964, 15480, 3646, 83316, 66891, 2508, 50040, 4785, 84261, 67296, 56927, 20568, 66925, 84186, 75441, 69757, 56470, 52389, 4068, 98104, 47136, 53354, 15597, 26118, 16942, 88289, 11776, 57552, 87412, 32387, 25571, 34368, 27026, 99863, 35449, 52719, 44686, 50803, 10657, 87198, 84301, 18184, 87585, 2625, 15134, 9984, 18243, 86466, 52339, 5243, 18406, 18452, 50921, 76752, 40255, 10939, 37404, 70713, 63377, 62638, 35452, 96028, 79393, 57720, 5484, 21855, 13474, 21816, 37404, 61759, 4861, 42004, 39758, 11463, 61152, 64861, 78076, 71398, 49447, 82336, 59702, 47177, 92552, 44308, 86938, 51072, 71503, 20252, 79516, 68529, 34389, 21698, 82508, 16296, 33020, 24529, 91254, 99268, 53556]
Tree:
None

Fitness:
[1.0, 0.5005226025607525]