Generation:
60

Phenotype:
def p():
  x = 0.0
  index = 24
  n = 47
  b = 41
  c = sum(opposite[-index:])
  if main[b] > opposite[37] + 2:
    x = (x - 0.7)
  return x
XXX_output_XXX = p()

Genotype:
[36505, 29788, 37640, 13123, 23484, 63074, 28505, 85038, 34772, 35098, 8724, 69213, 7380, 64883, 22572, 32627, 5086, 88132, 52072, 91726, 33887, 45144, 57609, 57601, 64445, 4294, 88803, 82156, 34493, 62664, 33163, 69101, 19627, 73997, 40758, 84288, 88803, 43858, 34493, 62664, 43136, 6391, 19627, 22164, 22416, 99185, 53011, 19286, 69328, 48945, 4145, 49354, 25704, 52257, 32019, 6851, 82233, 82564, 8005, 84585, 37466, 33449, 91759, 89192, 45168, 84073, 34476, 12948, 5493, 98152, 42277, 34636, 50445, 975, 42833, 79741, 28774, 8449, 5078, 37118, 16780, 92254, 89935, 4138, 28452, 62924, 82740, 98293, 52385, 54847, 81666, 76380, 4121, 13049, 16831, 34853, 13529, 909, 1820, 78842, 92598, 32261, 77993, 44461, 20837, 88991, 1014, 44730, 85923, 57369, 69137, 16800, 84814, 93323, 18066, 99343, 28988, 21614, 44320, 84964, 3870, 85863, 70431, 82180, 57496, 27679, 59499, 11093, 22034, 32307, 5785, 50266, 74995, 39985, 93705, 6484, 99425, 70165, 16830, 81331, 93153, 96624, 30877, 66371, 59389, 82105, 79357, 46195, 17133, 5533, 12839, 65240, 70306, 37286, 58379, 3255]
Tree:
None

Fitness:
[1.0, 0.5005226025607525]