Generation:
60

Phenotype:
def p():
  x = 0.0
  index = 8
  n = 14
  b = 42
  c = sum(opposite[:-index])
  if main[17] > opposite[b] + 6:
    x = (x + 0.6)
  return x
XXX_output_XXX = p()

Genotype:
[7598, 80178, 42104, 48652, 34739, 63379, 92579, 49089, 69096, 48744, 7281, 29471, 13929, 88803, 43858, 34493, 74557, 43136, 69101, 64075, 59700, 28505, 13867, 56740, 20688, 40056, 13769, 16180, 1918, 22572, 35825, 4433, 81492, 364, 66666, 81720, 33971, 35663, 91525, 90834, 87716, 49482, 40758, 77388, 88803, 43858, 34493, 46472, 43136, 49896, 33887, 48266, 9415, 77037, 60736, 85851, 17883, 27690, 27281, 21265, 14563, 16200, 52107, 91095, 22117, 40758, 34151, 99408, 78093, 34493, 48673, 43136, 81602, 13945, 17991, 95144, 62401, 60001, 20486, 76440, 23422, 37589, 75772, 72829, 53582, 2592, 72121, 18030, 2166, 20587, 24424, 72415, 7617, 17858, 53122, 5314, 43935, 98803, 27884, 86785, 65332, 67153, 86681, 68641, 36700, 15590, 29102, 12132, 46333, 23896, 38851, 56907, 70856, 81512, 17422, 99849, 53348, 65218, 60564, 77737, 4216, 70627, 3119, 12073, 16122, 62355, 17742, 49811, 30214, 61346, 14817, 94345, 3720, 29410, 95809, 5512, 46392, 61591, 93827, 75335, 76722, 16117, 96001, 603, 67760, 83028, 79996, 63918, 78253, 75620, 34642, 13927, 18898, 67158, 91907, 35792, 31142, 22708, 11319, 78576, 88566, 75058, 24148, 38028, 20533, 27611, 23644, 57961]
Tree:
None

Fitness:
[0.41631799163179917, 0.5070876605663569]