Generation:
60

Phenotype:
def p():
  x = 0.0
  index = 17
  n = 42
  b = 29
  c = sum(main[:-index])
  if main[17] > main[b] + 6:
    x = (x + 0.8)
  return x
XXX_output_XXX = p()

Genotype:
[61597, 85057, 47300, 8963, 23579, 2419, 67668, 16224, 24866, 29514, 79497, 87090, 76005, 88803, 43858, 34493, 62664, 43136, 69101, 19627, 92738, 82592, 31238, 20122, 36470, 78604, 27129, 6462, 33189, 37403, 67132, 47783, 24513, 79417, 44416, 2520, 19349, 18878, 34493, 62664, 43136, 38946, 28326, 22164, 14215, 89759, 50202, 32889, 20396, 69953, 32886, 5754, 34079, 2490, 48174, 33632, 55154, 61083, 87020, 2089, 33520, 26613, 5425, 48652, 31065, 23563, 66081, 26927, 60478, 65298, 65743, 5810, 4833, 88803, 52503, 6198, 95511, 80034, 8531, 97544, 38086, 51476, 61982, 7961, 46219, 76240, 95232, 9752, 96717, 84380, 74242, 35800, 17589, 62664, 43136, 7396, 61870, 77831, 34323, 96345, 60736, 69619, 63627, 27690, 89614, 29034, 9511, 20983, 18501, 51322, 22350, 31834, 3647, 44416, 48102, 16582, 5856, 85080, 70492, 52107, 91095, 1787, 43039, 91951, 99600, 98673, 88690, 48528, 56933, 83705, 21534, 17283, 66502, 93066, 39556, 99378, 20197, 17840, 2440, 27017, 80474, 59381, 88778, 72072, 21489, 69257, 67098, 86475, 25299, 39838, 79093, 16622]
Tree:
None

Fitness:
[0.41631799163179917, 0.5070876605663569]