Generation:
60

Phenotype:
def p():
  x = 0.0
  index = 4
  n = 46
  b = 42
  c = main[39]
  if main[17] > main[b] + 6:
    x = (x + 1.0)
  return x
XXX_output_XXX = p()

Genotype:
[35078, 41180, 92160, 8806, 87469, 28362, 33145, 99100, 69096, 90711, 67672, 40758, 9066, 88803, 43858, 34493, 62664, 43136, 69101, 8159, 43100, 96702, 28998, 48053, 14221, 89258, 39220, 54242, 29873, 81462, 77388, 88803, 43858, 34493, 19248, 98339, 65736, 10739, 5178, 76051, 46459, 86258, 14520, 19904, 13186, 47227, 81775, 96446, 61283, 51342, 39130, 58154, 396, 53355, 25147, 9241, 22455, 67636, 25290, 6333, 93535, 81849, 43457, 51152, 405, 3586, 70897, 39670, 13302, 30716, 56440, 5758, 74832, 88053, 73882, 90976, 22869, 31109, 34056, 29176, 93684, 83999, 13177, 11702, 3864, 61238, 39259, 58152, 35945, 57545, 18814, 34615, 14962, 91061, 57812, 9723, 48787, 26034, 94092, 350, 29840, 23833, 2445, 32810, 96643, 46495]
Tree:
None

Fitness:
[0.41631799163179917, 0.5070876605663569]