Generation:
60

Phenotype:
def p():
  x = 0.0
  index = 9
  n = 12
  b = 3
  c = main[41]
  if main[17] > opposite[b] + 6:
    x = 0.2
  return x
XXX_output_XXX = p()

Genotype:
[12935, 99230, 91664, 74267, 5313, 72054, 97065, 3057, 8622, 70401, 67672, 40758, 41606, 77443, 43858, 34493, 80593, 43136, 97155, 25961, 22164, 10693, 16939, 8500, 28837, 37330, 90143, 65899, 65402, 6053, 7790, 57150, 82387, 90886, 86050, 712, 93615, 28617, 20704, 14759, 39102, 27618, 76454, 43136, 69101, 27425, 2150, 73694, 75562, 33040, 85369, 80874, 7914, 4137, 23381, 1286, 88875, 37899, 64749, 46459, 86258, 71917, 68849, 13186, 57609, 10201, 96446, 27395, 44307, 39130, 21622, 836, 21803, 77675, 96759, 22455, 49599, 25290, 6333, 54917, 81849, 43457, 51152, 405, 3586, 11332, 39670, 13302, 30716, 56440, 5758, 74832, 88053, 73882, 90976, 22869, 31109, 34056, 29176, 93684, 83999, 13177, 11702, 3864, 61238, 39259, 58152, 35945, 57545, 18814, 34615, 20733, 49584, 26094, 9723, 4389, 26034, 94092, 350, 29840, 23833, 2445, 32810, 78726, 46495]
Tree:
None

Fitness:
[0.41631799163179917, 0.5070876605663569]