Generation:
60

Phenotype:
def p():
  x = 0.0
  index = 1
  n = 21
  b = 42
  c = sum(main[-index:])
  if main[17] > opposite[b] + 6:
    x = (x + 0.8)
  index = 11
  n = 1
  b = 24
  c = main[9]
  if opposite[b] < opposite[9] + 6:
    x = (x * 0.4)
  return x
XXX_output_XXX = p()

Genotype:
[5822, 91606, 5425, 35250, 66046, 33971, 30468, 23338, 69096, 16697, 32292, 20824, 5022, 88803, 47966, 34493, 76853, 43136, 69101, 30937, 83792, 72951, 61364, 33040, 9283, 29721, 25983, 28853, 70669, 42702, 47796, 37899, 64749, 81359, 4803, 21056, 43858, 34493, 62664, 43136, 69101, 54959, 83792, 57271, 96345, 60736, 7636, 69394, 66895, 86926, 72885, 47345, 24814, 89658, 79203, 51864, 35293, 9550, 24184, 84332, 24580, 21652, 26880, 39364, 61663, 43515, 83375, 11907, 68512, 60082, 29417, 40556, 49711, 87154, 2904, 60847, 62686, 97637, 31558, 38316, 56962, 15179, 80783, 18858, 22080, 80512, 62673, 59475, 24650, 75522, 6963, 30333, 60441, 8512, 18600, 24005, 98315, 38923, 47261, 60964, 15480, 3646, 83316, 66891, 2508, 50040, 4785, 84261, 67296, 56927, 20568, 66925, 84186, 75441, 69757, 56470, 52389, 4068, 98104, 47136, 53354, 15597, 26118, 16942, 88289, 11776, 57552, 87412, 32387, 25571, 34368, 27026, 99863, 35449, 52719, 44686, 50803, 10657, 87198, 84301, 18184, 87585, 2625, 15134, 9984, 18243, 86466, 52339, 5243, 18406, 18452, 50921, 76752, 40255, 10939, 37404, 70713, 63377, 62638, 35452, 96028, 79393, 57720, 5484, 21855, 13474, 21816, 37404, 61759, 4861, 42004, 39758, 11463, 61152, 64861, 78076, 71398, 49447, 82336, 59702, 47177, 92552, 44308, 86938, 51072, 71503, 20252, 79516, 68529, 34389, 21698, 82508, 16296, 33020, 24529, 91254, 99268, 53556]
Tree:
None

Fitness:
[0.41631799163179917, 0.5070876605663569]