Generation:
60

Phenotype:
def p():
  x = 0.0
  index = 40
  n = 1
  b = 42
  c = main[47]
  if main[39] > main[b] + 6:
    x = (x / 0.8)
  index = 36
  n = 12
  b = 42
  c = main[15]
  if main[17] > main[b] + 6:
    x = (x + 0.2)
  return x
XXX_output_XXX = p()

Genotype:
[86180, 75489, 5425, 48652, 73225, 2522, 36262, 56624, 69096, 59931, 67672, 11006, 77975, 88803, 62126, 11616, 96600, 43136, 30854, 90947, 22164, 66666, 69753, 45616, 58254, 91525, 69096, 34297, 16231, 40758, 76005, 88803, 11910, 34493, 62664, 43136, 30716, 63361, 50275, 11121, 48655, 50695, 95210, 27322, 55627, 98027, 50657, 88803, 60986, 5753, 62664, 43136, 69101, 98701, 43292, 9415, 43276, 52121, 43028, 27690, 81722, 55154, 14467, 67672, 40758, 41444, 88803, 43858, 34493, 80453, 43136, 48446, 59670, 33485, 44461, 93603, 88991, 10740, 68573, 18288, 57369, 7391, 16800, 84814, 11971, 18066, 79772, 28988, 21614, 75175, 2927, 3870, 85863, 70431, 82180, 57496, 27679, 36781, 11093, 22034, 32307, 5785, 50266, 74995, 39985, 93705, 6484, 79700, 70165, 16830, 18935, 93153, 96624, 30877, 66371, 62709, 82105, 43398, 46195, 17133, 10675, 12839, 65240, 9608, 31894, 58379, 87680]
Tree:
None

Fitness:
[0.41631799163179917, 0.5070876605663569]