Generation:
60

Phenotype:
def p():
  x = 0.0
  index = 0
  n = 5
  b = 42
  c = opposite[7]
  if main[17] > main[b] + 6:
    x = 0.5
  index = 31
  n = 45
  b = 47
  c = sum(opposite[:-index])
  if c < sum(opposite[:-index]):
    x = (x + 0.9)
  return x
XXX_output_XXX = p()

Genotype:
[85133, 37588, 36229, 89409, 57120, 93695, 48455, 29064, 64914, 32991, 67672, 66795, 14134, 77358, 48034, 34493, 62664, 3216, 90680, 63454, 61376, 70935, 3601, 46491, 90366, 51998, 69101, 19094, 13299, 47093, 56479, 52417, 77349, 10650, 8125, 13947, 93061, 92138, 19102, 2143, 2556, 22750, 82412, 94283, 79417, 44416, 2520, 16582, 1218, 35714, 4433, 81492, 15733, 75685, 69101, 70598, 83792, 26555, 96345, 59106, 81666, 74718, 44390, 59454, 58122, 34853, 17961, 3045, 67938, 62045, 20304, 17789, 97863, 40982, 92219, 13785, 64580, 21318, 61684, 17541, 60661, 12803, 45173, 63622, 29467, 40758, 25365, 67023, 27096, 34493, 73694, 53531, 8110, 19627, 22164, 28431, 88770, 60736, 90366, 10113, 93360, 98463, 90598, 96832, 70446, 45091, 95214, 76884, 72601, 95720, 79277, 88128, 82360, 99603, 17107, 2077, 16411, 3561, 84385, 78359, 5580, 69512, 57625, 72765, 74567, 1032, 75550, 91359, 32461, 4382, 46388, 19038, 58786, 33258, 14990, 58212, 86584, 65348, 38335, 90177, 43279, 38745, 28107, 57745, 55955, 63073, 84260, 45705, 32181, 43856, 6094, 78436, 60597, 40106, 91835, 82800, 76596, 97583, 7501, 84160, 29745, 27442, 35719, 33961, 45056, 92881, 94344, 59310, 84446, 20584, 47419, 57453, 1888, 88896, 6551, 84404, 2525]
Tree:
None

Fitness:
[0.41631799163179917, 0.5070876605663569]