Generation:
60

Phenotype:
def p():
  x = 0.0
  index = 23
  n = 24
  b = 42
  c = sum(main[:-index])
  if main[17] > main[b] + 6:
    x = (x + 0.8)
  index = 17
  n = 48
  b = 2
  c = opposite[47]
  if abs(sum(main[:-index]) - sum(opposite[:-index])) > 500:
    x = (x + 0.1)
  return x
XXX_output_XXX = p()

Genotype:
[94328, 92596, 6077, 79474, 69485, 33971, 82134, 78721, 69096, 83376, 63459, 98002, 29675, 76923, 43858, 34493, 62664, 43136, 5441, 64517, 34840, 70364, 13838, 75839, 60330, 93985, 73952, 82604, 51034, 45351, 14480, 59490, 4108, 78477, 50155, 19627, 43876, 7380, 99678, 97564, 45847, 1, 33971, 19136, 66187, 69096, 24028, 67672, 81146, 23107, 88803, 74210, 34493, 4200, 43136, 48446, 93193, 59074, 75685, 69101, 70598, 83792, 26555, 96345, 59106, 81666, 74718, 44390, 59454, 58122, 34853, 17961, 3045, 67938, 62045, 20304, 17789, 97863, 40982, 92219, 13785, 64580, 21318, 61684, 17541, 60661, 12803, 45173, 63622, 29467, 40758, 25365, 67023, 27096, 34493, 73694, 53531, 8110, 19627, 22164, 28431, 88770, 60736, 90366, 10113, 93360, 98463, 90598, 96832, 70446, 45091, 95214, 76884, 72601, 95720, 79277, 88128, 82360, 99603, 17107, 2077, 16411, 3561, 84385, 78359, 5580, 69512, 57625, 72765, 74567, 1032, 75550, 91359, 32461, 4382, 46388, 19038, 58786, 33258, 14990, 58212, 86584, 65348, 38335, 90177, 43279, 38745, 28107, 57745, 55955, 63073, 84260, 45705, 32181, 43856, 6094, 78436, 60597, 40106, 91835, 82800, 76596, 97583, 7501, 84160, 29745, 27442, 35719, 33961, 45056, 92881, 94344, 59310, 84446, 20584, 47419, 57453, 1888, 88896, 6551, 84404, 2525]
Tree:
None

Fitness:
[0.41631799163179917, 0.5070876605663569]