Generation:
60

Phenotype:
def p():
  x = 0.0
  index = 28
  n = 24
  b = 42
  c = sum(opposite[:-index])
  if main[17] > main[b] + 6:
    x = (x + 0.4)
  index = 36
  n = 8
  b = 1
  c = sum(main[:-index])
  if c < sum(main[-index:]):
    x = (x * 0.3)
  return x
XXX_output_XXX = p()

Genotype:
[35290, 61566, 5425, 42620, 72142, 13452, 82134, 52528, 69096, 68956, 35571, 98027, 25403, 66793, 43858, 34493, 62664, 35026, 69101, 75293, 97600, 69811, 50526, 26885, 85076, 19102, 2143, 2556, 14745, 49598, 24513, 79417, 84849, 2520, 16582, 1218, 14563, 70492, 76542, 8167, 60330, 93985, 37927, 82604, 51034, 45351, 17549, 98587, 4108, 78477, 50155, 19627, 22164, 64363, 96345, 43781, 26648, 43136, 54420, 59670, 22164, 10472, 97318, 84571, 90366, 91525, 69096, 87716, 68115, 40758, 59345, 88803, 91214, 98678, 30783, 21652, 70203, 41099, 28583, 80287, 11472, 26691, 11298, 61828, 2406, 35823, 49711, 87154, 14221, 60847, 62686, 80988, 31558, 38316, 56962, 15179, 80783, 18858, 22080, 80512, 62673, 59475, 24650, 75522, 6963, 30333, 60441, 8512, 18600, 24005, 98315, 38923, 47261, 60964, 15480, 3646, 83316, 66891, 2508, 50040, 4785, 84261, 67296, 56927, 20568, 66925, 84186, 75441, 69757, 56470, 52389, 4068, 98104, 47136, 53354, 15597, 26118, 16942, 88289, 11776, 57552, 87412, 32387, 25571, 34368, 27026, 99863, 35449, 52719, 44686, 50803, 10657, 87198, 84301, 18184, 87585, 2625, 15134, 9984, 18243, 86466, 52339, 5243, 18406, 18452, 50921, 76752, 40255, 10939, 37404, 70713, 63377, 62638, 35452, 96028, 79393, 57720, 5484, 21855, 13474, 21816, 37404, 61759, 4861, 42004, 39758, 11463, 61152, 64861, 78076, 71398, 49447, 82336, 59702, 47177, 92552, 44308, 86938, 51072, 71503, 20252, 79516, 68529, 34389, 21698, 82508, 16296, 33020, 24529, 91254, 99268, 53556]
Tree:
None

Fitness:
[0.41631799163179917, 0.5070876605663569]