Generation:
60

Phenotype:
def p():
  x = 0.0
  index = 0
  n = 18
  b = 42
  c = main[15]
  if main[17] > opposite[b] + 6:
    x = (x + 0.2)
  index = 31
  n = 15
  b = 41
  c = sum(opposite[:-index])
  if sum(main[:-index]) > sum(main[:-index]) / sum(main[-index:]) - main[b] + sum(main[-index:]):
    x = (x / 0.9)
  return x
XXX_output_XXX = p()

Genotype:
[1158, 62115, 75489, 37198, 57120, 57600, 62085, 47041, 69096, 87716, 67672, 40758, 76005, 34343, 39902, 34493, 88925, 43136, 69101, 57261, 23648, 22848, 18442, 59106, 81666, 65488, 4121, 52710, 62304, 28863, 25993, 11016, 29241, 65298, 74567, 23014, 6947, 22398, 88803, 20798, 17059, 78659, 43136, 32312, 297, 22164, 10472, 96345, 29981, 90366, 91525, 69096, 87716, 17322, 40758, 45090, 45474, 43858, 52591, 61728, 43136, 64771, 19627, 83792, 26555, 96345, 60736, 15256, 82655, 25476, 46607, 62401, 60001, 20486, 9489, 84344, 95098, 22663, 19403, 14329, 31973, 51322, 22350, 45470, 14463, 68982, 70081, 74928, 54178, 82323, 99263, 95255, 91656, 20126, 48845, 11544, 73428, 5930, 96325, 82055, 10245, 11102, 64445, 28728, 17197, 16608, 73342, 18195, 47082, 76384, 51069, 98525, 17356, 53752, 21108, 27037, 97585, 75508, 41437, 18809, 63371, 7608, 41282, 59179, 86310, 79157, 43788, 47381, 89725, 52427, 22445, 74611, 70044, 22692, 99498, 46364, 41583, 91753, 37640, 2810, 39399, 68759, 89029, 30778, 80267, 32134, 55349, 75772, 5978, 48946, 51365, 26640, 44196, 88471, 81733, 50451, 24580, 95617, 78913, 16226, 90272, 37078, 86578, 15971, 61737, 97300, 98658, 32918, 37394, 82348, 16837, 54902, 2170, 73882, 32407, 73617, 63820, 55188, 86189, 20111, 48837, 21143, 525, 4750, 81181, 52229, 84760, 12685, 70659, 68116, 72253, 462, 27240, 77092, 35014, 21967, 8296, 78997, 66297, 5668, 63577, 73345, 34924, 76662, 70252, 74007, 52766, 56618, 65634, 70201, 5735, 8781, 23870, 41570, 94273, 37755, 68119, 32797, 35641, 63299, 49230, 10942, 99769, 72081, 8403, 19062, 82912, 92956, 87305, 11513, 19682, 98164, 74947, 46046, 98973, 67590, 34720, 50929, 79649, 96242, 78190, 57725, 12721, 59524, 77709, 88175, 50511, 27297, 95500, 89233, 53310, 35817, 21811, 36157, 59747, 42225, 93932, 74688, 53739, 84096, 41100, 30437, 16559, 48840, 25189, 19071, 66818, 50380, 72708, 30877, 20230, 34593, 56628, 52520, 57970, 25780, 67274, 28304, 19123, 81691, 3132, 74621, 30507, 42828, 41250, 27023, 90946, 96507, 98633, 63504, 65822, 2075, 98865, 79406, 25584, 34567, 25980, 80743, 70095, 49914, 1202, 51775, 33804, 37867, 1039, 21278, 54746, 284, 51651, 46234, 24839, 90121, 43429, 55004, 648, 65114, 10499, 85951, 92035, 74006, 11240, 6729, 14524, 23297, 6042, 6644, 74219, 88096, 18493, 11657, 79234, 63113, 71787, 62845, 74707, 39242, 40971, 89868, 70619, 30249, 61599, 8429, 1686, 98450, 66262, 33617, 53763, 60825, 53568, 65166, 44280, 80627, 19359, 1682, 24674, 16210, 2664, 26766, 80919, 72420, 14576, 21712, 50006, 85214, 73305, 42543, 64887, 9161, 17694, 14854, 98957, 91347, 51898, 19693, 12501, 66905, 69413, 64435, 34106, 36976, 43119, 26554, 78549, 56861, 62776, 46364, 941, 31963, 98781, 42233, 88895, 48798, 54043, 44748, 16811, 5427, 45182, 44436]
Tree:
None

Fitness:
[0.41631799163179917, 0.5070876605663569]