Generation:
17

Phenotype:
def p():
  x = 0.0
  n = 38
  b = 44
  c = sum(main[-n:])/n
  if opposite[20] > opposite[37] + 5:
    x = (x + 0.1)
  return x
XXX_output_XXX = p()

Genotype:
[12465, 63927, 83956, 22170, 76334, 84611, 17996, 78528, 61407, 99090, 8434, 5007, 3029, 87339, 52975, 64095, 73746, 63500, 36788, 99689, 33938, 59793, 16850, 26447, 22920, 55460, 77582, 96399, 87909, 55268, 64326, 8303, 19683, 28710, 84326, 54456, 50076, 62803, 43922, 77521, 80482, 45719, 94026, 41531, 77325, 5685, 73889, 51518, 5254, 14101, 21143, 11353, 93119, 73640, 42178, 50189, 63952, 63214, 68048, 68153, 61968, 95832, 19092, 46132, 50459, 14886, 48803, 90857, 30004, 75441, 15286, 25266, 95482, 39781, 16499, 91694, 22918, 21539, 54008, 42298, 39696, 31898, 70644, 83870, 354, 42220, 60800, 19563, 66459, 21144, 94903, 8159, 14246, 47876, 84294, 16860, 64113, 9988, 49188, 11671, 71243, 4742, 24728, 48766, 35866, 62638, 35095, 98370, 31207, 13044, 27851, 50512, 93557, 56654, 34022, 40636, 25916, 67437, 5703, 81059, 8265, 73043, 54355, 96936, 6852, 85800, 38184, 59541, 99640, 7448, 45974, 52526, 84789, 8160, 32436, 94821, 58662, 83288, 14949, 28490, 52508, 50110, 42439, 29183, 33899, 95452, 62071, 75529, 8270, 61441, 95813, 22145, 24458, 14576, 62294, 63937, 16943, 17580, 48517, 80133, 69780, 33442, 31696, 42679, 66408, 2961, 86772, 81662, 57532, 41677, 99576, 54927, 10062, 84805, 22270, 20062, 45568, 65867, 48972, 41543, 35352, 65085, 75490, 59484, 49262, 99637, 48762, 46443, 54562]
Tree:
None

Fitness:
[0.9861111111111112, 0.5893777972368166]