Generation:
17

Phenotype:
def p():
  x = 0.0
  n = 28
  b = 27
  c = sum(main[-n:])/n
  if opposite[20] > opposite[24] + 7:
    x = (x + 0.9)
  return x
XXX_output_XXX = p()

Genotype:
[31115, 73584, 83956, 14434, 79333, 59336, 68214, 39423, 2580, 54622, 4290, 5007, 3029, 87339, 53268, 56217, 81441, 10568, 71762, 86451, 96152, 2147, 79638, 15254, 73818, 28239, 29120, 18698, 3120, 57262, 78528, 73642, 94635, 79328, 99911, 34740, 85829, 22617, 20634, 96927, 25935, 99016, 5225, 33597, 59517, 44569, 17880, 40018, 32547, 48883, 65288, 64660, 80086, 81466, 82964, 17920, 52054, 59398, 48796, 79089, 14670, 14346, 27986, 756, 39292, 67641, 34102, 85536, 35163, 60867, 29693, 36191, 68267, 59367, 52142, 36544, 40371, 60173, 3225, 93250, 34893, 93847, 48256, 70802, 44683, 41067, 14914, 78279, 55268, 66925, 62010, 56274, 28710, 84326, 54456, 50076, 62803, 43922, 77521, 47278, 45719, 94026, 10941, 77325, 5685, 73889, 51518, 5254, 72166, 21143, 11353, 93119, 33272, 42178, 50189, 63952, 63214, 68048, 68153, 61968, 95832, 19092, 46132, 87688, 14886, 48803, 90857, 30004, 75441, 15286, 25266, 95482, 39781, 20272, 37138, 22918, 21539, 54008, 25056, 39696, 31898, 70644, 83870, 354, 42220, 49645, 19563, 66459, 3815, 94903, 8159, 14246, 47876, 85843, 51794, 64113, 9988, 49188, 11671, 71243, 4742, 24728, 48766, 35866, 62638, 35095, 98370, 31207, 13044, 27851, 50512, 93557, 56654, 34022, 40636, 25916, 67437, 5703, 81059, 8265, 73043, 54355, 96936, 6852, 85800, 38184, 59541, 99640, 7448, 45974, 52526, 84789, 8160, 32436, 94821, 58662, 83288, 14949, 28490, 52508, 50110, 42439, 29183, 33899, 95452, 62071, 75529, 8270, 61441, 95813, 22145, 24458, 14576, 62294, 63937, 16943, 17580, 48517, 80133, 69780, 33442, 31696, 42679, 66408, 2961, 86772, 81662, 57532, 41677, 99576, 54927, 10062, 84805, 22270, 20062, 45568, 65867, 48972, 41543, 35352, 65085, 75490, 59484, 49262, 99637, 48762, 46443, 54562]
Tree:
None

Fitness:
[0.9305555555555556, 0.5969765518583382]