Generation:
7

Phenotype:
def p():
  x = 0.0
  index = 17
  if main[index] < 1:
    if opposite[index] > main[index] + 0.01:
      x = (x - 0.0001)
  else:
    if opposite[index] < opposite[index] + 6:
      x = (x + 0.5)
    else:
      x = (x + 0.7)
  index = 27
  if abs(sum(main) - sum(opposite)) > 1000:
    x = (x + 0.001)
  return x
XXX_output_XXX = p()

Genotype:
[78092, 44787, 18913, 46021, 10365, 13835, 87788, 42971, 16574, 42277, 50653, 80259, 7939, 63781, 89871, 62736, 48230, 24762, 45868, 83900, 68340, 11554, 48543, 22611, 86687, 36945, 31862, 2548, 93775, 46146, 60649, 38459, 92144, 23252, 49671, 94186, 2352, 83665, 27334, 35377, 38748, 6888, 82893, 4260, 7039, 9792, 29989, 22567, 60752, 32540, 68581, 58549, 47912, 30092, 58171, 74039, 88201, 5891, 40401, 57487, 32779, 41663, 98666, 8508, 61192, 67345, 10252, 54770, 80989, 84421, 71372, 99961, 2532, 19072, 81479, 67766, 35325, 9771, 16879, 15499, 58483, 20631, 68290, 49228, 21864, 18515, 56709, 98008, 57118, 47959, 58636, 46414, 25301, 62173, 91577, 12807, 18740, 96733, 75951, 4125, 62982, 83437, 92723, 13602, 81519, 78827, 87276, 30497, 91637, 2579, 54249, 55369, 98236, 78756, 89127, 42451, 75726, 28174, 16425, 2770, 98613, 13008, 17970, 70093, 8452, 64267, 32707, 15771, 87041, 14134, 79034, 20449, 54961, 74666, 58825, 31416, 51793, 11008, 90281, 64951, 88195, 86883, 61283, 83959, 29752, 26091, 21717, 56823, 90439, 24379, 18626, 70836, 36503, 63583, 34363, 99741, 81807, 88900, 67307, 55951, 273, 92921, 18072, 7090, 92607, 371, 92558, 53978, 88633, 7610, 82297, 31828, 15772]
Tree:
None

Fitness:
[0.8651685393258427, 0.5546727281816337]