Generation:
7

Phenotype:
def p():
  x = 0.0
  index = 31
  if main[index] < 1:
    if main[index] > opposite[index] + 0.000001:
      x = (x - 0.3)
  else:
    if main[index] > opposite[index] + 9:
      x = (x - 0.01)
    else:
      x = (x + 0.3)
  index = 27
  if main[index] < 1:
    if opposite[index] > main[index] + 0.5:
      x = (x + 1.0)
  else:
    if main[index] < opposite[index] + 2:
      x = (x + 0.2)
    else:
      x = (x - 1.0)
  index = 32
  if main[index] < 1:
    if opposite[index] > main[index] + 0.00001:
      x = (x - 0.2)
  else:
    if main[index] < main[index] + 2:
      x = (x - 0.001)
    else:
      x = (x - 0.8)
  index = 29
  if sum(main) / 52 < sum(main) / 52 - sum(opposite[:-index]) + sum(main) / 52 - sum(main) / 52:
    x = (x - 0.00001)
  return x
XXX_output_XXX = p()

Genotype:
[1557, 45506, 86246, 6197, 42359, 4943, 424, 21884, 98919, 69265, 10201, 15688, 5764, 68124, 62825, 23549, 75283, 79525, 46162, 17672, 26369, 67487, 11155, 33317, 8044, 2799, 27926, 88362, 492, 63327, 10421, 49296, 32865, 19372, 77378, 75911, 86115, 11343, 52448, 8579, 22028, 83570, 97940, 15369, 95014, 37506, 90173, 53831, 61833, 18892, 78822, 50812, 81603, 41092, 13223, 39053, 57248, 82101, 60557, 4261, 12331, 80764, 76231, 65510, 45109, 83218, 54494, 28498, 65795, 40415, 88384, 91897, 24928, 80221, 82561, 10914, 19811, 54284, 59571, 77131, 232, 13505, 36770, 26488, 7688, 91172, 4997, 7535, 27297, 33318, 85840, 83328, 95308, 45019, 55831, 32882, 88406, 86583, 98635, 49696, 2997, 82121, 58969, 96927, 35824, 68016, 19624, 48722, 28681, 27117, 43945, 13691, 73377, 3925, 51497, 78219, 14179, 68508, 15070, 45046, 11006, 40234, 15345, 38022, 7233, 34578, 15999, 92794, 39448, 68770, 26038, 26976, 19243, 80275, 87285, 5750, 42209, 58180, 72980, 9436, 67017, 55632, 25156, 94763, 19971, 90866, 40196, 43819, 32504, 66211, 8823, 93487, 57925, 83501, 43708, 90034, 10170, 35251, 23581, 94786, 438, 56887, 3605, 38047, 63141, 43303, 64180, 37644, 17764, 14761, 60553, 68044, 99553, 97992, 45001, 79409, 36591, 24095, 22519, 66514, 63491, 51548, 53011, 80458, 98463, 52185, 11076, 77416, 2335, 56969, 29691, 87531, 25459, 15467, 1481, 50361, 48343, 4407, 84250, 30228, 34335, 30723, 44864, 37133, 90567, 69930, 14316, 21223, 90339, 63264, 66366, 32506, 61872, 95597, 38859, 98853, 3302, 66211, 84294, 13973, 31321, 74087, 74230, 59155, 81286, 95755, 44950, 88433, 5365, 89082, 12970, 52110, 10850, 33866, 73778, 98187, 76920, 54487, 55345, 49798, 47345, 38032, 57319, 15064, 87526, 3728, 28176, 25411, 75254, 98019, 9707, 27759, 83669, 3832, 43293, 41517, 98313, 7297, 95044, 76153, 68059, 41013, 26344, 1623, 32811, 98442, 99060, 14145, 29004, 67654, 25600, 71940, 34864, 59787, 61087, 75447, 16718, 8540, 84828, 91167, 31843, 12025, 39408, 10305, 53445, 40944, 64302, 5054, 24555, 22090, 25470, 8482, 36736, 51217, 82263, 62271, 31694, 7259, 36256, 30539, 21265, 1206, 4453, 87685, 32335, 66736, 38603, 21667, 65550, 55776, 71835, 22632, 56894, 57691, 6751, 67237, 8388, 3450, 36220, 37822, 77017, 71755, 62616, 1074, 99652, 65331, 52841, 40230, 46543, 21150, 16849, 97610, 76171, 55098, 99748, 95987, 83606, 35599, 15853, 87750, 16146, 96772, 19031, 99131, 33414, 34417, 75464, 47127, 47108, 6786, 22718, 94765, 2300, 30548, 66062, 35866, 77498, 98504, 24480, 72895, 81282, 17129, 70339, 66912, 88500, 30279, 77266, 59482, 16159, 49906, 16947, 95313, 60347, 98876, 36466, 73620, 38269, 48391, 37170, 39358, 7545, 73472, 66683, 96619, 97021, 48033, 11917, 1588, 29088, 770, 29850, 20090, 47091, 94967, 57392, 7120, 18429, 64392, 71683, 56196, 43348, 97878, 67539, 39866, 51, 14098, 62064, 63846, 84949, 89246, 13073, 6454, 26392, 89987, 6037]
Tree:
None

Fitness:
[0.8707865168539326, 0.5481909553649407]