Generation:
60

Phenotype:
def p():
  x = 0.0
  index = 32
  n = 24
  b = 43
  c = sum(opposite[-index:])
  if abs(sum(main[-index:]) - sum(opposite[-index:])) > 1000:
    x = 0.4
  return x
XXX_output_XXX = p()

Genotype:
[18820, 19785, 5780, 76005, 26705, 36474, 96567, 68371, 85264, 63279, 77109, 76777, 63090, 42605, 8894, 85242, 55596, 5248, 86060, 22553, 88791, 95362, 61693, 33734, 19769, 84970, 79316, 49642, 29669, 8894, 35730, 65048, 95362, 43284, 10425, 86124, 32766, 31714, 41564, 83546, 71684, 17736, 5707, 28992, 91820, 49054, 42956, 39946, 39493, 34982, 14081, 47633, 71046, 45958, 32499, 48674, 43671, 57415, 96671, 90615, 66257, 62984, 56308, 22236, 56588, 74371, 2308, 41079, 67096, 86875, 13541, 3526, 26489, 72955, 92241, 70916, 34726, 68983, 60969, 26612, 73967, 37796, 7938, 4438, 62011, 72488, 85360, 39632, 54850, 56856, 14263, 39182, 31741, 56792, 27582, 72723, 18969, 41495, 75228, 83584, 98342, 96741, 25701, 89232, 74996, 56027, 71919, 57157, 68219, 8616, 18543, 29618, 93773, 84292, 24853, 16892, 49638, 61284, 71456, 92361, 63597, 97266, 29913, 1188, 64977, 8281, 11675, 92465, 88330, 63234, 32079, 51956, 43506, 33116, 40497, 29549, 21979, 63037, 45730, 90053, 42948, 99866, 54077, 9004, 51756, 76776, 39761, 14611, 67162, 54070, 81291, 41352, 85138, 24180]
Tree:
None

Fitness:
[0.986362667803111, 0.7271231865046657]