Generation:
60

Phenotype:
def p():
  x = 0.0
  index = 44
  n = 15
  b = 25
  c = opposite[b]
  if abs(sum(main) - sum(opposite)) > 1000:
    x = (x + 0.1)
  return x
XXX_output_XXX = p()

Genotype:
[93442, 79884, 85376, 96567, 86285, 91899, 77892, 63883, 82186, 66077, 23575, 85401, 68050, 28939, 60018, 83476, 47320, 25436, 21506, 97611, 23575, 61422, 96286, 66760, 17648, 43284, 10425, 86124, 32766, 31714, 41564, 83546, 71684, 17736, 5707, 28992, 91820, 49054, 42956, 39946, 39493, 34982, 14081, 47633, 71046, 45958, 32499, 48674, 43671, 57415, 96671, 90615, 66257, 62984, 56308, 22236, 56588, 74371, 2308, 41079, 67096, 86875, 13541, 3526, 26489, 72955, 92241, 70916, 34726, 68983, 60969, 26612, 73967, 37796, 7938, 4438, 62011, 72488, 85360, 39632, 54850, 56856, 14263, 39182, 31741, 56792, 27582, 72723, 18969, 41495, 75228, 83584, 98342, 96741, 25701, 89232, 74996, 56027, 71919, 57157, 68219, 8616, 18543, 29618, 93773, 84292, 24853, 16892, 49638, 61284, 71456, 92361, 63597, 97266, 29913, 1188, 64977, 8281, 11675, 92465, 88330, 63234, 32079, 51956, 43506, 33116, 40497, 29549, 21979, 63037, 45730, 90053, 42948, 99866, 54077, 9004, 51756, 76776, 39761, 14611, 67162, 54070, 81291, 41352, 85138, 24180]
Tree:
None

Fitness:
[0.9927551672704027, 0.6224762989834096]