Generation:
60

Phenotype:
def p():
  x = 0.0
  index = 43
  n = 28
  b = 7
  c = sum(main[-index:])
  if abs(sum(main) - sum(opposite)) > 1000:
    x = 0.6
  return x
XXX_output_XXX = p()

Genotype:
[39624, 38852, 9372, 46473, 85672, 95443, 32821, 42150, 95785, 74976, 85242, 37900, 37524, 12980, 85401, 45906, 66760, 88585, 55648, 90482, 76777, 49642, 59471, 8894, 44472, 49642, 5248, 58285, 77559, 93890, 61137, 71779, 85242, 80540, 41139, 20958, 14509, 13432, 66180, 78036, 45098, 13592, 83461, 92244, 58330, 4864, 67834, 42086, 55763, 80145, 4878, 16814, 74646, 20776, 45098, 64296, 38958, 53256, 32392, 55805, 25853, 9822, 47045, 35978, 94217, 81043, 51224, 26186, 93313, 39943, 25612, 43077, 10451, 12979, 46765, 29694, 37576, 20373, 64784, 64269, 16981, 20243, 82809, 26201, 54822, 47454, 40369, 65436, 34616, 70858, 26875]
Tree:
None

Fitness:
[0.9927551672704027, 0.6224762989834096]