Generation:
60

Phenotype:
def p():
  x = 0.0
  index = 17
  n = 32
  b = 39
  c = opposite[b]
  if sum(opposite[-index:]) < sum(main[:-index]):
    x = 0.2
  return x
XXX_output_XXX = p()

Genotype:
[18400, 517, 34052, 15173, 8636, 84611, 11303, 35687, 3660, 54741, 52996, 57665, 21721, 18666, 37335, 33734, 34087, 12720, 8636, 31467, 8610, 80511, 83811, 56870, 61693, 33734, 40107, 77109, 79316, 49642, 29669, 8894, 85242, 49642, 5248, 9764, 85401, 45906, 61137, 71779, 85242, 80540, 41139, 20958, 14509, 13432, 66180, 78036, 45098, 13592, 83461, 92244, 58330, 4864, 67834, 42086, 55763, 80145, 4878, 16814, 74646, 20776, 45098, 64296, 38958, 53256, 32392, 55805, 25853, 9822, 47045, 35978, 94217, 81043, 51224, 26186, 93313, 39943, 25612, 43077, 10451, 12979, 46765, 29694, 37576, 20373, 64784, 64269, 16981, 20243, 82809, 26201, 54822, 47454, 40369, 65436, 34616, 70858, 26875]
Tree:
None

Fitness:
[0.996164500319625, 0.559779342789968]