Generation:
60

Phenotype:
def p():
  x = 0.0
  index = 10
  n = 24
  b = 3
  c = main[46]
  if abs(sum(main[-index:]) - sum(opposite[:-index])) > 1000:
    x = (x + 0.3)
  return x
XXX_output_XXX = p()

Genotype:
[53587, 80832, 85376, 96567, 70237, 42044, 41895, 24419, 36162, 37421, 78061, 74442, 74047, 70275, 61758, 55456, 39749, 85138, 30821, 14242, 35704, 7829, 35872, 64481, 19188, 26093, 89709, 20978, 49786, 40564, 98364, 47400, 32991, 85528, 67777, 61091, 9070, 10195, 97639, 15810, 90442, 30719, 54982, 18531, 17648, 43284, 10425, 64970, 32766, 30318, 41564, 83546, 21285, 97273, 5707, 22665, 91820, 49054, 42956, 86469, 93219, 20897, 24161, 16744, 71046, 2909, 40396, 48674, 43671, 57415, 3176, 37834, 66257, 62984, 56308, 59757, 56588, 73000, 2308, 41079, 72631, 93235, 13541, 87462, 26489, 72955, 92241, 76065, 34726, 68983, 92937, 90644, 9988, 43154, 92701, 90065, 13478, 22461, 40564, 19402, 47400, 36845, 85528, 60754, 61091, 9070, 10195, 17692, 5311, 75581, 30719, 54982, 40909, 17648, 43284, 10425, 64970, 32766, 32546, 41564, 83546, 21285, 17736, 5707, 22665, 91820, 49054, 42956, 86469, 64351, 24913, 14081, 47633, 71046, 45958, 64510, 41319, 43671, 57415, 36043, 90615, 66257, 62984, 20491, 59757, 56588, 45918, 2308, 41079, 72631, 86875, 31446, 87462, 1111, 68856, 92241, 75709, 34726, 68983, 60969, 26612, 73967, 37796, 39972, 4438, 62011, 63108, 85360, 39632, 54850, 56856, 14263, 39182, 31741, 56792, 80995, 12903, 18969, 41495, 22192, 83584, 16499, 62976, 72392, 4958, 74996, 35067, 65727, 83884, 68219, 8616, 18543, 10989, 93773, 84292, 24853, 77398, 91879, 61284, 71456, 71812, 44335, 97266, 92465, 56334, 64977, 20042, 11675, 92465, 88330, 63234, 32079, 35810, 43506, 7888, 40497, 29549, 21428, 63037, 73370, 73828, 42948, 44330, 54077, 9004, 64355, 76776, 41336, 42475, 67162, 83158, 81291, 41352, 82363, 24180]
Tree:
None

Fitness:
[0.9965906669507778, 0.5534001340162948]