Generation:
60

Phenotype:
def p():
  x = 0.0
  index = 17
  n = 39
  b = 0
  c = main[35]
  if abs(sum(main[-index:]) - sum(opposite[-index:])) > 50:
    x = 0.1
  return x
XXX_output_XXX = p()

Genotype:
[11742, 19189, 34052, 26565, 8636, 19415, 36300, 89546, 18666, 76670, 80095, 78206, 34052, 87100, 34052, 33766, 29426, 42150, 95785, 76480, 85242, 37900, 37524, 9764, 85401, 30552, 12805, 95785, 76480, 85242, 37900, 37524, 9764, 85401, 30552, 12805, 18666, 68372, 22797, 61091, 78995, 10195, 27337, 17119, 75581, 99034, 54982, 40909, 17648, 35869, 10425, 25886, 32766, 30318, 41564, 83546, 21285, 97273, 5707, 22665, 91820, 8951, 42956, 86469, 39493, 20897, 14081, 47633, 71046, 45958, 40396, 48674, 43671, 57415, 96671, 88705, 66257, 62984, 56308, 59757, 56588, 17496, 2308, 41079, 72631, 93235, 13541, 87462, 26489, 34347, 92241, 76065, 34726, 68983, 83592, 90644, 3424, 37796, 67433, 21774, 56333, 70517, 19111, 78747, 29702, 41168, 9682, 29515, 46063, 52934, 55761, 76392, 68533, 28413, 65928, 16636, 86799, 37681, 64392, 45625, 42209, 78861, 44543, 71678, 51780, 42003, 72966, 87591, 97525, 64643, 99115, 5850, 16080, 26856, 13266, 15188, 9008, 8296, 46049, 15654, 47099, 38750, 42742, 25022, 60769, 312, 62903, 62216, 20372, 47199, 94378, 61686, 27321, 28477, 25433, 58939, 13813, 26731, 7138, 40813, 25192, 45946, 19437, 31513, 49302, 94954, 59745, 62221, 10806, 45420, 48686, 67635, 30405, 37755, 54737, 36094, 53814, 37062, 31875, 74357, 42825, 40855, 88194, 87268, 54868, 33420, 18823, 43411, 83203, 70731, 1678, 83150, 92729, 12701, 47049, 3566, 74138, 15370, 16256, 39291, 54350, 65728, 87828, 47606, 762, 58161, 84828, 67596, 15987, 30623, 61155, 57676, 28009, 82117, 87743, 1357, 71245, 7707, 59653, 32388, 30184, 13199, 8604, 67432, 82370, 86460, 57213, 61167, 25234, 1653, 66353]
Tree:
None

Fitness:
[0.9968037502663541, 0.5479285823677951]