Generation:
60

Phenotype:
def p():
  x = 0.0
  index = 12
  if main[index] < 1:
    if opposite[index] < main[index] + 0.01:
      x = (x + 0.4)
  else:
    if opposite[index] > opposite[index] + 8:
      x = (x - 0.9)
    else:
      x = (x - 0.00001)
  index = 49
  if abs(sum(main[:-index]) - sum(opposite[-index:])) > 5000:
    x = (x + 0.4)
  return x
XXX_output_XXX = p()

Genotype:
[54928, 76739, 16985, 57065, 20500, 67655, 6835, 94741, 84598, 32981, 76832, 41161, 21696, 91911, 53013, 91248, 47805, 3246, 23073, 55842, 56200, 74852, 15857, 80280, 7190, 83707, 49702, 90514, 20900, 88649, 9071, 85346, 43851, 69384, 72067, 45746, 16989, 87123, 70387, 21428, 24039, 69129, 57145, 75634, 89575, 20548, 68559, 78034, 92960, 90776, 55003, 13743, 84915, 74031, 25044, 23366, 58802, 40344, 35257, 6220, 25192, 26532, 68713, 6393, 40777, 41674, 29204, 20557, 64995, 20919, 5983, 25063, 48563, 12874, 3255, 49818, 25206, 50425, 51545, 21180, 91216, 32365, 27234, 47279, 88583, 98810, 85234, 77916, 69063, 79255, 84312, 70073, 27816, 67052, 16058, 96990, 23443, 72960, 67879, 79976, 72667, 81976, 740, 42253, 86130, 62059, 14124, 76596, 23118, 55647, 73655, 19252, 45683, 82095, 73134, 62186, 58758, 54509, 95752, 6609, 36352, 41269, 9052, 55975, 36150, 80099, 92146, 70748, 25789, 85509, 17632, 69157, 72565, 24136, 58235, 35046, 51990, 98648, 14754, 69571, 1602, 47314, 33367, 87698, 91435, 13541, 59401, 11292, 29927, 66431, 72509, 47885, 75042, 3999, 88025, 10592, 29867, 78494, 66969, 87965, 33477, 64175, 58494, 48534, 91869, 3779, 88626, 6564, 17664, 12776, 40394, 91417, 23310, 19489, 39919, 1289, 29804, 82686, 49891, 94219, 88775, 59724, 85551, 89252, 24343, 41364, 2177, 24420, 19989, 23967, 92269, 10131, 60803, 11457, 60629, 35692, 48185, 91157, 75085, 14288, 31482, 33489, 75653, 9632, 13259, 26437, 22885, 30382, 11189, 40385, 93559, 49499, 25524, 51232, 41508, 4943, 77218, 41025, 30691, 71323, 77339, 68778, 64135, 6545, 46914, 6376, 56862, 24490, 60405, 32720, 53447, 80864, 45434, 85992, 2595, 52922, 62843, 40305, 84482, 62327, 2870, 13707, 86332, 60117, 92828, 99458, 1946, 72179, 68626]
Tree:
None

Training fitness:
[0.8917364016736402, 0.5839659275156808]
Test fitness:
[0.0, 0.5]