Generation:
60

Phenotype:
def p():
  x = 0.0
  index = 12
  if main[index] < 1:
    if opposite[index] < main[index] + 0.01:
      x = (x + 0.3)
  else:
    if main[index] < opposite[index] + 3:
      x = (x + 0.00001)
    else:
      x = (x + 0.2)
  index = 49
  if abs(sum(main[:-index]) - sum(opposite[-index:])) > 5000:
    x = (x + 0.6)
  return x
XXX_output_XXX = p()

Genotype:
[93524, 38171, 16985, 86005, 20500, 67655, 61699, 65759, 84598, 32981, 81000, 94504, 26491, 36122, 76605, 51013, 1788, 13394, 63458, 9495, 56200, 61027, 15857, 86988, 7190, 81899, 41082, 9949, 37494, 41259, 52535, 23647, 98111, 3377, 44241, 75460, 13510, 28080, 70010, 24149, 20291, 53242, 55189, 38542, 84487, 78428, 50736, 67907, 5122, 50504, 57574, 44637, 40126, 81069, 29508, 75750, 76654, 64826, 46754, 85551, 75836, 38564, 64808, 99881, 53436, 20025, 27770, 49146, 66530, 26839, 93581, 5931, 20872, 58665, 66520, 81084, 66552, 87622, 53902, 20260, 44497, 5657, 45213, 48548, 50333, 88444, 18176, 52699, 26936, 86624, 21409, 13901, 32100, 65100, 78317, 90057, 54117, 9644, 97838, 11155, 55189, 75631, 41597, 79124, 29340, 54428, 24343, 88488, 41136, 22789, 73426, 18702, 52864, 63405, 72524, 18339, 52473, 61434, 45584, 48892, 74778, 54058, 8373, 31801, 53989, 92565, 44987, 38873, 10064, 82236, 64928, 65939, 20954, 21026, 76313, 11584, 5491, 17309, 12650, 27975, 16935, 77546, 29617, 16844, 33811, 40349, 74174, 87011, 21051, 51561, 98956, 35377, 16917, 2132, 95875, 53151, 29156, 11463, 44369, 61725, 94540, 47091, 11035, 67578, 47054, 14357, 63534, 44343, 53429, 32865, 34844, 93390, 79835, 60580, 90276, 88964, 21677, 27998, 35748, 12547, 72922, 46982, 50941, 12568, 59320, 7747, 46649, 23627, 90401, 89037, 35879, 51855, 43618, 12144, 50624, 4119, 33723, 49295, 34179, 20558, 18557, 79003, 87198, 42914, 61089, 44552, 41487, 98993, 44064, 91962, 21682, 72577, 75512, 25915, 33907, 92125, 87334, 51907, 43425, 50478, 52285, 96677, 46561, 6060, 88709, 35169, 55961, 89142, 25661, 36357, 27814, 72469, 12323, 90644, 64811, 27303, 60343, 87577, 90063, 52627, 1413, 93919, 66556, 23948, 23846, 60077, 10862, 91269, 97247, 97390, 71887, 68494, 87477, 31741, 40256, 19082, 73304, 4839, 49148, 95364, 72745, 8724, 94288, 14146, 51223, 36430, 49882, 1112, 37614, 50652, 49953, 13436, 79123, 33672, 18908, 43460, 54562, 68098, 61361, 39234, 30234, 93652, 96223, 28766, 62635, 41865, 79068, 82574, 8265, 72921, 8341, 66110, 30507, 37475, 17006, 55254, 57419, 75952, 68373, 61730, 81447, 51089, 20529, 40593, 84838, 41129, 68288, 42225, 97495, 75160, 63130, 54735, 19666, 81793, 90768, 89202, 36715, 83873, 42788, 64519, 28931]
Tree:
None

Training fitness:
[0.8917364016736402, 0.5839659275156808]
Test fitness:
[0.0, 0.5]