Generation:
60

Phenotype:
def p():
  x = 0.0
  index = 12
  if main[index] < 1:
    if opposite[index] < main[index] + 0.01:
      x = (x + 0.3)
  else:
    if main[index] > opposite[index] + 4:
      x = (x - 0.00001)
    else:
      x = (x - 0.2)
  index = 49
  if abs(sum(main[:-index]) - sum(opposite[-index:])) > 5000:
    x = (x + 1.0)
  return x
XXX_output_XXX = p()

Genotype:
[25008, 20694, 71045, 31414, 20500, 67655, 61699, 65759, 4654, 32981, 91528, 94504, 91086, 49688, 98831, 52344, 52987, 13394, 7791, 9495, 56200, 89451, 15857, 1380, 7190, 62911, 41082, 9949, 37494, 38159, 52535, 18971, 10560, 28985, 91280, 8209, 32644, 75293, 58284, 56783, 69573, 50866, 57246, 39265, 87718, 37278, 62562, 13226, 95747, 55824, 61912, 57569, 68190, 63111, 67068, 86902, 19763, 8232, 54266, 72073, 84383, 17416, 63208, 78012, 5415, 52450, 78635, 98166, 95925, 48161, 36274, 17474, 95783, 20014, 76102, 17609, 10697, 78520, 84384, 55977, 61979, 10673, 92560, 48069, 49414, 36040, 44530, 8885, 49715, 95767, 64948, 39156, 20291, 37248, 55189, 49736, 29309, 41597, 34121, 72822, 34439, 25428, 16054, 10273, 91836, 44780, 24049, 34761, 30289, 77159, 49904, 95512, 5955, 3419, 1406, 1688, 39341, 15768, 3189, 34330, 73542, 57147, 86274, 54278, 1303, 31135, 18406, 11055, 32932, 18399, 92157, 99124, 46841, 14463, 71613, 9673, 20841, 75342, 83238, 48477, 35920, 74719, 15528, 75746, 6762, 57514, 94328, 41517, 42760, 6364, 11623, 15073, 39344, 69154, 33648, 91928, 81728, 44900, 58871, 43872, 56622, 52675, 78832, 8192, 95741, 88214, 60467, 7585, 26628, 54893, 91066, 14625, 50549, 14840, 63328, 83948, 10985, 76287, 12097, 9397, 43863, 46697, 63324, 87872, 62188, 45835, 31705, 39694, 24230, 17612, 72639, 75935, 67405, 44904, 82425, 71671, 37839, 89850, 5164, 24863, 57527, 2209, 55200, 60196, 61895, 75461, 86761, 15957, 14309, 14360, 68379, 39816, 94312, 84478, 84508, 86157, 75410, 14066, 74018, 18435, 7083, 10602, 30033, 28696, 46110, 33596, 99358, 15926, 17777, 75619, 40666, 59495, 22902, 12550, 5448, 44265, 43625, 9649, 47549, 68451, 61502, 38635, 92567, 37343, 43386, 22891, 45092, 78885, 17835, 70451, 24292, 50766, 51869, 16809, 35687, 66066, 5490, 40982, 44027, 52871, 52346, 83727, 90960, 23007, 32885, 2292, 60919, 75733, 96950, 28505, 70661]
Tree:
None

Training fitness:
[0.8917364016736402, 0.5839659275156808]
Test fitness:
[0.0, 0.5]