Generation:
60

Phenotype:
def p():
  x = 0.0
  index = 12
  if main[index] < 1:
    if opposite[index] < main[index] + 0.01:
      x = (x + 0.3)
  else:
    if opposite[index] < opposite[index] + 3:
      x = (x + 0.1)
    else:
      x = (x + 0.2)
  index = 49
  if abs(sum(main[:-index]) - sum(opposite[-index:])) > 5000:
    x = (x + 0.8)
  return x
XXX_output_XXX = p()

Genotype:
[93524, 97155, 16985, 6919, 20500, 67655, 61699, 39515, 84598, 32981, 81000, 94504, 26491, 30661, 76605, 51013, 1788, 37862, 63458, 9495, 56200, 84069, 15857, 86988, 7190, 81899, 41082, 73314, 49108, 58477, 49545, 17204, 55616, 14285, 50743, 72576, 92470, 49827, 39359, 70443, 49131, 24538, 61875, 48161, 69876, 17026, 3500, 26805, 49286, 32597, 18617, 44534, 84384, 70072, 2907, 69016, 81364, 1915, 84487, 52572, 23929, 94303, 28260, 50504, 97104, 44637, 40126, 28149, 83872, 40508, 31218, 40559, 79603, 68959, 14329, 10499, 24693, 45603, 23348, 91282, 89476, 63541, 25611, 28336, 287, 75241, 50585, 83887, 49231, 58452, 1522, 76268, 16676, 30517, 52725, 48806, 86169, 24976, 49441, 4337, 72983, 63533, 62227, 70264, 32847, 30231, 3424, 12479, 56020, 8646, 70561, 14992, 61188, 58126, 18629, 49627, 40385, 32966, 23054, 27213, 72253, 89275, 46167, 22216, 74760, 84249, 44332, 75823, 52203, 15101, 1302, 41791, 15004, 57772, 7948, 7897, 15789, 82976, 94829, 8737, 55493, 96570, 74953, 67763, 58682, 35213, 46933, 63681, 99992, 77946, 71041, 84063, 6996, 7469, 93930, 61692, 33579, 49597, 62955, 61555, 33050, 20224, 30608, 69012, 66574, 3648, 42337, 50849, 74028, 89657, 43245, 40398, 5658, 95088, 38587, 82050, 47751, 54257, 18753, 22427, 62241, 48426, 9989, 3746, 36259, 89371, 45282, 74581, 32562, 55722, 13899, 43410, 59724, 63046, 40579, 20763, 78267, 49021, 43087, 53014, 4286, 52411, 67746, 18175, 20013, 14617, 34313, 45744, 55231, 92293, 92660, 87645, 51884, 81966, 79785, 68280, 13803, 24135, 61579, 57814, 98854, 68418, 94056, 65300, 73127, 46066, 96095, 40167, 67614, 85008, 19804, 53260, 15003, 27130, 5105, 10670, 87325, 92943, 79218, 44364, 74728, 55563]
Tree:
None

Training fitness:
[0.8917364016736402, 0.5839659275156808]
Test fitness:
[0.0, 0.5]