Generation:
60

Phenotype:
def p():
  x = 0.0
  index = 12
  if main[index] < 1:
    if opposite[index] < main[index] + 0.01:
      x = (x + 0.3)
  else:
    if opposite[index] < main[index] + 5:
      x = (x - 0.8)
    else:
      x = (x - 0.1)
  index = 49
  if abs(sum(main[:-index]) - sum(opposite[-index:])) > 5000:
    x = (x + 1.0)
  return x
XXX_output_XXX = p()

Genotype:
[34008, 34019, 16985, 194, 20500, 39533, 34911, 65759, 90298, 32981, 76832, 42872, 40919, 31253, 92180, 21215, 33559, 1325, 10117, 16438, 56200, 10390, 15857, 71070, 50674, 81899, 41082, 4184, 24180, 26687, 40713, 14339, 83733, 67066, 8759, 91551, 31277, 74163, 24421, 95834, 55989, 45244, 35859, 87558, 65384, 59099, 4506, 48221, 11490, 19970, 1736, 25640, 65379, 38988, 6506, 92658, 11408, 18659, 16387, 80834, 67427, 54481, 97791, 7216, 7310, 37643, 32074, 75798, 4941, 55534, 6632, 79340, 70643, 11047, 45896, 80876, 92276, 13121, 9863, 54554, 15797, 45120, 16234, 16142, 38887, 74149, 85441, 28755, 14973, 94006, 98412, 71414, 89424, 39034, 92329, 2831, 39215, 31660, 19645, 67767, 20500, 93371, 85076, 32437, 88757, 63757, 19728, 59841, 18660, 61192, 20119, 26813, 26785, 19548, 28769, 85491, 35853, 43656, 51859, 29720, 20176, 49394, 16902, 80207, 55278, 815, 43170, 20864, 36772, 94546, 25285, 66222, 90553, 84461, 3605, 99805, 82391, 73379, 77505, 31306, 92542, 73618, 67233, 60751, 47266, 18890, 78314, 97005, 33406, 10723, 12639, 36507, 40012, 33453, 65637, 32787, 20047, 27840, 92489, 77431, 52096, 2401, 11451, 11687, 30478, 60715, 91315, 2879, 90520, 52940, 2472, 57320, 32570, 43083, 43819, 49697, 39713, 92382, 3731, 26241, 43911, 63092, 7270, 76649, 82467, 45437, 53833, 58654, 67364, 62802, 66126, 7401, 35148, 29634, 57908, 70465, 72512, 48659, 5462, 54380, 59376, 13839, 84317, 31785, 65454, 76733, 27443, 1917, 49861, 30809, 87082, 14739, 90617, 17521, 58553]
Tree:
None

Training fitness:
[0.8917364016736402, 0.5839659275156808]
Test fitness:
[0.0, 0.5]