Generation:
60

Phenotype:
def p():
  x = 0.0
  index = 38
  if main[index] < 1:
    if opposite[index] < main[index] + 0.01:
      x = (x + 0.0000001)
  else:
    if opposite[index] > opposite[index] + 9:
      x = (x + 0.6)
    else:
      x = (x - 0.0001)
  index = 0
  if main[index] < 1:
    if opposite[index] < main[index] + 0.01:
      x = (x + 0.6)
  else:
    if main[index] < main[index] + 8:
      x = (x + 0.000001)
    else:
      x = (x - 0.00001)
  return x
XXX_output_XXX = p()

Genotype:
[30085, 55016, 54517, 52680, 67066, 94067, 63267, 3257, 92560, 48069, 32638, 65648, 6002, 63385, 44157, 7239, 76004, 99419, 51589, 59939, 75460, 17808, 28080, 37820, 17379, 20291, 53242, 55189, 38542, 90251, 6573, 5726, 75264, 36928, 50504, 98369, 13179, 21890, 49281, 82180, 69333, 99522, 71929, 89174, 45307, 63737, 13941, 93832, 22422, 74068, 13704, 24527, 58830, 99761, 76331, 17316, 17474, 63439, 17627, 76102, 86687, 35201, 82736, 52535, 90248, 95130, 60718, 96551, 61157, 43251, 75293, 58284, 56783, 11065, 6896, 19497, 97302, 87718, 69696, 43150, 13226, 95747, 78094, 61912, 57569, 82157, 94769, 67068, 86902, 19763, 8232, 51388, 58145, 84383, 58618, 3332, 34487, 48069, 45244, 31421, 58003, 46884, 74903, 1915, 84487, 38070, 23929, 21, 32453, 62193, 97104, 44637, 40126, 28149, 8318, 40508, 66445, 40559, 79603, 71170, 14329, 10499, 24693, 45603, 23348, 91282, 89476, 63541, 25611, 28336, 287, 75241, 50585, 83887, 49231, 58452, 1522, 76268, 16676, 30517, 52725, 48806, 86169, 24976, 49441, 4337, 72983, 63533, 62227, 70264, 32847, 30231, 3424, 12479, 56020, 8646, 70561, 14992, 61188, 58126, 18629, 49627, 40385, 32966, 23054, 27213, 72253, 89275, 46167, 22216, 74760, 84249, 44332, 75823, 52203, 15101, 1302, 41791, 15004, 57772, 7948, 7897, 15789, 82976, 94829, 8737, 55493, 96570, 74953, 67763, 58682, 35213, 46933, 63681, 99992, 77946, 71041, 84063, 6996, 7469, 93930, 61692, 33579, 49597, 62955, 61555, 33050, 20224, 30608, 69012, 66574, 3648, 42337, 50849, 74028, 89657, 43245, 40398, 5658, 95088, 38587, 82050, 47751, 54257, 18753, 22427, 62241, 48426, 9989, 3746, 36259, 89371, 45282, 74581, 32562, 55722, 13899, 43410, 59724, 63046, 40579, 20763, 78267, 49021, 43087, 53014, 4286, 52411, 67746, 18175, 20013, 14617, 34313, 45744, 55231, 92293, 92660, 87645, 51884, 81966, 79785, 68280, 13803, 24135, 61579, 57814, 98854, 68418, 94056, 65300, 73127, 46066, 96095, 40167, 67614, 85008, 19804, 53260, 15003, 27130, 5105, 10670, 87325, 92943, 79218, 44364, 74728, 55563]
Tree:
None

Training fitness:
[0.7813807531380753, 0.605741330318711]
Test fitness:
[0.0, 0.5]