Generation:
60

Phenotype:
def p():
  x = 0.0
  index = 12
  if main[index] < 1:
    if opposite[index] < main[index] + 0.01:
      x = (x + 0.4)
  else:
    if opposite[index] > opposite[index] + 5:
      x = (x - 0.9)
    else:
      x = (x - 0.3)
  index = 49
  if abs(sum(main[:-index]) - sum(opposite[-index:])) > 5000:
    x = (x + 0.4)
  return x
XXX_output_XXX = p()

Genotype:
[98131, 61130, 16985, 15941, 20500, 67655, 20855, 65759, 84598, 32981, 76832, 41161, 21696, 91911, 53013, 57025, 48113, 3246, 85315, 31768, 56200, 74852, 15857, 71517, 96846, 81899, 49702, 90514, 20900, 16697, 7701, 17939, 47631, 99653, 97923, 12243, 23066, 48069, 45244, 28207, 70642, 79868, 40171, 37377, 51964, 15111, 20969, 94761, 39027, 76349, 63458, 13554, 28324, 55409, 15845, 40608, 96066, 58027, 12136, 80738, 54219, 88383, 75297, 57975, 95415, 29169, 33289, 46754, 16051, 924, 90200, 98311, 75453, 77056, 73116, 37613, 82736, 33143, 77284, 21890, 67345, 83328, 79549, 80398, 27003, 12768, 42318, 80004, 37932, 84085, 97927, 74968, 34412, 25920, 96540, 70371, 66779, 6361, 86001, 49981, 4948, 82465, 64265, 73982, 56093, 79830, 8231, 44316, 22565, 67247, 84645, 37773, 58444, 54039, 27746, 93641, 14501, 85048, 2930, 89748, 68363, 16323, 28502, 37592, 65074, 40563, 60659, 10589, 49760, 53004, 25490, 50802, 63379, 28696, 76734, 4188, 50657, 10781, 24700, 2998, 89972, 3388, 5621, 16106, 49263, 61258, 95762, 44014, 66202, 59814, 32487, 656, 99892, 87890, 50768, 17047, 40242, 26475, 18330, 92413, 60049, 53844, 22757, 53741, 41681, 17764, 21101, 96509, 84082, 1480, 38773, 11933, 82665, 10276, 68062, 93324, 35024, 45909, 37814, 85355, 18812, 13777, 69830, 75592, 66945, 64984, 7023, 61805, 35582, 6282, 30959, 86699, 8351, 12237, 45768, 59067, 64585, 33941, 27751, 85107]
Tree:
None

Training fitness:
[0.8917364016736402, 0.5839659275156808]
Test fitness:
[0.0, 0.5]