Generation:
60

Phenotype:
def p():
  x = 0.0
  index = 12
  if main[index] < 1:
    if opposite[index] < main[index] + 0.01:
      x = (x + 0.4)
  else:
    if opposite[index] < opposite[index] + 8:
      x = (x - 0.2)
    else:
      x = (x + 0.01)
  index = 49
  if abs(sum(main[:-index]) - sum(opposite[-index:])) > 5000:
    x = (x + 0.1)
  return x
XXX_output_XXX = p()

Genotype:
[25008, 64067, 16985, 29663, 20500, 75455, 61699, 65759, 61930, 32981, 91106, 41161, 26491, 8145, 72023, 91248, 16729, 57383, 63458, 55717, 56200, 95629, 15857, 80280, 7190, 81899, 49702, 90514, 20900, 8134, 29663, 20500, 67655, 61699, 2083, 34982, 32981, 76832, 41161, 26491, 24698, 12768, 36703, 52987, 3246, 92654, 47934, 56200, 74852, 53363, 80280, 96130, 53155, 41082, 41031, 95919, 8134, 21024, 69201, 78057, 92039, 74721, 67082, 20818, 17352, 20279, 49934, 60874, 11293, 68967, 54219, 85706, 78490, 34103, 95415, 29169, 33289, 46754, 16051, 924, 90200, 98311, 5647, 24334, 73116, 37613, 82736, 33143, 865, 21890, 67345, 83328, 79549, 80398, 27003, 24978, 42318, 80004, 37932, 84085, 97927, 74968, 34412, 25920, 96540, 70371, 66779, 6361, 86001, 49981, 4948, 82465, 90170, 66492, 38749, 97797, 45530, 88642, 27670, 67247, 84645, 37773, 58444, 54039, 27746, 93641, 14501, 85048, 2930, 89748, 68363, 16323, 28502, 37592, 65074, 40563, 60659, 10589, 49760, 53004, 25490, 50802, 63379, 28696, 76734, 4188, 50657, 10781, 24700, 2998, 89972, 3388, 5621, 16106, 49263, 61258, 95762, 44014, 66202, 59814, 32487, 656, 99892, 87890, 50768, 17047, 40242, 26475, 18330, 92413, 60049, 53844, 22757, 53741, 41681, 17764, 21101, 96509, 84082, 1480, 38773, 11933, 82665, 10276, 68062, 93324, 35024, 45909, 37814, 85355, 18812, 13777, 69830, 75592, 66945, 64984, 7023, 61805, 35582, 6282, 30959, 86699, 8351, 12237, 45768, 59067, 64585, 33941, 27751, 85107]
Tree:
None

Training fitness:
[0.8917364016736402, 0.5839659275156808]
Test fitness:
[0.0, 0.5]