Generation:
60

Phenotype:
def p():
  x = 0.0
  index = 12
  if main[index] < 1:
    if opposite[index] < main[index] + 0.01:
      x = (x + 0.4)
  else:
    if main[index] < opposite[index] + 8:
      x = (x - 0.0000001)
    else:
      x = (x + 0.0000001)
  index = 49
  if abs(sum(main[:-index]) - sum(opposite[-index:])) > 5000:
    x = (x + 0.8)
  return x
XXX_output_XXX = p()

Genotype:
[25008, 61130, 16985, 29663, 20500, 67655, 98603, 65759, 84598, 32981, 4274, 41161, 49799, 82994, 72023, 91248, 16729, 96160, 53538, 40912, 56200, 79931, 15857, 80280, 7190, 81899, 49702, 90514, 91248, 88653, 1924, 31596, 22033, 56200, 43925, 15857, 80280, 96846, 81899, 49702, 90514, 20900, 8134, 11358, 69201, 37558, 92039, 74721, 79642, 20818, 17352, 87424, 49934, 60874, 11293, 769, 17216, 58893, 64853, 7211, 85602, 88312, 11504, 33864, 55607, 41984, 58665, 45601, 37456, 41327, 29326, 48451, 24907, 53160, 16297, 68504, 34456, 98708, 28933, 22084, 37601, 88494, 64459, 86812, 8520, 90205, 47270, 6632, 79340, 70643, 11047, 45896, 80876, 49821, 13121, 9863, 54554, 15797, 45120, 16234, 16142, 38887, 74149, 85441, 58261, 14973, 94006, 98412, 71414, 43271, 531, 39633, 2831, 39215, 31660, 85169, 67767, 20500, 93371, 85076, 26985, 40905, 63757, 19728, 59841, 18660, 61192, 20119, 26813, 401, 19548, 28769, 85491, 35853, 43656, 51859, 29720, 20176, 49394, 16902, 80207, 85268, 815, 99143, 20864, 36772, 94546, 25285, 66222, 57754, 84461, 3605, 99805, 82391, 33941, 77505, 31306, 92542, 73618, 67233, 60751, 49419, 18890, 58134, 97005, 33406, 10723, 12639, 36507, 40012, 33453, 65637, 22304, 20047, 27840, 92489, 77431, 52096, 2401, 11451, 43872, 30478, 60715, 91315, 19011, 90520, 52940, 71890, 73712, 32570, 43083, 43819, 49697, 76772, 92382, 3731, 26241, 43911, 63092, 7270, 32319, 82467, 45437, 53833, 58654, 67364, 62802, 66126, 7401, 35148, 59800, 57908, 70465, 72512, 48659, 5462, 54380, 59376, 8079, 84317, 31785, 65454, 76733, 27443, 1917, 49861, 14522, 78826, 14739, 90617, 72763, 58553]
Tree:
None

Training fitness:
[0.8917364016736402, 0.5839659275156808]
Test fitness:
[0.0, 0.5]