Generation:
60

Phenotype:
def p():
  x = 0.0
  index = 12
  if main[index] < 1:
    if opposite[index] < main[index] + 0.01:
      x = (x + 0.4)
  else:
    if main[index] > opposite[index] + 8:
      x = (x - 0.5)
    else:
      x = (x + 0.3)
  index = 49
  if abs(sum(main[:-index]) - sum(opposite[-index:])) > 5000:
    x = (x + 0.7)
  return x
XXX_output_XXX = p()

Genotype:
[7831, 41201, 16985, 28476, 20500, 67655, 41911, 2483, 57870, 32981, 76832, 41161, 21696, 57260, 84455, 62518, 27957, 88266, 95216, 31768, 56200, 74852, 15857, 80280, 7190, 81899, 49702, 82139, 61424, 88572, 23836, 8293, 11964, 58576, 90149, 6498, 36582, 99586, 44149, 72301, 91575, 47810, 25531, 26758, 80558, 56020, 84383, 51426, 61699, 67892, 80074, 32981, 69361, 41161, 26491, 96103, 70317, 91248, 82870, 3246, 92845, 5415, 53336, 5420, 37864, 99567, 73420, 2515, 58816, 79641, 83765, 33315, 26564, 54113, 51204, 27762, 58156, 12990, 42241, 58276, 47944, 99230, 33169, 97539, 21132, 2783, 52811, 13608, 71776, 21167, 84674, 6470, 90827, 4689, 33019, 27529, 38401, 50481, 86129, 94258, 97098, 29618, 15125, 17634, 48273, 69083, 26614, 51503, 6256, 49263, 71530, 12192, 92874, 11992, 58769, 91210, 76292, 84483, 60458, 23958, 22302, 58589, 25432, 41519, 39772, 81889, 14191, 65191, 74620, 16051, 924, 90200, 57280, 45515, 24334, 73116, 34940, 10977, 61584, 19149, 67063, 44507, 76990, 36282, 22214, 2424, 74347, 74972, 8401, 6435, 25175, 93961, 71835, 86908, 54720, 99022, 57773, 53109, 65975, 94102, 86161, 87595, 53930, 27048, 95240, 6802, 33385, 63970, 75942, 15155, 33551, 68704, 5121, 43176, 21911, 64778, 49907, 62499, 15638, 98539, 40398, 59189, 59416, 65705, 54519, 9992, 20949, 25637, 71627, 75825, 2823, 6639, 29653, 18741, 52130, 58347, 9235, 73075]
Tree:
None

Training fitness:
[0.8917364016736402, 0.5839659275156808]
Test fitness:
[0.0, 0.5]