Generation:
2

Phenotype:
def p():
  x = 0.0
  index = 1
  n = 6
  b = 32
  c = main[b]
  if abs(sum(main) - sum(opposite)) > 5000:
    x = (x - 0.4)
  return x
XXX_output_XXX = p()

Genotype:
[20546, 1715, 42564, 63334, 74563, 13661, 12042, 51609, 76838, 90936, 71062, 82908, 41720, 26319, 15424, 71852, 63153, 64988, 69126, 2089, 86322, 30634, 44531, 72025, 9100, 15593, 67939, 41913, 46874, 79286, 49886, 53444, 90003, 60865, 40069, 63379, 69026, 31589, 24323, 62071, 31055, 34251, 5781, 69456, 52407, 16346, 43068, 67495, 40017, 68921, 50264, 27204, 60955, 70724, 14812, 96155, 41733, 25117, 22479, 47462, 21934, 69749, 63802, 99317, 19051, 37928, 35756, 86432, 60922, 79626, 49590, 86690, 91048, 8908, 67320, 40014, 96259, 66566, 72188, 79051, 11778, 75531, 31167, 15236, 23321, 83126, 19572, 80732, 89763, 61060, 29910, 3520, 73834, 55158, 78724, 85740, 26176, 6992, 22745, 14516, 19859, 22888, 78637, 46353, 81510, 92264, 480, 52118, 10459, 85366, 95934, 39270, 88886, 50459, 21974, 903, 45396, 24764, 53312, 12087, 44705, 52073, 4131, 87106, 81837, 24988, 19433, 34374, 84574, 93575, 17578, 30137, 49663, 94998, 31978, 12931, 61493, 84233, 65749, 80020, 75893, 67406, 47912, 27821, 70542, 73023, 6345, 20873, 62551, 99439, 65925, 23952, 45359, 83700, 68568, 52499, 96143, 9841, 7022, 77231, 37434, 371, 26268, 97267, 24112, 20064, 35653, 1304, 42765, 46034, 42069, 44914, 3959, 28891, 9954, 26433, 3766, 40222, 32220, 12557, 86005, 30643, 16896, 8770, 85485, 14573, 24499, 47539, 76757, 29460, 60148, 91448, 37529, 32320, 27326, 63275, 66127, 57288, 95228, 55244, 74880, 74719, 79522, 25884, 18610, 67609, 26632, 63629, 88479, 97049, 13720, 32081, 39376, 87750, 82595, 84146, 42012, 86881, 88472, 23136, 59169, 74593, 30458, 76, 45069, 99026, 56197, 10214, 92857, 92369, 34399, 402, 15568, 50710, 28925, 27940, 18709, 44496, 89433, 10087, 15761, 48829, 57570, 52014, 46684, 33708, 87486, 61388, 94274, 9464, 12816, 92937, 61261, 79227, 65151, 8171, 26637, 32856, 95904, 89735, 40904, 66899, 43408, 97754, 7557, 88444, 4418, 73454, 7089, 81891, 83449, 33925, 19133, 74648, 8051, 33862, 5916, 95726, 66795, 94457, 75487, 27906, 19736, 87673, 38684, 3541, 45583, 97114, 81748, 23039, 21361, 16566, 12237, 38568, 40435, 66372, 92645, 17198, 96550, 99438, 99110, 71956, 57141, 19601, 20660, 45261, 91273, 3196, 47541, 29270, 8503, 89230, 65647, 64130, 7123, 35080, 86804, 84278, 69618, 4792, 49377, 21194, 35278, 86287, 73743, 33029, 32556, 10568, 46402, 71669, 23966, 78498, 79566, 83718, 65441, 85180, 98418, 61354, 67658, 2679, 8155, 57428, 32346, 31881, 7032, 42252, 3106, 34221, 23583, 4250, 80291, 76462, 13093, 79385, 32447, 38762, 78477, 42043, 1737, 20074, 99298, 52520, 37688, 78900, 26153, 66152, 48606, 42727, 37835, 92423, 79168, 79852, 96352, 78954, 5804]
Tree:
None

Fitness:
[0.4121338912133891, 0.5064327673992214]