Generation:
2

Phenotype:
def p():
  x = 0.0
  index = 40
  n = 11
  b = 30
  c = main[27]
  if main[24] > opposite[b] + 8:
    x = (x + 0.4)
  return x
XXX_output_XXX = p()

Genotype:
[15054, 35352, 48680, 86928, 80008, 97088, 13220, 37926, 56232, 37103, 28969, 99898, 27006, 46218, 57006, 92895, 93821, 63668, 20216, 19453, 30492, 45773, 62557, 57432, 7270, 30745, 68625, 37143, 63568, 18970, 648, 79803, 56993, 95302, 78512, 12916, 80592, 23935, 27333, 65669, 78587, 30953, 75071, 55920, 33581, 53058, 73154, 10550, 11994, 42051, 198, 59715, 33860, 6972, 548, 58182, 15833, 66129, 65989, 95941, 22703, 7190, 73064, 36219, 52534, 18901, 60577, 30088, 56705, 46627, 59196, 3821, 6193, 21516, 3428, 44341, 3385, 10249, 56631, 69225, 56488, 87175, 27535, 88486, 80431, 56217, 28426, 12009, 25176, 16101, 89025, 20960, 14678, 53622, 37462, 8962, 45907, 13646, 78817, 49884, 29985, 86823, 94334, 19085, 69033, 89464, 76258, 67508, 65784, 90191, 7299, 16386, 17628, 91883, 1307, 9404, 81101, 12561, 42808, 80413, 640, 40314, 86249, 28902, 40170, 67951, 83690, 51588, 73132, 5433, 50109, 41106, 32961, 64581, 86920, 2813, 77113, 75643, 95992, 19887, 4656, 17622, 22538, 86410, 95483, 85213, 26171, 56002, 87745, 1650, 49759, 94062, 58017, 44808, 15756, 58525, 45214, 65267, 416, 69551, 53650, 32860, 71023, 81937, 17844, 42457, 52494, 57904, 97747, 41722, 9494, 39857, 77608, 32361, 57837, 79219, 53066, 39677, 69831, 67046, 95915, 27825, 4647, 60747, 82717, 17279, 30954, 14972, 48690, 66600, 12532, 81441, 72494, 23599, 22012, 3364, 96883, 62694, 87937, 113, 48615, 65038, 23260, 9240, 47041, 8069, 94683, 76438, 43448, 94005, 45769, 43578, 51133, 28586, 55541, 33766, 3176, 72640, 33328, 63658, 3291, 10116, 42959, 66435, 77697, 39706, 81156, 17564, 72870, 11276, 96844, 60486, 77441, 34393, 40293, 81334, 6701, 9385, 16328, 20263, 12918, 45979, 58981, 8668, 23228, 31441, 76589, 38775, 23946, 41516, 60694, 60972, 84708, 20626, 68696, 20577, 10266, 80301, 95501, 2840, 77899, 83404, 85616, 69926, 45224, 36693, 74811, 35045, 3044, 43993, 99550, 6234, 60658, 13577, 28825, 81387, 93796, 59471, 24281, 43019, 51312, 98935, 29096, 30997, 36938, 90443, 59814, 69546, 59596, 69171, 95017, 29414, 38011, 95478, 21330, 41885, 54685, 7022, 48664, 83414, 42707, 40862, 28699, 46630, 45462, 87381, 44364, 80666, 15877, 81962, 47625, 47919, 97376, 13402, 89730, 85711, 85572, 77611, 28079, 21474, 59632, 68700, 65951, 56521, 60300, 13005, 6018, 60332, 89229, 44143, 14525, 86859, 44074, 66494, 23333, 76845, 6158, 37491, 68280, 27783, 63797, 18982, 91510, 42652, 25378, 74347, 28733, 33791, 84551, 41871, 33407, 24714, 37579, 71603, 63712, 55363, 48057, 81012, 60731, 34435, 94927, 51404, 24669, 47709, 6343, 13493, 21910, 24710, 92228, 80433, 70807, 53939, 18641, 84842, 86255, 43981, 8530, 52911, 68765]
Tree:
None

Fitness:
[0.41710251046025104, 0.505781461658137]