Generation:
13

Phenotype:
def p():
  x = 0.0
  index = 4
  n = 1
  b = 7
  c = sum(opposite[:-index])
  if main[b] > main[17] + 6:
    x = 0.4
  return x
XXX_output_XXX = p()

Genotype:
[2216, 24534, 15680, 96936, 96037, 42111, 74002, 39724, 39736, 30186, 99021, 69053, 49681, 67023, 92756, 20898, 37247, 50016, 3310, 13973, 38002, 73842, 70445, 3068, 99333, 39884, 59347, 26483, 81388, 14701, 74066, 29359, 71450, 40776, 81142, 24523, 15990, 92567, 16226, 88385, 51582, 55346, 44839, 9448, 69824, 78711, 796, 22736, 59093, 56958, 64501, 89201, 68812, 26398, 64435, 82321, 17394, 86240, 95242, 20933, 52153, 64576, 1926, 90502, 30118, 2840, 71963, 85810, 44927, 42117, 51919, 67651, 12169, 28639, 96041, 64045]
Tree:
None

Fitness:
[0.9513888888888888, 0.5891795582798209]