Generation:
13

Phenotype:
def p():
  x = 0.0
  index = 39
  n = 8
  b = 3
  c = opposite[26]
  if main[46] > main[25] + 4:
    x = (x + 0.8)
  return x
XXX_output_XXX = p()

Genotype:
[62895, 31863, 83844, 59748, 26559, 96590, 83546, 6845, 61764, 43146, 286, 80559, 41132, 2713, 20714, 3310, 46126, 61480, 64314, 58031, 69387, 52126, 78912, 21390, 24457, 35388, 77385, 25922, 85353, 91968, 38009, 17015, 58623, 97491, 45999, 41794, 37725, 95261, 57104, 81093, 2087, 34756, 29710, 9188, 18887, 95056, 1481, 14957, 50133, 68228, 14318, 14420, 41106, 43415, 30023, 43067, 15723, 10358, 42240, 80499, 57817, 23484, 98662, 59980, 21687, 74437, 26497, 22413, 94282, 94694, 74036, 876, 8943, 37847, 32651, 79985, 25632, 39979, 80217, 80845, 94471, 98297, 82890, 16612, 87827, 19318, 78341, 27766, 69626, 2299, 95496, 39168, 71245, 58743, 55049, 47413, 28101, 49180, 60122, 46342, 66360, 23680, 11535, 51018, 67329, 94652, 88027, 95869, 66094, 4805, 86696, 75130, 59136, 35112, 88314, 48780, 25903, 2396, 94014, 82977, 53853, 68824, 75315, 98639, 46688, 51252, 82471, 69221, 5085, 28352, 37164, 78186, 12482, 78566, 7865, 73737, 29209, 19550, 42953, 81205, 68232, 32488, 17091, 23786, 96256, 62400, 61696, 79280, 34342, 16353, 79712, 58756, 91281, 47328, 63153, 972, 62089, 1203, 14681, 28158, 93792, 40470, 71667, 67176, 36561, 349, 83878, 1956, 73587, 32146, 77072, 29816, 42980, 37020, 44599, 98881, 91567, 73468, 35254, 97690, 57531, 16103, 75917, 53399, 73909, 50333, 57211, 95431, 26429, 10250, 10984, 11405, 9009, 88797, 14300, 4784, 752, 72979, 26293, 61033, 2200, 28882, 48306, 95976, 65552, 17062, 86870, 19041, 84374, 68293, 98182, 88387, 64991, 99236, 29276, 28897, 6192, 63496, 71621, 62904, 76656, 28030, 38603, 12634]
Tree:
None

Fitness:
[0.9861111111111112, 0.580446098462736]