Generation:
13

Phenotype:
def p():
  x = 0.0
  index = 39
  n = 35
  b = 3
  c = opposite[38]
  if main[46] > main[25] + 4:
    x = (x + 0.2)
  return x
XXX_output_XXX = p()

Genotype:
[62895, 31863, 83844, 37150, 26559, 96590, 35735, 68781, 61764, 22353, 90199, 80559, 5036, 2713, 20714, 3310, 46126, 61480, 5294, 58031, 47671, 15179, 20898, 39766, 81972, 38475, 91854, 67982, 24171, 27127, 26884, 48945, 22223, 5710, 28730, 13973, 60138, 26145, 43158, 3068, 99333, 39884, 59347, 26483, 81388, 14701, 74066, 29359, 71450, 26231, 25075, 73188, 84697, 46382, 79622, 13048, 89224, 3954, 16413, 35545, 69409, 11809, 88662, 50204, 39301, 72978, 3516, 74941, 45815, 35936, 25612, 42923, 5628, 56146, 43036, 92488, 54329, 56296, 18509, 19837]
Tree:
None

Fitness:
[0.9861111111111112, 0.580446098462736]