Generation:
1

Phenotype:
def p():
  x = 0.0
  index = 44
  n = 21
  b = 0
  c = opposite[15]
  if opposite[33] - sum(opposite[:-index]) < opposite[b]:
    x = (x / 0.2)
  index = 38
  n = 11
  b = 42
  c = sum(opposite[:-index])
  if opposite[23] < main[b] + 5:
    x = 0.5
  return x
XXX_output_XXX = p()

Genotype:
[24182, 71979, 92149, 84985, 65885, 7258, 90444, 47226, 99195, 94319, 72151, 15031, 66876, 98316, 93356, 62241, 77788, 85339, 6765, 10305, 82656, 45847, 36265, 68293, 88396, 55477, 53434, 41151, 75228, 72457, 22937, 34930, 97676, 29621, 73533, 12246, 81048, 68073, 43857, 52374, 36091, 52247, 18256, 78385, 5220, 88704, 58218, 3974, 79784, 77121, 55241, 17017, 3249, 58853, 73828, 14591, 27232, 67783, 37292, 23057, 5268, 34041, 93825, 61730, 78817, 94915, 89963, 66256, 32560, 34998, 62600, 43368, 71337, 30409, 92571, 55767, 49942, 49620, 31482, 30529, 83100, 16616, 31151, 73368, 46008, 97568, 30664, 5948, 63224, 6241, 8101, 68864, 37219, 51187, 14110, 27573, 60167, 94320, 71169, 89821, 13249, 86807, 46517, 68400, 82697, 94325, 98448, 33998, 26840, 32418, 4306, 36424, 51284, 69030, 28241, 10470, 43213, 91900, 17206, 2797, 2915, 96571, 14789, 94360, 64912, 23732, 68500, 17846, 71652, 64762, 49526, 64000, 42801, 6487, 70926, 20048, 25167, 59138, 80610, 88343, 76293, 78190, 61060, 21185, 71710, 2995, 96058, 20718, 84410, 63334, 42270, 15419, 85608, 17314, 13350, 57670, 64438, 11742, 85487, 63503, 65623, 42653, 57091, 53240, 24978, 68791, 87953, 94190, 71220, 53870, 30099, 37884, 6767, 92079, 22419, 2406, 21602, 87562, 30566, 59502, 14627, 93659, 29197, 427, 32518, 1537, 56352, 17161, 38776, 20212, 79513, 81211, 29515, 59026, 82074, 2550, 53139, 34834, 29142, 11331, 10697, 18619, 16380, 28407, 66483, 55462, 33226, 86431, 12423, 29196, 29646, 12932, 36845, 13259, 23942, 32134, 32900, 4162, 44849, 35587, 17883, 1683, 60068, 26030, 84544, 45240, 55636, 90246, 64956, 26217, 7913, 29573, 12677, 22327, 93586, 37419, 14763, 82080, 69605, 41749]
Tree:
None

Fitness:
[0.0, 0.5]