Generation:
17

Phenotype:
def p():
  x = 0.0
  index = 36
  n = 45
  b = 50
  c = sum(main[-index:])
  if opposite[20] > main[b] + 6:
    x = 0.1
  return x
XXX_output_XXX = p()

Genotype:
[8395, 63510, 4472, 35171, 89286, 10914, 19221, 8830, 90830, 32570, 89631, 44340, 55508, 86858, 32835, 9047, 86092, 66516, 26560, 3570, 72112, 36243, 5417, 2858, 16148, 12619, 33170, 46945, 24652, 71925, 65276, 56794, 5575, 52995, 38655, 64307, 64606, 28695, 94747, 83834, 10860, 68705, 68578, 81436, 56516, 84032, 46398, 12112, 81717, 80640, 95951, 94552, 33796, 48659, 93292, 67458, 7243, 25749, 17311, 56200, 6083, 36548, 12248, 63573, 61516, 53536, 31996, 99066, 57445, 35021, 68547, 85520, 37844, 72267, 38496, 89464, 24493, 26695, 54790, 48448, 85120, 7945, 2234, 16472, 68290, 47533, 1306, 54998, 17967, 42166, 76771, 3261, 4549, 94447, 6690, 95987, 59834, 10124, 7594, 35038, 79649, 15136, 97636, 18294, 13741, 26666, 16736, 80000, 22871, 40116, 39746, 32585, 89199, 31053, 34920, 47444, 95472, 14725, 41754, 47073, 73559, 90913, 88810, 89066, 3580, 89587, 14264, 46639, 41659, 92457, 67623, 10095, 47699, 32938, 30829, 16778, 99200, 40084, 79208, 51982, 13267, 54938, 98352, 97231, 73889, 39278, 73693, 9037, 29408, 20287, 99054, 13780, 83782, 5581, 58861, 36781, 42272, 93828, 97015, 33198, 82696, 76776, 86924, 49699, 82332, 16437, 63184, 6199, 66089, 76121, 77858, 52552, 71804, 83196, 16845, 13769, 18690, 46266, 4985, 80268, 93700, 91083, 75484, 83321, 15130, 74208, 81941, 63649, 12753, 28059, 20215, 19892, 54044, 75286, 85008, 43074, 74463, 67334, 2589, 55689, 82667, 61777, 9877, 84952, 51155, 42996, 65624, 23310, 28812, 20373, 16942, 49345, 93559, 52544, 93887, 74873, 35582, 26096, 14081, 67086, 60659, 43757, 6946, 88726, 36913, 81777, 92905, 59656, 74704, 11052, 50448, 46315, 66643, 31939, 95244, 69447, 20721, 85388, 46710, 68284, 49099, 24004, 46811, 31376, 49064, 97992, 21901, 29025, 65496, 47150, 70627, 11474, 2056, 41568, 34734, 52304, 48608, 81752, 99378, 57953, 27908, 85692, 57629, 32131, 67454, 76878, 32392, 16241, 98728, 95630, 45728]
Tree:
None

Fitness:
[0.9606741573033708, 0.5914336502298063]