Generation:
60

Phenotype:
def p():
  x = 0.0
  index = 31
  n = 2
  b = 1
  c = sum(opposite[-index:]) / sum(main[-index:])
  if abs(sum(main[:-index]) - sum(opposite[-index:])) > 5000:
    x = 1.0
  return x
XXX_output_XXX = p()

Genotype:
[4724, 38795, 61196, 91771, 74032, 95680, 68036, 43727, 16423, 38598, 96128, 42246, 24030, 32811, 17086, 60779, 29877, 91786, 44582, 51800, 53376, 97597, 27480, 70389, 2895, 14769, 55771, 88527, 10418, 77111, 41040, 5701, 96189, 30220, 80361, 8795, 22630, 14549, 27021, 45083, 38704, 30395, 85732, 43293, 77370, 63355, 91352, 11665, 30662, 60532, 85143, 88435, 20680, 34936, 50215, 98851, 48441, 93944, 62346, 33368, 59988, 71121, 38614, 2405, 44555, 90052, 2794, 4753, 51200, 80408, 26252, 13136, 15667, 50710, 64411, 62076, 92686, 20652, 91285, 78162, 65476, 80073, 28644, 81477, 13322, 13501, 58534, 51020, 59973, 64405, 37431, 8376, 80775, 38367, 60858, 56584, 96535, 42314, 4056, 79542, 11299, 75563, 84667, 35403, 4436, 788, 52910, 29271, 38588, 16704, 5312, 91852, 3538, 78666, 56810, 80956, 25182, 41060, 17076, 92033, 92899]
Tree:
None

Fitness:
[0.40768828451882844, 0.5060390730145748]