Generation:
60

Phenotype:
def p():
  x = 0.0
  index = 10
  n = 38
  b = 40
  c = opposite[b]
  if abs(sum(main) - sum(opposite)) > 1000:
    x = (x + 0.3)
  index = 5
  n = 14
  b = 18
  c = sum(main[:-index])
  if main[14] < main[b] + 7:
    x = (x - 0.2)
  return x
XXX_output_XXX = p()

Genotype:
[197, 96047, 91009, 10166, 45451, 22363, 55475, 76494, 71389, 84925, 5701, 96189, 30220, 80361, 6990, 25851, 94012, 52480, 94156, 56564, 85144, 49484, 96572, 12870, 35188, 4023, 35370, 50799, 42389, 97178, 88703, 43748, 52727, 33327, 40401, 76494, 71389, 88539, 5701, 96189, 6090, 80361, 6990, 25851, 47427, 52480, 94156, 84022, 85144, 67569, 80245, 72107, 19225, 12884, 5701, 38365, 26152, 80361, 6990, 25851, 94012, 69358, 94156, 15161, 99512, 60805, 97864, 16064, 6394, 38541, 45378, 30880, 21331, 80121, 39820, 22129, 67624, 14866, 43091, 57436, 59094, 43753, 39128, 51862, 18300, 47746, 7086, 12090, 9348, 86865, 633, 58635, 28670, 56964, 89193, 46612, 84943, 58772, 37572, 50870, 35210, 83977, 78343, 47012, 38419, 10260, 29715, 86449, 58006, 21145, 29072, 94742, 1789, 46728, 16984, 21304, 96390, 97872, 65255, 86831, 62775, 77158, 47196, 94914, 4375, 69469, 22861, 36150, 42361, 24180, 13455, 29453, 47148, 51036, 3712, 22760, 7160, 79536, 68343, 27634, 7949, 56253, 38174, 76789, 78379, 42287, 2973, 12029, 10069, 9132, 59753, 48907, 28964, 83429, 16701, 79967, 40074, 74148, 1426, 45403, 85643, 47547, 79892, 65197, 1043, 69827, 1260, 6174, 53389, 78833, 22751, 74071, 40025, 22044, 47781, 41448, 69649, 8519, 17842, 39682, 19356, 97007, 68995, 18365, 44161, 72167, 34132, 25230, 84228, 52935, 52804, 74038, 91348, 19316, 54651, 82111, 96875, 93634, 20984, 16121, 17040, 23438, 1550, 70042, 3031, 27910, 61424, 75627, 82129, 55578, 75352, 91982, 5337, 8121, 27155, 14894, 46015, 93500, 70322, 85485, 80733, 59406, 25572, 6457, 86201, 99462, 23334, 58468, 32102, 64453, 29887, 1950, 7500, 62431, 62066, 8861, 36499, 95861, 47254, 60043, 69266, 39438, 93361, 57859, 60165, 27603, 97731, 86735, 46825, 32785, 90466, 27096, 51695, 19230, 80305]
Tree:
None

Fitness:
[0.9024581589958159, 0.5055797458161729]