Generation:
60

Phenotype:
def p():
  x = 0.0
  index = 13
  n = 48
  b = 40
  c = opposite[b]
  if abs(sum(main[:-index]) - sum(opposite[:-index])) > 500:
    x = (x + 0.8)
  index = 35
  n = 44
  b = 26
  c = sum(opposite[-index:])
  if opposite[b] > main[b] + 3:
    x = (x + 0.5)
  return x
XXX_output_XXX = p()

Genotype:
[46131, 91094, 19149, 77397, 96097, 14560, 71193, 63450, 71389, 24610, 5701, 96189, 30220, 85144, 10327, 50039, 3712, 33561, 25027, 3712, 77543, 83930, 61674, 7949, 56253, 38174, 76789, 91371, 42287, 25244, 98098, 10069, 9132, 59753, 58576, 28964, 83429, 16701, 79967, 40074, 74148, 1426, 45403, 85643, 47547, 79892, 65197, 1043, 69827, 1260, 6174, 53389, 78833, 22751, 74071, 40025, 22044, 47781, 41448, 69649, 8519, 17842, 39682, 19356, 97007, 68995, 18365, 44161, 72167, 34132, 25230, 84228, 52935, 52804, 74038, 91348, 19316, 54651, 82111, 96875, 93634, 20984, 16121, 17040, 23438, 1550, 70042, 3031, 27910, 61424, 75627, 82129, 55578, 75352, 91982, 5337, 8121, 27155, 14894, 46015, 93500, 70322, 85485, 80733, 59406, 25572, 6457, 86201, 99462, 23334, 58468, 32102, 64453, 29887, 1950, 7500, 62431, 62066, 8861, 36499, 95861, 47254, 60043, 69266, 39438, 93361, 57859, 60165, 27603, 97731, 86735, 46825, 32785, 90466, 27096, 51695, 19230, 80305]
Tree:
None

Fitness:
[0.9176255230125523, 0.5044098349319359]