Generation:
60

Phenotype:
def p():
  x = 0.0
  index = 13
  n = 29
  b = 40
  c = opposite[b]
  if abs(sum(main[:-index]) - sum(opposite[:-index])) > 500:
    x = (x + 0.9)
  index = 20
  n = 33
  b = 44
  c = opposite[8] * main[b]
  if main[b] > main[b] + 3:
    x = (x / 1.0)
  return x
XXX_output_XXX = p()

Genotype:
[197, 675, 91009, 16012, 96097, 22363, 76376, 91557, 71389, 24610, 60973, 96189, 30220, 85144, 36499, 50039, 3712, 55936, 16558, 3712, 31822, 7160, 9163, 6663, 65584, 7949, 56253, 38174, 76789, 78379, 42287, 86861, 98098, 10069, 9132, 59753, 58576, 28964, 99933, 61634, 59839, 67076, 74148, 1426, 45403, 85643, 47547, 79892, 65197, 1043, 69827, 1260, 6174, 53389, 78833, 22751, 74071, 40025, 22044, 47781, 41448, 69649, 8519, 17842, 39682, 19356, 97007, 68995, 18365, 44161, 72167, 34132, 25230, 84228, 52935, 52804, 74038, 91348, 19316, 54651, 82111, 96875, 93634, 20984, 16121, 17040, 23438, 1550, 70042, 3031, 27910, 61424, 75627, 82129, 55578, 75352, 91982, 5337, 8121, 27155, 14894, 46015, 93500, 70322, 85485, 80733, 59406, 25572, 6457, 86201, 99462, 23334, 58468, 32102, 64453, 29887, 1950, 7500, 62431, 62066, 8861, 36499, 95861, 47254, 60043, 69266, 39438, 93361, 57859, 60165, 27603, 97731, 86735, 46825, 32785, 90466, 27096, 51695, 19230, 80305]
Tree:
None

Fitness:
[0.9176255230125523, 0.5044098349319359]