Generation:
60

Phenotype:
def p():
  x = 0.0
  index = 13
  n = 50
  b = 40
  c = opposite[b]
  if abs(sum(main[:-index]) - sum(opposite[:-index])) > 500:
    x = (x + 0.2)
  index = 20
  n = 8
  b = 44
  c = sum(opposite[:-index]) * main[b]
  if main[b] > main[b] + 1:
    x = (x * 0.5)
  return x
XXX_output_XXX = p()

Genotype:
[197, 675, 91009, 16012, 96097, 22363, 8159, 91557, 71389, 21656, 5701, 96189, 30220, 85144, 10327, 50039, 3712, 55936, 93041, 3712, 31822, 7160, 9163, 63299, 61674, 7949, 59970, 38174, 76789, 74175, 42287, 86861, 98098, 10069, 9132, 59753, 58576, 28964, 94681, 26628, 61684, 71732, 29877, 91786, 36969, 91712, 372, 50893, 27480, 34071, 89658, 84297, 55771, 15272, 75755, 28197, 29877, 85176, 36969, 53660, 53376, 97597, 76568, 39378, 2895, 59523, 29877, 85176, 36969, 53660, 53376, 97597, 76568, 40101, 2895, 62955, 55771, 88527, 10418, 44962, 41040, 5701, 96189, 30220, 80361, 8795, 22630, 14549, 27021, 45083, 38704, 30395, 85732, 43293, 77370, 63355, 91352, 11665, 30662, 60532, 85143, 88435, 20680, 34936, 50215, 98851, 48441, 93944, 62346, 33368, 59988, 71121, 38614, 2405, 44555, 90052, 2794, 4753, 51200, 80408, 26252, 13136, 15667, 50710, 64411, 62076, 92686, 20652, 91285, 78162, 65476, 80073, 28644, 81477, 13322, 13501, 58534, 51020, 59973, 64405, 37431, 8376, 80775, 38367, 60858, 56584, 96535, 42314, 4056, 79542, 11299, 75563, 84667, 35403, 4436, 788, 52910, 29271, 38588, 16704, 5312, 91852, 3538, 78666, 56810, 80956, 25182, 41060, 17076, 92033, 92899]
Tree:
None

Fitness:
[0.9176255230125523, 0.5044098349319359]