Generation:
1

Phenotype:
def p():
  x = 0.0
  index = 2
  if main[index] < 1:
    if main[index] < opposite[index] + 0.0000001:
      x = (x + 0.000001)
  else:
    if opposite[index] < main[index] + 9:
      x = (x + 0.01)
    else:
      x = (x + 0.000001)
  index = 21
  if sum(opposite[:-index]) < sum(opposite[-index:]) + sum(main[:-index]) + sum(opposite[-index:]):
    x = (x + 0.3)
  index = 35
  if abs(sum(main) - sum(opposite)) > 1000:
    x = (x - 0.001)
  return x
XXX_output_XXX = p()

Genotype:
[57472, 75719, 9005, 79083, 12066, 56618, 54165, 56064, 29783, 2688, 79848, 3073, 88727, 63263, 5460, 2249, 95608, 92853, 35992, 92737, 56261, 72525, 87797, 50797, 71976, 7791, 28139, 50443, 49474, 73272, 87462, 81644, 66652, 48021, 59548, 67218, 15232, 62046, 88127, 70780, 40096, 48433, 39928, 88498, 15896, 32036, 21639, 96235, 50667, 10457, 93336, 50611, 97316, 62899, 65873, 99389, 90426, 31839, 66700, 30084, 29188, 46969, 4000, 16688, 44092, 47885, 20962, 41669, 77682, 65443, 7116, 98363, 58869, 24858, 96407, 70744, 53931, 45005, 2597, 40265, 44267, 53491, 64293, 7873, 53652, 7588, 51714, 16225, 80072, 19379, 58321, 12790, 47918, 10479, 60486, 96617, 8667, 27009, 21035, 43297, 14678, 92494, 47693, 44379, 28064, 71950, 53771, 36825, 36061, 35701, 74852, 28073, 4361, 53297, 77432, 2446, 40524, 3455, 39161, 15677, 19635, 29344, 49984, 87178, 75936, 12011, 77446, 65487, 54549, 74655, 78035, 11265, 27474, 93321, 65369, 99609, 89398, 69847, 25013, 66690, 82177, 8551, 12941, 63515, 54833, 52326, 52755, 77579, 69332, 80607, 74652, 67379, 49228, 84786, 25986, 79902, 36048, 53692, 50096, 26006, 31515, 65017, 57597, 77106, 68992, 22391, 64537, 25062, 8338, 28085, 17164, 39114, 9616, 14905, 90224, 3755, 92000, 95116, 93963, 20229, 81526, 10405, 43262, 98092, 5681, 20825, 74124, 57999, 84117, 4298, 93578, 21995, 59824, 11121, 75141, 93022, 82015, 78711, 25006, 40631, 61280, 10202, 6489, 1995, 58538, 83845, 93669, 41357, 80232, 59280, 10724, 3731, 95310, 20739, 74342, 17859, 26172, 57039, 29979, 91346, 33975, 10069, 68947, 86702, 94150, 53716, 81136, 34741, 33854, 77015, 59635, 7072, 27473, 65454, 15048, 73530, 64761, 71967, 80659, 50784, 29558, 53034, 9633, 90111, 31661, 37951, 47181, 69274, 78818, 8207, 76734, 53612, 56676, 67447, 12941, 69542, 78449, 61402, 46852, 40117, 54681, 43159, 41123, 20538, 37230, 64629, 72772, 21590, 2118, 52292, 28761, 10656, 93752, 47920, 78946, 90888, 84375, 10520, 40371]
Tree:
None

Fitness:
[0.8248847926267281, 0.5232303392007251]