Generation:
14

Phenotype:
def p():
  x = 0.0
  index = 39
  n = 24
  b = 14
  c = opposite[b]
  if main[b] < opposite[b] + 5:
    x = (x + 0.8)
  return x
XXX_output_XXX = p()

Genotype:
[25667, 27274, 75412, 82220, 83424, 33733, 27921, 3120, 49841, 63842, 60616, 97397, 89899, 96768, 38777, 89725, 28341, 72937, 95066, 39260, 65878, 17571, 93875, 69119, 93343, 59854, 14770, 81861, 50915, 30405, 51004, 46575, 49387, 40520, 81464, 18595, 41644, 91010, 68928, 93077, 8230, 93833, 40143, 33687, 20218, 44916, 23552, 88823, 27847, 68064, 67222, 86822, 20363, 61158, 20737, 98826, 60400, 76668, 61217, 21667, 74472, 74809, 92081, 8863, 25723, 97100, 20918, 39150, 81714, 736, 99355, 46369, 12268, 80496, 68003, 81788, 41222, 3039, 8986, 39643, 92141, 72412, 33321, 89962, 62174, 69432, 89509, 15043, 97938, 31041, 10033, 52830, 1627, 27419, 61151, 76356, 96308, 79001, 39570, 34736, 9248, 40492, 78970, 60817, 91778, 1177, 36486, 86929, 73619, 19052, 78768, 26108, 84484, 53537, 3588, 26289, 74615, 35123, 68205, 78743, 28832, 36470, 98037, 41628, 69736, 56666, 95744, 89233, 18869, 18946, 66480, 71064, 87995, 81141, 81952, 70610, 27086, 6521, 38650, 370, 73870, 98775, 59114, 88311, 79397, 47997, 12572, 93549, 40329, 8747, 98475, 26966, 5617, 16092, 68057, 18210, 74514, 96304, 18539, 70975, 73518, 17021, 10847, 57908, 89468, 66452, 30177, 77803, 1093, 89131, 61558, 45292, 11640, 98522, 80063, 51109, 53620, 14483, 56819, 96614, 98381, 22352, 16200, 67843, 29567, 78684, 65586, 91689, 1036, 60089, 73399, 4711, 42820, 81499, 16544, 32972, 82719, 60171, 34281, 45589, 95040, 99068, 84320, 15845, 51974, 19791, 13643, 33471, 62641, 28490, 55359, 81284, 91032, 19959, 4421, 83359, 35007, 25526, 36821, 26174, 91136, 24107, 57960, 53766, 11184, 84277, 82084, 38526, 58454, 98363, 84497, 22386, 48094, 13342, 25803, 15247, 35242, 49953, 49715, 49268, 6256, 56901, 45502, 85586, 81932, 2836, 77794, 11786, 84414, 87812, 65297, 42121, 60949, 34201, 73118, 78469, 72578, 58995, 63567, 32148, 17812, 40312, 32655, 65491, 92027]
Tree:
None

Fitness:
[0.8425732217573222, 0.6905126562701026]