Generation:
14

Phenotype:
def p():
  x = 0.0
  index = 33
  n = 1
  b = 34
  c = sum(opposite[:-index])
  if abs(sum(main[-index:]) - sum(opposite[-index:])) > 1000:
    x = (x + 0.6)
  return x
XXX_output_XXX = p()

Genotype:
[84018, 41285, 49272, 19010, 3450, 39405, 68698, 3326, 70771, 79520, 2079, 43917, 42807, 93915, 19332, 52036, 78202, 91963, 63006, 79255, 40520, 89725, 51110, 76364, 23802, 33820, 65354, 50642, 8511, 54281, 32849, 63613, 10072, 98714, 70792, 17256, 76979, 24433, 93156, 81017, 69468, 22512, 95273, 23744, 41431, 86494, 98864, 19110, 18432, 56096, 4339, 53591, 67324, 55804, 19501, 10414, 3700, 56133, 62967, 86628, 24113, 19219, 90116, 26102, 73890, 87168, 23863, 71823, 97491, 91262, 70264, 18012, 10344, 33896, 40823, 99822, 64455, 70453, 66157, 80823, 29054, 95071, 40388, 12952, 66298, 88477, 46645, 36367, 66983, 6114, 53154, 14943, 86147, 47821, 6356, 74453]
Tree:
None

Fitness:
[0.8606171548117155, 0.6630739652672755]