Generation:
14

Phenotype:
def p():
  x = 0.0
  index = 30
  n = 24
  b = 14
  c = main[b]
  if abs(sum(main[:-index]) - sum(opposite[-index:])) > 500:
    x = (x + 0.2)
  return x
XXX_output_XXX = p()

Genotype:
[64784, 27274, 75412, 82220, 68778, 33733, 27921, 69119, 49841, 37348, 9724, 5644, 36785, 60616, 14081, 19312, 27882, 69211, 5831, 83465, 9399, 31662, 96847, 30405, 51004, 46575, 78362, 38473, 71566, 77284, 83461, 9724, 5644, 36785, 72570, 96448, 83409, 37935, 40520, 89725, 69119, 49841, 59854, 14770, 5644, 50915, 72570, 96448, 83409, 51538, 40520, 89725, 84615, 59854, 14770, 5644, 50915, 72570, 51004, 83409, 71658, 40520, 89725, 51110, 76364, 23802, 33820, 65354, 50642, 8511, 54281, 32849, 63613, 10072, 98714, 70792, 17256, 76979, 24433, 93156, 81017, 69468, 22512, 95273, 23744, 41431, 86494, 98864, 19110, 18432, 56096, 4339, 53591, 67324, 55804, 19501, 10414, 3700, 56133, 62967, 86628, 24113, 19219, 90116, 26102, 73890, 87168, 23863, 71823, 97491, 91262, 70264, 18012, 10344, 33896, 40823, 99822, 64455, 70453, 66157, 80823, 29054, 95071, 40388, 12952, 66298, 88477, 46645, 36367, 66983, 6114, 53154, 14943, 86147, 47821, 6356, 74453]
Tree:
None

Fitness:
[0.9097803347280334, 0.6125914446544541]