Generation:
60

Phenotype:
def p():
  x = 0.0
  index = 19
  if abs(sum(main[:-index]) - sum(opposite[-index:])) > 1000:
    x = (x + 0.0001)
  return x
XXX_output_XXX = p()

Genotype:
[79721, 77344, 75584, 32443, 50771, 35424, 75002, 43147, 38406, 69808, 3354, 86643, 24866, 74356, 24297, 7535, 6553, 82528, 35424, 27557, 83742, 41302, 37411, 63327, 35424, 48550, 43147, 27557, 91620, 13331, 57033, 54260, 23104, 8903, 78821, 12, 65421, 82366, 57225, 13671, 43386, 71875, 34793, 1953, 59271, 63316, 56263, 39474, 30199, 6058, 37827, 93392, 16914, 73685, 26182, 13033, 83412, 76947, 78502, 9957, 17703, 44142, 55851, 39410, 7394, 4466, 44029, 34835, 71667, 71167, 84634, 87447, 77101, 6883, 3302, 35687, 41510, 35922, 9912, 39113, 80443, 23492, 44418, 927, 64307, 38869, 52203, 5539, 4666, 78150, 44314, 40720, 24560, 71538, 38630, 23416, 15178, 51326, 33788, 77710, 6102, 54644, 14200, 71963, 93116, 62349, 2320, 72451, 72769, 20973, 24428, 30261, 1825, 51320, 96338, 14999, 25507, 15316, 88382, 52481, 96149, 51269, 33938, 52818, 63080, 42510, 22782, 60490, 94247, 10195, 10991, 5983, 36094, 12951, 8207, 28557, 23588, 84121, 21293, 72131, 42727, 59780, 57033, 71409, 81518, 4379, 34791, 46856, 83814, 46123, 30293, 25667, 57950, 5253, 90368, 89994, 8403, 23980, 1741, 9835, 24358, 33611, 33798, 53786]
Tree:
None

Training fitness:
[1.0, 0.5451345755693582]
Test fitness:
[0.0, 0.5]