Generation:
6

Phenotype:
def p():
  x = 0.0
  index = 24
  n = 28
  b = 20
  c = sum(main[:-index])
  if opposite[b] > main[37] + 7:
    x = 0.7
  index = 10
  n = 31
  b = 6
  c = opposite[3]
  if abs(sum(main[:-index]) - sum(opposite[-index:])) > 50:
    x = (x * 0.5)
  return x
XXX_output_XXX = p()

Genotype:
[11674, 4137, 36905, 96877, 46383, 95028, 19765, 31990, 49082, 43940, 89004, 29434, 50717, 34253, 96917, 7642, 75109, 4127, 37785, 52196, 79416, 85772, 2305, 97288, 98512, 56627, 56871, 37525, 75940, 60219, 13416, 4375, 98320, 85715, 54490, 61915, 45633, 27924, 31517, 96191, 36705, 97289, 18616, 51300, 85972, 81150, 25707, 59193, 8663, 15221, 79408, 20329, 51978, 25315, 2261, 64317, 91077, 31056, 27613, 1838, 41952, 45647, 21354, 96803, 17067, 10823, 38415, 10920, 53558, 61601, 66756, 56560, 61467, 91865, 21038, 73436, 84161, 87486, 88096, 54028, 97880, 23220, 38406, 43489, 59791, 71827, 99432, 18285, 43640, 4156, 66702, 5516, 24470, 12749, 56865, 38809, 7696, 31892, 89776, 7972, 86848, 75502, 36608, 7316, 4795, 74271, 1988, 46843, 18143, 80821, 37193, 91884, 16808, 10128, 6110, 89177, 80623, 71079, 99776, 82493, 14738, 79597, 16756, 28325, 77386, 28861, 57581, 61158, 56556, 42222, 47380, 9464, 80907, 58363, 74118, 98441, 90097, 45977, 17564, 15321, 68716, 48935, 58624, 74280, 6937, 9800, 74312, 54421, 6800, 22751, 17326, 65428, 18775, 51684, 97302, 67293, 38570, 66314, 34823, 66723, 19479, 59579, 21799, 70741, 84528, 52779, 33532, 50405, 54361, 39963, 44872, 62408, 77016, 7638, 64988, 82574, 66740, 62842, 49788, 4936, 64049, 75254, 39889, 31540, 51353, 10495, 7131, 27876, 37088, 72392, 13063, 9031, 8721, 66637, 9536, 12775, 92623, 84660, 65190, 77120, 69696, 85453, 14367, 89411, 84120, 1750, 20291, 43896, 97204, 50402, 7456, 50042, 11792, 31226, 57143, 79072, 67301, 24236, 98608, 76143, 2414, 15897, 67792, 88987, 23690, 15983, 22669, 4946, 93007, 46934, 7802, 88140, 35226, 76013, 53653, 39653, 56667, 45180, 60698, 5520, 10623, 4137, 17250, 93612, 46101, 16352, 84246, 12293, 17165, 23603]
Tree:
None

Fitness:
[0.9833795013850416, 0.5783866380192789]