Generation:
6

Phenotype:
def p():
  x = 0.0
  index = 24
  n = 39
  b = 20
  c = main[30]
  if opposite[b] > main[37] + 7:
    x = 0.6
  return x
XXX_output_XXX = p()

Genotype:
[11674, 13783, 44780, 96877, 46383, 22590, 29670, 31990, 49082, 37505, 63853, 29434, 80916, 34253, 96917, 7642, 75109, 4127, 37785, 91525, 73725, 5464, 71890, 37843, 20762, 65720, 25547, 99595, 10185, 69433, 64089, 86055, 86097, 11065, 26145, 80070, 75264, 59149, 82169, 44491, 45989, 7469, 80412, 11856, 91941, 66911, 42809, 38505, 1237, 32890, 60670, 36979, 75238, 91924, 29291, 53191, 6321, 94347, 26631, 97259, 25390, 27571, 46913, 35764, 69840, 80786, 57087, 10584, 10694, 84828, 64218, 11978, 47341, 44802, 20623, 99483, 38390, 55907, 57968, 56398, 82569, 50984, 14586, 31106, 86332, 83311]
Tree:
None

Fitness:
[0.9833795013850416, 0.5783866380192789]