Generation:
6

Phenotype:
def p():
  x = 0.0
  index = 24
  n = 39
  b = 20
  c = main[30]
  if opposite[b] > main[37] + 7:
    x = 0.6
  return x
XXX_output_XXX = p()

Genotype:
[11674, 13783, 44780, 96877, 46383, 22590, 29670, 31990, 49082, 43940, 63853, 29434, 80916, 34253, 96917, 7642, 75109, 4127, 37785, 91525, 30479, 85772, 2305, 97288, 98512, 90187, 56871, 37525, 75940, 60219, 13416, 4375, 98320, 85715, 54490, 61915, 61383, 28034, 62091, 88801, 59611, 94795, 40169, 2184, 82017, 87105, 39812, 87180, 81361, 68323, 89329, 60403, 92877, 26171, 3620, 70582, 30487, 85660, 71146, 49503, 95286, 43935, 13346, 34918, 59676, 27525, 92804, 78452, 34892, 6142, 3839, 2886, 75526, 51404, 12506]
Tree:
None

Fitness:
[0.9833795013850416, 0.5783866380192789]