Generation:
60

Phenotype:
def p():
  x = 0.0
  index = 23
  n = 16
  b = 30
  c = sum(opposite[:-index])
  if opposite[43] < main[b] + 3:
    x = (x - 0.7)
  return x
XXX_output_XXX = p()

Genotype:
[64897, 31052, 4976, 65585, 68873, 48616, 3076, 16065, 88617, 14485, 37440, 96963, 35971, 77974, 10831, 42475, 2896, 37933, 25557, 57616, 93208, 70736, 48592, 18710, 71188, 19818, 49274, 84901, 26610, 49360, 54017, 67111, 72020, 71484, 96796, 88605, 71354, 57608, 83976, 41797, 19892, 97898, 66940, 37492, 75537, 38869, 81177, 44153, 78829, 82376, 62729, 94652, 58024, 49508, 56999, 27840, 21290, 92890, 73787, 75847, 54532, 3356, 22290, 26196, 12412, 20405, 13788, 46311, 14772, 90292, 99420, 89105, 59896, 90007, 77545, 58236, 93669, 41060, 31476, 37488, 95839, 71190, 33146, 70268, 83648, 27674, 5017, 99615, 62466, 67552, 20233, 77196, 69095, 27783, 44656, 82978, 90954, 6107, 3427, 2533, 94897, 83845, 48604, 11462, 55135, 432, 24288, 347, 42346, 92103, 7158, 95109, 84435, 65700, 59278, 8048, 13285, 22915, 63460, 70685, 19948, 26154, 99950, 79166, 75318, 32537, 56753, 36358, 71670, 93409, 6677, 38498, 24994, 74351, 15104, 43897, 58530]
Tree:
None

Fitness:
[0.016853932584269662, 0.5005756184774266]