Generation:
60

Phenotype:
def p():
  x = 0.0
  index = 42
  n = 27
  b = 30
  c = sum(opposite[-index:])
  if opposite[43] < main[b] + 3:
    x = (x - 0.7)
  index = 24
  n = 46
  b = 41
  c = sum(opposite[:-index])
  if c > main[34]:
    x = (x - 0.5)
  return x
XXX_output_XXX = p()

Genotype:
[33356, 49637, 8653, 27738, 13200, 49223, 54393, 77368, 87699, 7927, 37440, 82031, 87024, 89634, 91335, 42475, 92164, 37933, 25557, 23846, 32076, 7190, 27717, 52517, 96997, 68164, 96074, 98446, 82344, 44129, 16617, 98292, 55776, 72823, 72238, 82144, 88617, 96494, 37440, 43289, 71079, 3114, 91335, 42475, 98940, 37933, 25557, 10809, 32076, 43367, 77248, 40225, 32876, 53943, 95291, 70892, 50270, 47758, 68009, 80330, 2852, 60567, 23725, 38839, 86335, 16456, 86440, 34660, 52420, 37440, 95305, 91851, 60744, 91335, 82956, 31994, 37933, 25557, 30737, 32076, 7190, 86114, 2212, 49832, 60364, 37958, 40539, 74796, 54017, 99996, 45103, 49811, 4680, 41872, 91990, 1604, 10004, 77908, 52506, 91944, 60177, 32914, 22906, 60443, 2537, 66073, 40327, 30440, 63830, 40129, 90058, 57942, 20479, 75252, 46180, 32338, 95563, 93116, 92683, 63378, 44940, 94443, 51578, 77958, 67839, 68036, 17260, 85230, 79551, 72591, 63174, 895, 27767, 92890, 73787, 75847, 54532, 25800, 22290, 21763, 12412, 20405, 13788, 58906, 14772, 90292, 99420, 89105, 59896, 90007, 77545, 58236, 93669, 41060, 31476, 37488, 95839, 71190, 33146, 70268, 83648, 27674, 5017, 99615, 62466, 67552, 20233, 77196, 69095, 27783, 44656, 82978, 90954, 6107, 3427, 2533, 94897, 83845, 48604, 11462, 55135, 432, 24288, 347, 42346, 92103, 7158, 95109, 84435, 65700, 59278, 8048, 13285, 22915, 63460, 70685, 19948, 26154, 99950, 79166, 75318, 32537, 56753, 36358, 71670, 93409, 6677, 38498, 24994, 74351, 15104, 43897, 58530]
Tree:
None

Fitness:
[0.016853932584269662, 0.5005756184774266]