Generation:
60

Phenotype:
def p():
  x = 0.0
  index = 25
  n = 17
  b = 30
  c = sum(opposite[-index:])
  if opposite[43] < main[b] + 3:
    x = (x - 1.0)
  index = 14
  n = 32
  b = 39
  c = sum(main[:-index])
  if main[b] > main[b] + 9:
    x = (x / 0.5)
  return x
XXX_output_XXX = p()

Genotype:
[29925, 34415, 8653, 69768, 18436, 98986, 57800, 60301, 88617, 60882, 37440, 39653, 98008, 63284, 91335, 42475, 19276, 37933, 25557, 10809, 32076, 7190, 52340, 90250, 32876, 17218, 5088, 83256, 72246, 52420, 24655, 7533, 9588, 63284, 78479, 88589, 92164, 60104, 95867, 1756, 32076, 8448, 86114, 90250, 49832, 60364, 37958, 28522, 74796, 54017, 99996, 45103, 49811, 4680, 41872, 91990, 1604, 10004, 19615, 52506, 91944, 60177, 32914, 22906, 60443, 2537, 66073, 40327, 30440, 63830, 40129, 90058, 57942, 20479, 75252, 46180, 32338, 95563, 93116, 92683, 63378, 44940, 94443, 51578, 77958, 67839, 68036, 17260, 85230, 79551, 72591, 63174, 895, 27767, 92890, 73787, 75847, 54532, 25800, 22290, 21763, 12412, 20405, 13788, 58906, 14772, 90292, 99420, 89105, 59896, 90007, 77545, 58236, 93669, 41060, 31476, 37488, 95839, 71190, 33146, 70268, 83648, 27674, 5017, 99615, 62466, 67552, 20233, 77196, 69095, 27783, 44656, 82978, 90954, 6107, 3427, 2533, 94897, 83845, 48604, 11462, 55135, 432, 24288, 347, 42346, 92103, 7158, 95109, 84435, 65700, 59278, 8048, 13285, 22915, 63460, 70685, 19948, 26154, 99950, 79166, 75318, 32537, 56753, 36358, 71670, 93409, 6677, 38498, 24994, 74351, 15104, 43897, 58530]
Tree:
None

Fitness:
[0.016853932584269662, 0.5005756184774266]