Generation:
60

Phenotype:
def p():
  x = 0.0
  index = 31
  n = 17
  b = 30
  c = opposite[17]
  if opposite[43] < main[b] + 3:
    x = (x - 0.3)
  return x
XXX_output_XXX = p()

Genotype:
[96076, 68130, 23004, 21132, 82498, 92797, 77741, 16694, 88617, 29285, 80647, 7215, 36635, 37024, 91335, 42475, 81756, 37933, 25557, 61832, 67189, 51737, 79536, 38276, 13448, 92674, 22332, 16617, 98292, 83099, 72823, 55509, 31379, 19818, 59744, 84901, 26610, 38550, 22967, 94840, 11070, 32563, 65664, 87548, 34876, 18128, 36414, 37705, 34859, 43682, 65156, 44482, 34542, 64895, 14137, 84234, 90281, 94811, 53408, 49902, 83204, 46869, 31926, 57338, 42044, 86028, 41758, 7068, 19427, 68546, 56507, 22910, 54342, 82412, 88443, 84975, 42657, 63671, 80290, 83166, 76150, 80481, 24940, 22409]
Tree:
None

Fitness:
[0.016853932584269662, 0.5005756184774266]