Generation:
60

Phenotype:
def p():
  x = 0.0
  index = 8
  n = 17
  b = 30
  c = sum(opposite[:-index])
  if opposite[43] < main[b] + 3:
    x = (x - 0.7)
  return x
XXX_output_XXX = p()

Genotype:
[80935, 68130, 23004, 21132, 12401, 47335, 77741, 16694, 88617, 29285, 28608, 20835, 36635, 37024, 91335, 42475, 92164, 73313, 25557, 3136, 10804, 22947, 86114, 92164, 20084, 65716, 30737, 32076, 92948, 18889, 31414, 90919, 57196, 22967, 6704, 92882, 27738, 19879, 76108, 59025, 77368, 87699, 12853, 86893, 56888, 87509, 63284, 49529, 42475, 35422, 55509, 31379, 19818, 59744, 84901, 26610, 49360, 98345, 86335, 36396, 86901, 53506, 49231, 876, 61672, 1933, 41872, 82513, 70934, 91680, 71506, 69256, 2354, 3565, 76249, 40539, 23513, 77394, 35587, 10479, 16267, 13580, 74556, 20400, 34793, 19585, 77748, 76659, 21286, 2551, 47705, 7175, 4554, 71256, 30897, 76893, 61231, 80858, 31838, 14819, 75316, 5582, 35051, 84379, 85981, 64513, 93880, 49247, 66557, 55299, 47325, 68509, 12958, 43311, 85743, 20262, 38723]
Tree:
None

Fitness:
[0.016853932584269662, 0.5005756184774266]