Generation:
60

Phenotype:
def p():
  x = 0.0
  index = 49
  n = 42
  b = 45
  c = sum(main[-index:])
  if c < opposite[22]:
    x = (x + 0.7)
  return x
XXX_output_XXX = p()

Genotype:
[13183, 38415, 88892, 18889, 31414, 28828, 9783, 89685, 37122, 74852, 91974, 34688, 42136, 73787, 55831, 75880, 53007, 60100, 35721, 76666, 13017, 54615, 69792, 13759, 68071, 54033, 29004, 36197, 83557, 88081, 60759, 34373, 56230, 2888, 45691, 12626, 86580, 78440, 60125, 23552, 59652, 68952, 89022, 41179, 48167, 56571, 46554, 54315, 48956, 7409, 21786, 3347, 58889, 48699, 43564, 14837, 56771, 61378, 60976, 52920, 28699, 63830, 26448, 60996, 17018, 27347, 77690, 55811, 65398, 17190, 82308, 26196, 75458, 59849, 33261, 15522, 14440, 65649, 13308, 51472, 25723, 47660, 48863, 50929, 30314, 23801, 69222, 42080, 39492, 55264, 47360, 43797, 94955, 88796, 16024, 18526, 6308, 1919, 49972, 10946, 40054, 30150, 23303, 48826, 46578, 51960, 3349, 5421, 1492, 28952, 74386, 51459, 94269, 78484, 11747, 46472, 50591, 36509, 20126, 18673, 88770, 31061, 91741, 59175, 27469, 84580, 78647, 3085, 43637, 89035, 69836, 20606, 49948, 20622, 76991, 85475, 40416, 95593, 5901, 14609, 98312, 89721, 19801, 66525, 19187, 51338, 60558, 57588, 53388, 70470, 55912, 16892, 59069, 50258, 44818, 60506, 75604, 56356, 37092, 72078, 98395, 79531, 3324, 77968, 67788, 744, 62648, 60347, 79245, 24445, 59493, 54674, 3807, 32843, 92479, 91493, 66303, 22355, 78089, 15235, 50812, 16733, 16123, 17295, 51223, 6748, 4402, 40201, 48148, 21413, 91340, 56038, 95084, 50482, 97518, 24060, 5668, 32240, 59678, 13257, 54628, 49767, 94619, 27929, 64787, 32784, 47669, 29559, 32060, 85465, 64935, 13020, 34821, 77489, 30451, 59621, 2533, 7741, 33147, 93559, 39147, 42352, 25494, 4420, 59001, 74997, 50446, 10289, 21081, 15933, 27840, 75071, 72545, 38089, 61110, 5685, 9548, 27443, 40682, 29543, 81105, 14655, 74087, 87681, 43204, 47900, 25447, 72056, 88565, 48478, 20421, 9217, 38255, 14740, 27915, 61683, 61351, 79023, 52643, 75563, 88915, 68469, 90129, 46622, 90956, 93624, 92508, 22238, 1408, 46423, 89635, 18080, 96772, 51872, 30956, 10052, 43506, 65237, 15509, 15498, 13440, 44999, 99636, 88057, 17195, 86085, 26152, 75687, 89390, 19592, 95864, 12846, 75090, 83394, 15254, 44496, 8186, 62895, 1338, 71746, 24682, 57777, 28505, 32282, 71210, 64357, 71412, 3610, 59513, 31185, 1117, 51912, 19198, 63490, 58433, 23882, 84979, 97975, 77462, 33865, 19795, 81840, 55081, 1539, 74491, 71730, 10114, 64688]
Tree:
None

Fitness:
[0.011235955056179775, 0.5027391499960303]