Generation:
60

Phenotype:
def p():
  x = 0.0
  index = 26
  n = 5
  b = 30
  c = sum(opposite[:-index])
  if opposite[43] < main[b] + 3:
    x = (x - 0.4)
  return x
XXX_output_XXX = p()

Genotype:
[79471, 36225, 14244, 61468, 71987, 77525, 25709, 82100, 21909, 52420, 37440, 15989, 19271, 22574, 91335, 42475, 92164, 32703, 90147, 34573, 32076, 23864, 86114, 67298, 44087, 46129, 81985, 37476, 94547, 35743, 64513, 34502, 71513, 20245, 88617, 73575, 37440, 15989, 7115, 1024, 91335, 42475, 44252, 37933, 25557, 57616, 32076, 7190, 64142, 96882, 1979, 94156, 73432, 40539, 26524, 49944, 25011, 12999, 67029, 96796, 49883, 16336, 38444, 7525, 68487, 21887, 13404, 23725, 98345, 86335, 2852, 57127, 96060, 99453, 32869, 467, 82558, 84865, 41633, 98541, 43252, 29866, 62436, 32802, 47684, 94528, 50077, 29096, 71005, 62169, 56952, 91230, 87792, 3976, 84199, 34748, 45980, 9003, 71133, 7647, 1682, 8338, 3285, 75250, 50671, 63847, 17623, 15007, 38281, 81190, 58510, 26831, 1444, 16911, 83907, 52576, 81675, 88248, 61241, 2299, 6397, 30847, 47962, 68490, 39832, 70433, 53276, 85478, 79741, 85176, 500, 17361, 12758, 60083, 12879, 23595, 16517, 98231, 24038, 76337, 82326, 95586, 91459, 97337, 45063, 20424, 54345, 22360, 71293, 7695, 30877, 94492, 59368, 32758, 53153, 11379, 54278, 47432, 31264]
Tree:
None

Fitness:
[0.016853932584269662, 0.5005756184774266]