Generation:
60

Phenotype:
def p():
  x = 0.0
  index = 36
  n = 19
  b = 30
  c = sum(opposite[:-index])
  if opposite[43] < main[b] + 3:
    x = (x - 0.3)
  return x
XXX_output_XXX = p()

Genotype:
[89337, 62614, 22428, 61468, 77811, 89612, 23173, 60301, 88617, 81024, 37440, 39653, 11483, 39029, 91335, 42475, 5580, 37933, 58752, 75402, 58263, 71005, 62169, 56952, 91230, 87792, 53365, 84199, 34748, 81736, 74437, 71133, 7647, 14034, 7209, 3285, 96248, 50671, 63847, 17623, 15007, 38281, 81190, 34420, 54407, 37577, 81340, 83907, 50816, 81675, 32284, 61241, 2299, 14068, 93353, 47962, 68490, 39832, 70433, 53276, 85478, 18423, 85176, 500, 17361, 10549, 74852, 91974, 1003, 92890, 58781, 75847, 54532, 14958, 22290, 21763, 18982, 95485, 90804, 41133, 47757, 99471, 42815, 6467, 50831, 21624, 22344, 24033, 69974, 70264, 43893, 9334, 98330, 71093, 12058, 83265, 24830, 68265, 53985, 37697, 39752, 67088, 87235, 27225, 84304, 1835, 92441, 52031, 66671, 34240, 41828, 74652, 69882, 35045, 17224, 15440, 47212]
Tree:
None

Fitness:
[0.016853932584269662, 0.5005756184774266]