Generation:
60

Phenotype:
def p():
  x = 0.0
  index = 25
  n = 25
  b = 30
  c = sum(opposite[:-index])
  if opposite[43] < main[b] + 3:
    x = (x - 0.6)
  index = 1
  n = 35
  b = 10
  c = sum(opposite[-index:])
  if c > main[b] - main[b]:
    x = (x / 0.8)
  return x
XXX_output_XXX = p()

Genotype:
[34858, 54226, 8653, 61468, 18436, 3804, 44752, 82100, 88617, 52420, 84861, 15989, 91851, 3249, 91335, 42475, 92164, 37933, 25557, 96685, 91152, 7190, 76042, 42481, 68222, 92882, 64780, 82506, 99561, 47073, 49988, 28257, 14656, 54875, 51671, 43804, 97320, 98061, 48610, 688, 82509, 79427, 90956, 15344, 22364, 64720, 60107, 82050, 80784, 10660, 85464, 23251, 91988, 76050, 6329, 34380, 42881, 44589, 74301, 58701, 56248, 38803, 40816, 47357, 41748, 48592, 96258, 50790, 45286, 14821, 40750, 54310, 11059, 48191, 32134, 45167, 63942, 23515, 13313, 62044, 48480, 61062, 54125, 70089, 91729, 83160, 98508, 11268, 32715, 52616, 8886, 52965, 32986, 30283, 67039, 2414, 16729, 15999, 1181, 51632, 58162, 64050, 63217, 35076, 93314, 6132, 14170, 71660, 14148, 79086, 54793, 67764, 57097, 26981, 99102, 45535, 95459, 34118, 23247, 85935, 57316, 6240, 95153, 95173, 62834, 55308, 34842, 30741, 88851, 78004, 41339, 66028, 5291, 53744, 52746, 39450, 29977, 7173, 24776, 60986, 27771, 53902, 6482, 95342, 50778, 19841, 10439, 55176, 58289, 14046, 5953, 2930, 16273, 4553, 2752, 63169, 6912, 10908, 3961, 37537, 21876]
Tree:
None

Fitness:
[0.016853932584269662, 0.5005756184774266]