Generation:
60

Phenotype:
def p():
  x = 0.0
  index = 39
  n = 34
  b = 30
  c = sum(opposite[-index:])
  if opposite[43] < main[b] + 3:
    x = (x - 0.6)
  index = 24
  n = 46
  b = 41
  c = sum(opposite[:-index])
  if c > main[b]:
    x = (x + 0.4)
  return x
XXX_output_XXX = p()

Genotype:
[33631, 49637, 8653, 95380, 85005, 49223, 44200, 77368, 87699, 7927, 37440, 82031, 87024, 89634, 91335, 42475, 92164, 37933, 25557, 96685, 34688, 7190, 27717, 52517, 96997, 1604, 96074, 98446, 82344, 44129, 16617, 98292, 55776, 18436, 48616, 28596, 68263, 88617, 52420, 37440, 39653, 39943, 63284, 91335, 42475, 93516, 37933, 25557, 62378, 32076, 27738, 28106, 76108, 59025, 28688, 10440, 47169, 86893, 81416, 87509, 63284, 49529, 42475, 92164, 61042, 58758, 2187, 45765, 32876, 26818, 37958, 73848, 82738, 47758, 97758, 18468, 80281, 95648, 72398, 70679, 63475, 41003, 29701, 2615, 54580, 18606, 91394, 34754, 25915, 79275, 80194, 50036, 7137, 65379, 28097, 47073, 17056, 91680, 57851, 49202, 2354, 749, 79536, 4878, 13448, 92674, 94716, 45100, 98292, 59731, 35422, 55509, 31379, 19818, 59744, 84901, 85260, 59891, 39492, 92683, 74685, 44940, 4684, 84621, 90292, 67839, 68036, 17260, 51400, 65790, 72591, 63174, 71466, 86865, 43300, 14880, 16306, 11180, 551, 56303, 10026, 58746, 77064, 53713, 72985, 30381, 83997, 9907, 86677, 50532, 10958, 25609, 94226, 54847, 7276, 16164, 57113, 6040]
Tree:
None

Fitness:
[0.016853932584269662, 0.5005756184774266]