Generation:
60

Phenotype:
def p():
  x = 0.0
  index = 25
  n = 49
  b = 30
  c = sum(main[-index:])
  if opposite[43] < main[b] + 3:
    x = (x - 0.8)
  return x
XXX_output_XXX = p()

Genotype:
[40709, 20385, 69028, 65231, 18436, 38364, 88840, 84561, 88617, 80468, 32367, 15148, 35290, 3114, 49591, 42475, 98940, 37933, 83497, 36197, 83557, 67048, 60759, 75523, 54735, 2888, 45691, 49384, 7820, 78440, 5595, 92674, 22332, 16617, 98292, 78632, 72823, 55509, 31379, 19818, 59744, 84901, 36760, 58701, 56248, 38803, 40816, 47357, 27404, 48592, 96258, 50790, 45286, 14821, 52931, 7137, 1625, 60567, 23725, 85700, 36421, 74632, 98292, 59731, 72823, 55509, 31379, 19818, 59744, 84901, 26610, 38550, 39492, 64436, 11070, 32563, 65664, 87548, 34876, 18128, 36414, 37705, 34859, 43682, 65156, 44482, 34542, 64895, 14137, 84234, 90281, 94811, 53408, 49902, 83204, 46869, 31926, 57338, 42044, 86028, 41758, 7068, 19427, 68546, 56507, 22910, 54342, 82412, 88443, 84975, 42657, 63671, 80290, 83166, 76150, 80481, 24940, 22409]
Tree:
None

Fitness:
[0.016853932584269662, 0.5005756184774266]