Generation:
60

Phenotype:
def p():
  x = 0.0
  index = 40
  n = 38
  b = 30
  c = opposite[44]
  if opposite[43] < main[b] + 3:
    x = (x - 0.7)
  index = 36
  n = 45
  b = 1
  c = opposite[39]
  if main[b] > main[b] + 6:
    x = (x - 0.6)
  return x
XXX_output_XXX = p()

Genotype:
[33356, 93297, 56497, 32404, 19879, 66297, 35891, 87636, 8751, 49159, 86893, 33495, 87509, 63284, 23627, 42475, 20612, 37933, 59672, 27436, 85044, 56698, 10236, 34357, 27738, 95021, 52429, 59025, 53281, 7459, 20388, 86893, 56888, 4580, 33876, 63422, 85075, 3363, 1931, 63284, 3307, 42475, 92164, 37933, 59672, 27436, 65680, 3087, 10236, 71226, 97043, 13308, 8071, 79285, 47319, 21916, 83901, 34279, 63206, 74630, 25963, 78135, 15429, 32004, 52920, 37234, 92102, 18982, 46190, 90804, 58002, 47757, 60496, 42815, 97510, 50831, 21624, 22344, 54609, 69974, 70264, 74673, 69908, 98330, 4075, 12058, 83265, 24830, 34093, 58948, 37697, 61574, 85520, 10004, 21213, 54050, 55, 56969, 32914, 22906, 31568, 90589, 15543, 40327, 30440, 60471, 73349, 8426, 8105, 44111, 17129, 71307, 37074, 80242, 61020, 72416, 81249, 42308, 52186, 91238, 65979, 39840, 9674, 74965, 12005, 242, 84273, 74266, 44710, 93302, 9396, 18708, 68689, 55374, 93245, 92789, 96418, 74291, 88803, 64635, 39581, 14490, 1530, 22253, 99301, 65974, 51741, 20743, 79746, 9496, 46467, 2566, 38195, 42438, 86623, 14122, 78839, 5440, 99235, 80027, 48950, 10922, 81002, 14270, 96036, 91049, 12890, 50054, 31216, 61587, 93705, 18983, 79621, 17149, 83154, 6184, 89806, 79022, 59465, 99270, 96694, 51250, 30917, 71354, 25909, 87206, 61992, 48223, 32976, 67342, 78625, 38185, 48006, 581, 65333, 77728, 44032, 94586, 96348, 91436, 19276, 7681, 67229, 84820, 23057, 12958, 22888, 67457, 70108, 18924, 23591, 25790, 28439, 18535, 70448, 24457, 16496, 97675, 95538, 899, 83761, 34627, 28114, 91934, 96181, 57470, 73194, 2310, 11008, 7807, 11132, 93532, 44785, 62649, 97206, 46417, 96498, 86894, 98341, 79764, 81600, 31544, 12538, 99263, 39556, 69795, 60175, 14536, 260, 42324, 24925, 88990, 55888, 94985, 3491, 29364, 31026, 77845, 93865, 49988, 10292, 19171, 66120, 98228, 68515, 35861, 60761, 67895, 7491, 55556, 43419, 99500, 88457, 59706, 13118, 54172, 48762, 5712, 92260, 75780]
Tree:
None

Fitness:
[0.016853932584269662, 0.5005756184774266]