Generation:
60

Phenotype:
def p():
  x = 0.0
  index = 25
  n = 10
  b = 30
  c = sum(main[:-index])
  if opposite[43] > main[b] + 3:
    x = 0.5
  index = 7
  n = 6
  b = 43
  c = opposite[46]
  if opposite[45] < main[b] + 7:
    x = (x + 0.1)
  return x
XXX_output_XXX = p()

Genotype:
[96076, 87048, 8653, 16722, 18436, 31063, 78856, 82100, 88617, 96262, 19878, 13640, 32301, 62863, 45591, 42475, 84388, 37933, 40945, 89634, 79268, 42475, 92164, 97482, 25557, 33795, 97759, 19809, 45625, 5671, 96997, 60364, 79111, 40539, 74796, 45707, 25011, 72020, 34597, 21912, 42308, 14418, 60451, 65979, 39840, 24154, 74965, 53786, 5453, 39429, 19409, 23285, 15724, 4045, 18708, 68689, 77797, 36542, 92789, 64158, 74291, 46260, 15197, 92280, 32023, 70074, 4216, 71210, 19137, 38889, 98829, 98904, 96965, 23867, 40149, 30177, 65877, 15169, 99648, 7743, 63573, 55294, 16778, 64413, 42, 43360, 26392, 84331, 49604, 4502, 79903, 91622, 25060, 69570, 57541, 98171, 6360, 48395, 35441, 89422, 11927, 52762, 88899, 24458, 83860, 58026, 73772, 49176, 78166, 8036, 84420, 60247, 45981, 32559, 84501, 46584, 64752, 58611, 33928, 19899, 97817, 44218, 28926, 98927, 27233, 58119, 80832, 32436, 92717, 88277, 31352, 87082, 76033, 42892, 21966, 56694, 94722, 75422, 68290, 12445, 43245, 44753, 73965, 97301, 40443, 25352, 89517, 12917, 89049, 50883, 20962, 88712, 68957, 95746, 76742, 38030, 78537, 30500, 12891, 64519, 92125, 63251, 29799, 73066, 68165, 8960, 69768, 81912, 50458, 18791, 4367, 243, 92664, 94239, 55643, 77356, 8529, 71838, 78124, 5816, 25945, 8582, 2800, 99170, 23048, 88474, 49638, 46070, 80059, 13016, 80611, 33581, 33184, 26747, 5565, 40640, 82718, 54772, 59277, 64342, 13768, 90607, 32677, 2743, 72129, 93843, 56875, 79199, 60242, 3977, 53093, 46875, 276, 42225, 77855, 41561, 31749, 86682, 56501, 10136, 5645, 75595, 51882, 50309, 17206, 88296, 62051, 47372, 90848, 58413, 38017, 76719, 3823, 83388, 69010, 34313, 13814, 6043, 42965, 51284, 45142, 89485, 73035, 51742, 3755, 43816, 63901, 73434, 59285, 56891, 24094, 67289, 46684, 93328, 29619, 56155, 79891, 59109, 55407, 20341, 17221, 8372, 96543, 48502, 54216, 93272, 23422, 51761, 56632, 57929, 53142, 80974, 28005, 70610, 96506, 48893, 42480, 21302, 36954, 65982, 13502, 49813, 14825, 98075, 37591, 18330, 97813, 37648, 63109, 84443, 51426, 15513, 10079]
Tree:
None

Fitness:
[0.016853932584269662, 0.5005756184774266]