Generation:
60

Phenotype:
def p():
  x = 0.0
  index = 0
  n = 17
  b = 29
  c = sum(opposite[-index:])
  if c < main[b]:
    x = 0.6
  return x
XXX_output_XXX = p()

Genotype:
[50590, 51872, 15296, 72966, 65943, 57296, 64328, 95101, 60974, 74852, 91974, 81507, 9612, 46652, 75847, 96997, 24328, 94940, 94645, 45272, 10236, 9507, 51094, 77741, 82100, 88617, 52420, 92581, 15989, 91851, 78918, 91335, 61668, 92164, 37933, 64073, 57616, 32076, 7190, 86114, 5671, 49832, 60364, 37958, 40539, 74796, 94948, 25011, 87205, 10676, 96796, 12768, 71354, 57608, 83976, 41797, 19892, 97898, 66940, 37492, 75537, 38869, 81177, 25988, 78829, 82376, 62729, 94652, 58024, 49508, 56999, 27840, 21290, 92890, 73787, 75847, 54532, 3356, 22290, 26196, 12412, 20405, 13788, 46311, 14772, 90292, 99420, 89105, 59896, 90007, 77545, 58236, 93669, 41060, 31476, 37488, 95839, 71190, 33146, 70268, 83648, 27674, 5017, 99615, 62466, 67552, 20233, 77196, 69095, 27783, 44656, 82978, 90954, 6107, 3427, 2533, 94897, 83845, 48604, 11462, 55135, 432, 24288, 347, 42346, 92103, 7158, 95109, 84435, 65700, 59278, 8048, 13285, 22915, 63460, 70685, 19948, 26154, 99950, 79166, 75318, 32537, 56753, 36358, 71670, 93409, 6677, 38498, 24994, 74351, 15104, 43897, 58530]
Tree:
None

Fitness:
[0.011235955056179775, 0.5027391499960303]