Generation:
60

Phenotype:
def p():
  x = 0.0
  index = 29
  n = 25
  b = 30
  c = sum(opposite[:-index])
  if opposite[43] < main[b] + 3:
    x = (x - 0.1)
  return x
XXX_output_XXX = p()

Genotype:
[28588, 97059, 47020, 65597, 60260, 76108, 7675, 25083, 87699, 93880, 72354, 89379, 87509, 63284, 91335, 42475, 73420, 37933, 59672, 50350, 18777, 79006, 12098, 52420, 37440, 32840, 19271, 63284, 91335, 20970, 92164, 37933, 25557, 30737, 36855, 58163, 79768, 8326, 51260, 83557, 95199, 60759, 74264, 56230, 2888, 45691, 49384, 7820, 78440, 5595, 40539, 74796, 54017, 16267, 13580, 74556, 20400, 34793, 19585, 77748, 76659, 21286, 2551, 47705, 7175, 4554, 71256, 30897, 76893, 61231, 80858, 31838, 14819, 75316, 5582, 35051, 84379, 85981, 64513, 93880, 49247, 66557, 55299, 47325, 68509, 12958, 43311, 85743, 20262, 38723]
Tree:
None

Fitness:
[0.016853932584269662, 0.5005756184774266]