Generation:
60

Phenotype:
def p():
  x = 0.0
  index = 25
  n = 36
  b = 30
  c = sum(opposite[:-index])
  if opposite[43] < main[b] + 3:
    x = (x - 1.0)
  index = 13
  n = 32
  b = 0
  c = opposite[5] + sum(main[-index:]) + main[45] / sum(opposite[-index:]) - opposite[0]
  if main[22] > main[b] + 6:
    x = (x / 0.9)
  return x
XXX_output_XXX = p()

Genotype:
[89337, 31052, 8653, 61468, 18436, 14121, 10185, 60301, 88617, 52420, 37440, 66267, 94583, 84294, 91335, 42475, 5328, 37933, 25557, 10809, 48648, 27476, 76717, 90250, 32876, 26818, 26010, 36414, 80168, 60536, 29633, 65156, 44482, 16951, 99047, 52788, 84234, 71822, 25772, 25580, 92468, 33571, 35290, 3114, 91335, 42475, 6662, 37933, 25557, 21417, 87680, 29873, 42592, 58971, 18666, 38078, 67374, 37354, 76636, 79536, 12144, 13448, 92674, 22332, 16617, 99614, 59731, 26360, 55509, 54774, 19818, 59744, 84901, 26610, 38550, 39585, 71405, 92890, 73787, 48343, 54532, 25800, 22290, 15864, 12412, 20405, 13788, 58906, 14772, 90292, 99420, 89105, 59896, 90007, 77545, 58236, 93669, 41060, 31476, 37488, 95839, 71190, 33146, 70268, 83648, 27674, 5017, 99615, 62466, 67552, 20233, 77196, 69095, 27783, 44656, 82978, 90954, 6107, 3427, 2533, 94897, 83845, 48604, 11462, 55135, 432, 24288, 347, 42346, 92103, 7158, 95109, 84435, 65700, 59278, 8048, 13285, 22915, 63460, 70685, 19948, 26154, 99950, 79166, 75318, 32537, 56753, 36358, 71670, 93409, 6677, 38498, 24994, 74351, 15104, 43897, 58530]
Tree:
None

Fitness:
[0.016853932584269662, 0.5005756184774266]