Generation:
60

Phenotype:
def p():
  x = 0.0
  index = 23
  n = 43
  b = 30
  c = sum(opposite[:-index])
  if opposite[43] < main[b] + 3:
    x = (x - 0.6)
  index = 36
  n = 15
  b = 26
  c = sum(main[:-index]) + sum(opposite[:-index])
  if opposite[45] > main[35] + 6:
    x = (x * 0.5)
  return x
XXX_output_XXX = p()

Genotype:
[60355, 38039, 8653, 24929, 68873, 75163, 39721, 37339, 54549, 62746, 37440, 62499, 7115, 1024, 91335, 42475, 2896, 37933, 25557, 54225, 32076, 28461, 750, 85404, 80187, 20874, 30779, 40539, 21962, 49944, 47598, 56806, 67029, 96796, 65868, 68835, 15245, 55233, 68487, 56145, 68710, 1463, 7206, 72493, 13414, 40316, 28165, 93400, 26433, 45657, 27512, 1550, 32291, 16018, 92545, 53515, 5441, 95825, 60745, 32579, 17722, 37473, 98118, 23340, 88095, 63353, 29179, 46257, 40022, 85154, 60406, 44809, 19752, 52617, 10030, 86465, 12412, 20405, 13788, 58906, 14772, 90292, 99420, 89105, 59896, 90007, 77545, 58236, 93669, 41060, 31476, 37488, 95839, 71190, 33146, 70268, 83648, 27674, 5017, 99615, 62466, 67552, 20233, 77196, 69095, 27783, 44656, 82978, 90954, 6107, 3427, 2533, 94897, 83845, 48604, 11462, 55135, 432, 24288, 347, 42346, 92103, 7158, 95109, 84435, 65700, 59278, 8048, 13285, 22915, 63460, 70685, 19948, 26154, 99950, 79166, 75318, 32537, 56753, 36358, 71670, 93409, 6677, 38498, 24994, 74351, 15104, 43897, 58530]
Tree:
None

Fitness:
[0.016853932584269662, 0.5005756184774266]