Generation:
60

Phenotype:
def p():
  x = 0.0
  index = 25
  n = 15
  b = 30
  c = sum(main[-index:])
  if opposite[43] < main[b] + 3:
    x = (x - 0.8)
  index = 26
  n = 46
  b = 17
  c = sum(main[-index:]) - opposite[17]
  if main[b] < main[16] + 7:
    x = (x * 0.3)
  return x
XXX_output_XXX = p()

Genotype:
[23311, 31052, 249, 61468, 18436, 67934, 2157, 76943, 88617, 52025, 37440, 25494, 28336, 63284, 91335, 42475, 92164, 37933, 25557, 30737, 32076, 22665, 86114, 63924, 96997, 32011, 2210, 40539, 48245, 45707, 25011, 72020, 43696, 24505, 58330, 96583, 95336, 45194, 56248, 10194, 40816, 47357, 41748, 48592, 98292, 41748, 48592, 55509, 31379, 19818, 59744, 72025, 26610, 52660, 94958, 91335, 7674, 92164, 37933, 69696, 27436, 40852, 344, 58772, 78244, 26359, 10985, 11073, 35470, 25150, 97520, 9349, 72022, 23543, 96964, 87673, 43252, 50680, 53920, 88275, 98845, 65025, 37110, 41345, 5398, 11117, 25869, 58552, 64043, 4789, 64024, 70742, 46768, 71494, 81093, 85696, 91969, 91680, 38042, 69256, 34317, 2022, 76249, 40539, 26253, 47344, 35587, 16821, 36816, 13580, 79277, 20400, 34793, 19585, 77748, 76659, 21286, 29831, 71848, 7175, 4554, 71256, 11992, 76893, 92463, 80858, 31838, 14819, 75316, 5582, 35051, 84379, 85981, 64513, 93880, 49247, 66557, 55299, 47325, 68509, 12958, 43311, 85743, 20262, 38723]
Tree:
None

Fitness:
[0.016853932584269662, 0.5005756184774266]