Generation:
60

Phenotype:
def p():
  x = 0.0
  index = 25
  n = 23
  b = 30
  c = main[49]
  if opposite[43] < main[b] + 3:
    x = (x - 0.4)
  return x
XXX_output_XXX = p()

Genotype:
[84785, 221, 32304, 33695, 18436, 16071, 83918, 60301, 88617, 38200, 97075, 33506, 35290, 63284, 91335, 42475, 93516, 37933, 53552, 57733, 12571, 3562, 47695, 15311, 80784, 37237, 67834, 23251, 59329, 76050, 48171, 34380, 42881, 44589, 87799, 3132, 93022, 30726, 78497, 99494, 86427, 98844, 36393, 97355, 37309, 91000, 46895, 2802, 76168, 13101, 8566, 74691, 98755, 76572, 93722, 7845, 46016, 5671, 47937, 99617, 5454, 2202, 17867, 95386, 61421, 20110, 93400, 87952, 40397, 94444, 29388, 13275, 59176, 50354, 3953, 77800, 26526, 87759, 45409, 26449, 86653, 69663, 9831, 15684, 83040, 49251, 27162, 43726, 99756, 81272, 11240, 12879, 35358, 51072, 67565, 51042, 38488, 68905, 74427, 55693, 24529, 95226, 22533, 70786, 48776, 77973, 48763, 53096, 89277, 37705]
Tree:
None

Fitness:
[0.016853932584269662, 0.5005756184774266]