Generation:
60

Phenotype:
def p():
  x = 0.0
  index = 5
  n = 0
  b = 30
  c = opposite[44]
  if opposite[43] < main[b] + 3:
    x = (x - 0.7)
  index = 3
  n = 43
  b = 49
  c = main[b]
  if sum(main[:-index]) > opposite[b]:
    x = (x - 0.6)
  return x
XXX_output_XXX = p()

Genotype:
[33356, 69378, 53145, 27738, 7298, 3077, 99042, 36918, 87699, 24301, 86893, 33495, 87509, 9324, 16539, 42475, 81176, 37933, 59672, 27436, 14376, 57235, 18771, 62540, 51094, 77741, 8158, 884, 39841, 37440, 63221, 91851, 63284, 91335, 61668, 92164, 37933, 25557, 78155, 67140, 7190, 86114, 5671, 19532, 60364, 37958, 89276, 74796, 14655, 4320, 91580, 80980, 55778, 57967, 46375, 37120, 50790, 40738, 72508, 7418, 50701, 33848, 25989, 48406, 40041, 37933, 59672, 6009, 65680, 96069, 10236, 44881, 66363, 25701, 8071, 46962, 47319, 92544, 5738, 54061, 72823, 46368, 62679, 89077, 32134, 45167, 63942, 94681, 36156, 84844, 13336, 61062, 54125, 70089, 91729, 16998, 98508, 11268, 14229, 52616, 8886, 52965, 32986, 4360, 67039, 2414, 16729, 27618, 1181, 51632, 58162, 55743, 9547, 35076, 79083, 6132, 14170, 71660, 14148, 79086, 54793, 67764, 57097, 26981, 99102, 45535, 95459, 34118, 23247, 85935, 25527, 87452, 99811, 48135, 72801, 58648, 68829, 56602, 49983, 91621, 49095, 87246, 58208, 69983, 7495, 93564, 76663, 16629, 57551, 15494, 65154, 19031, 54308, 1280, 12778, 10999, 11519]
Tree:
None

Fitness:
[0.016853932584269662, 0.5005756184774266]