Generation:
60

Phenotype:
def p():
  x = 0.0
  index = 0
  n = 24
  b = 30
  c = opposite[28]
  if opposite[43] < main[b] + 3:
    x = (x - 0.1)
  index = 18
  n = 0
  b = 0
  c = main[b]
  if opposite[b] > opposite[22] + 2:
    x = (x * 0.4)
  return x
XXX_output_XXX = p()

Genotype:
[33356, 13477, 8653, 27738, 31161, 76108, 82950, 57121, 87699, 21623, 86893, 3363, 4210, 63284, 91335, 42475, 92164, 37933, 87017, 48840, 65680, 83554, 45765, 32876, 22440, 37958, 73848, 72294, 47758, 25580, 18468, 85309, 91707, 22156, 64062, 42718, 41003, 69432, 75545, 54580, 18606, 46741, 34754, 65087, 79275, 80194, 21968, 73787, 53946, 95142, 53007, 60100, 57076, 44238, 13017, 16125, 14671, 63630, 7306, 27289, 62446, 65955, 53081, 4997, 91851, 64087, 71790, 91073, 91574, 81151, 49425, 2936, 2276, 18997, 55352, 50921, 82736, 23985, 47514, 10068, 29921, 12651, 55849, 91370, 50569, 65622, 39160, 88212, 80467, 53249, 38296, 85368, 79101, 55067, 34450, 81726, 28025, 15482, 23982, 67428, 62138, 19290, 42333, 79720, 91000, 55283, 13665, 59751, 35169, 64798, 28010, 89850, 46424, 47156, 18512, 58342, 42487, 40229, 67887, 62429, 63043, 35686, 23650, 62449, 94491, 54715, 36848, 33167, 14269, 7644, 16062, 19731, 94912, 66965, 96298, 87236, 14887, 20466, 27579, 57120, 9454, 51357, 67404, 43567, 28423, 44229, 88727, 29386, 82156, 67131, 92882, 30971, 17346, 80672, 67712, 72923, 90925, 8745, 99897, 54160, 97308, 67527, 17421, 55351, 15361, 8208, 71140, 130, 34553, 9971, 29922, 31096, 35737, 93299, 52009, 22548, 51888, 38908, 95274, 91045, 85644, 6493, 24513, 92109, 34305, 51391, 27481, 7240, 3808, 57908, 68225, 98512, 62516, 15429, 73117, 69679, 27318, 76588, 65329, 55832, 69577, 33725, 11273, 33979, 20937, 26941, 84859, 45638, 96230, 82983, 6869, 30423, 17262, 93888, 22460, 50221, 86886, 34216, 97748, 36288, 15826, 7701, 26732, 7614, 29836, 29439, 90747, 28953, 13714, 6906, 89513, 8544, 57921, 76126, 71011, 26661, 37028, 33956, 38893, 10487, 53148, 14008, 99303, 71463, 89456, 54071, 15490, 58879, 85165, 59644, 69466, 42468, 40414, 90480, 50447, 37641, 36412, 38100, 6181, 97529, 29403, 21593, 75088, 25364, 2102, 66677, 64364, 85623, 92433, 17214, 41915, 83237, 99146, 98178, 82789, 38412, 18654, 46041, 33356, 19767, 81171, 74856, 37064, 45597, 64277, 41477, 72171, 50465, 38280, 84097, 68273, 62662, 59512, 33381, 72671, 54516, 40302, 40852, 13438, 80550, 27685, 53862, 29723, 96134, 35561, 77660, 11755, 85676, 56530, 84709, 84422, 75779, 23617, 49878, 78277, 98205, 31711, 81492, 80569, 51449, 94301, 37835, 18334, 97363]
Tree:
None

Fitness:
[0.016853932584269662, 0.5005756184774266]