Generation:
60

Phenotype:
def p():
  x = 0.0
  index = 24
  n = 50
  b = 30
  c = sum(opposite[:-index])
  if opposite[43] < main[b] + 3:
    x = (x - 0.2)
  return x
XXX_output_XXX = p()

Genotype:
[33356, 48074, 91756, 43372, 99219, 22104, 89606, 77368, 87699, 21396, 73368, 3363, 87509, 63284, 91335, 42475, 92164, 37933, 59672, 75851, 65680, 50238, 48592, 55509, 31379, 19818, 59744, 84901, 26610, 49360, 48191, 19137, 68782, 91851, 63284, 78479, 42475, 92164, 37933, 25557, 59986, 32076, 8448, 86114, 91167, 49832, 60364, 37958, 28522, 45098, 71862, 99996, 49056, 37238, 4680, 41872, 91990, 1604, 96074, 8042, 82344, 44129, 16617, 98292, 41748, 72823, 10085, 31379, 19818, 59744, 84901, 88630, 8661, 73056, 1698, 11070, 32563, 65664, 87548, 34876, 18128, 36414, 37705, 34859, 43682, 65156, 44482, 34542, 64895, 14137, 84234, 90281, 94811, 53408, 49902, 83204, 46869, 31926, 57338, 42044, 86028, 41758, 7068, 19427, 68546, 56507, 22910, 54342, 82412, 88443, 84975, 42657, 63671, 80290, 83166, 76150, 80481, 24940, 22409]
Tree:
None

Fitness:
[0.016853932584269662, 0.5005756184774266]