Generation:
60

Phenotype:
def p():
  x = 0.0
  index = 25
  n = 17
  b = 30
  c = sum(opposite[-index:])
  if opposite[43] < main[b] + 3:
    x = (x - 0.6)
  return x
XXX_output_XXX = p()

Genotype:
[96076, 86009, 55920, 86271, 18436, 48616, 77741, 82100, 88617, 36852, 37440, 15989, 59410, 63284, 45591, 42475, 92164, 37933, 13922, 15455, 37958, 23736, 74796, 98407, 68009, 38126, 3455, 86371, 86647, 31090, 76507, 44488, 96532, 21481, 63222, 71569, 57433, 75402, 58263, 71005, 62169, 56952, 91230, 87792, 3976, 84199, 34748, 45980, 9003, 71133, 7647, 14034, 8338, 3285, 75250, 50671, 63847, 17623, 15007, 38281, 81190, 34420, 26831, 1444, 81340, 83907, 50816, 81675, 32284, 61241, 2299, 6397, 23432, 47962, 68490, 39832, 70433, 53276, 85478, 18423, 85176, 500, 17361, 32223, 74852, 91974, 1003, 92890, 73787, 75847, 54532, 14958, 22290, 21763, 18982, 95485, 90804, 41133, 47757, 99471, 42815, 80508, 50831, 21624, 22344, 24033, 69974, 70264, 43893, 69908, 98330, 71093, 12058, 83265, 24830, 34093, 53985, 37697, 39752, 67088, 87235, 27225, 84304, 1835, 92441, 52031, 66671, 34240, 39045, 74652, 69882, 35045, 17224, 15440, 47212]
Tree:
None

Fitness:
[0.016853932584269662, 0.5005756184774266]