Generation:
60

Phenotype:
def p():
  x = 0.0
  index = 25
  n = 10
  b = 30
  c = sum(main[:-index])
  if opposite[43] < main[b] + 3:
    x = (x - 0.5)
  index = 20
  n = 14
  b = 3
  c = main[24]
  if main[b] > sum(main[-index:]):
    x = 0.7
  return x
XXX_output_XXX = p()

Genotype:
[96076, 87048, 8653, 16722, 18436, 31063, 78856, 82100, 88617, 96262, 19878, 13640, 32301, 63284, 45591, 42475, 92164, 37933, 91567, 29794, 32076, 7190, 31181, 81968, 31379, 39284, 79308, 84901, 36760, 48702, 52911, 74906, 40585, 90292, 99420, 56403, 59896, 45890, 71810, 58236, 97543, 16482, 12571, 13182, 30965, 35463, 34177, 2187, 48396, 32876, 4161, 37958, 73848, 82738, 47758, 97758, 18468, 80281, 95648, 72398, 70679, 63475, 41003, 29701, 2615, 54580, 18606, 91394, 34754, 25915, 79275, 80194, 50036, 7137, 65379, 28097, 47073, 17056, 91680, 57851, 49202, 2354, 749, 79536, 4878, 13448, 92674, 94716, 45100, 98292, 59731, 35422, 55509, 31379, 19818, 59744, 84901, 85260, 59891, 39492, 92683, 74685, 44940, 4684, 84621, 90292, 67839, 68036, 17260, 51400, 65790, 72591, 63174, 71466, 86865, 43300, 14880, 16306, 11180, 551, 56303, 10026, 58746, 77064, 53713, 72985, 30381, 83997, 9907, 86677, 50532, 10958, 25609, 94226, 54847, 7276, 16164, 57113, 6040]
Tree:
None

Fitness:
[0.016853932584269662, 0.5005756184774266]