Generation:
60

Phenotype:
def p():
  x = 0.0
  index = 5
  n = 25
  b = 30
  c = opposite[18]
  if opposite[43] < main[b] + 3:
    x = (x - 1.0)
  return x
XXX_output_XXX = p()

Genotype:
[89337, 489, 12532, 61468, 2657, 86122, 37306, 60301, 88617, 93455, 27628, 60955, 11799, 46429, 56255, 42475, 68052, 37933, 25557, 10809, 32076, 36560, 15260, 98292, 59731, 61324, 8620, 31379, 74990, 59744, 84901, 61270, 35256, 81686, 11653, 36197, 83557, 67048, 60759, 75523, 54735, 2888, 45691, 49384, 7820, 78440, 5595, 61848, 16329, 50553, 69232, 92674, 22332, 55350, 98292, 10346, 72823, 55509, 91294, 19818, 59744, 84901, 26610, 38550, 74796, 54017, 68009, 45103, 2852, 95648, 86647, 39057, 45607, 84901, 26610, 38550, 22967, 64436, 38012, 47073, 49988, 91680, 71506, 69256, 2354, 2022, 97543, 16482, 12571, 3562, 1011, 81378, 67090, 90481, 13074, 15112, 30901, 51298, 88357, 8086, 71436, 26691, 89493, 62716, 8741, 61234, 42106, 62470, 93019, 57034, 45139, 50184, 77035, 71474, 74084, 26046, 16850, 77560, 78656, 66536, 3154, 21509, 77652, 36554, 8158, 18743, 37383, 64443, 19308, 89717, 46031, 57274, 95018, 29223, 14071, 62535, 98690, 35298, 94601, 53229, 72539, 41772, 32069, 21974, 6223, 11415, 77021, 24772, 94223, 77213, 180, 94442, 24394, 33680, 54411, 94999, 63488, 4128, 94377]
Tree:
None

Fitness:
[0.016853932584269662, 0.5005756184774266]