Generation:
60

Phenotype:
def p():
  x = 0.0
  index = 25
  n = 23
  b = 30
  c = opposite[42]
  if opposite[43] < main[b] + 3:
    x = (x - 0.1)
  index = 26
  n = 50
  b = 48
  c = sum(opposite[-index:])
  if main[b] < opposite[34] + 2:
    x = (x * 0.2)
  return x
XXX_output_XXX = p()

Genotype:
[31574, 48398, 1941, 80077, 18436, 1629, 85754, 10523, 88617, 52420, 48847, 22711, 38292, 63284, 91335, 42475, 92164, 73313, 25557, 73440, 10804, 22947, 86114, 60773, 69257, 47175, 66399, 89726, 54327, 98079, 31414, 90919, 57196, 22967, 62152, 38012, 64328, 97281, 34859, 92674, 22332, 16617, 98292, 59731, 72823, 1261, 31379, 19818, 59744, 84901, 26610, 26761, 95686, 35558, 52140, 43984, 46730, 42475, 92164, 71024, 25557, 81761, 47528, 45197, 25680, 78562, 66615, 15661, 83328, 40539, 97629, 53602, 67604, 34279, 9946, 41795, 94638, 30272, 22218, 72213, 22413, 46883, 50911, 42817, 51773, 81157, 35180, 36114, 93905, 4865, 15925, 78042, 81796, 32491, 14360, 35397, 86206, 91152, 30308, 92414, 96812, 1775, 69250, 99344, 5333, 45915, 29314, 18940, 37087, 72461, 53401, 93166, 46912, 58356, 58937, 85621, 23123, 74692, 74854, 84062, 19208, 79619, 71075, 61983, 3095, 72039, 40087, 13532, 60442, 96855, 6993, 17989, 14841, 89569, 65094, 38664, 76352, 52863, 9744, 44344, 94372, 10151, 55632, 42274, 35378, 66392, 31110, 3648, 70306, 22982, 58973, 32179, 32789, 943, 98547, 14609, 32096, 95467, 92471, 24751, 97003, 58969, 4159, 96301, 68557, 78584, 85720, 52204, 55188, 77770, 37777, 46444, 33191, 351, 58845, 33825, 80159, 69693, 17743, 44918, 83566, 6767, 80305, 26209, 47941, 87736, 41554, 64176, 94150, 74944, 65703, 72688, 26499, 75816, 98981, 63317, 20860, 35377, 27782, 39769, 61779, 85953, 10153, 9409, 56080, 63340, 71939, 96519, 2564, 44036, 86997, 27008, 62899, 53253, 56489, 66509, 50822, 58580, 55438, 23733, 40647, 30614, 26421, 31062, 90150, 99913, 78991, 10689, 500, 82018, 44784, 52172, 23828, 15685, 64889, 23175, 69014, 91287, 36800, 71340, 44582, 32199, 74022, 30530, 83624, 41371, 96968, 67628, 86418, 65768, 3940, 81821, 8762, 63566, 14356, 43985, 95262, 70686, 96210, 31818, 94510, 16042, 5409, 59257, 15299, 72781, 84394, 47639, 25352, 82036, 49179, 31079, 30736, 8742, 47991, 93079, 33003, 89749, 11518, 84301, 57791, 27520, 46173, 29967, 32428, 9013, 16958, 62219, 75609, 74350]
Tree:
None

Fitness:
[0.016853932584269662, 0.5005756184774266]