Generation:
60

Phenotype:
def p():
  x = 0.0
  index = 10
  n = 26
  b = 30
  c = main[10]
  if opposite[43] < main[b] + 3:
    x = (x - 0.8)
  return x
XXX_output_XXX = p()

Genotype:
[33894, 91500, 86440, 90105, 9394, 85049, 67958, 36918, 91728, 65200, 86893, 61346, 57946, 63284, 91335, 42475, 92164, 4543, 59672, 77027, 79801, 95336, 49845, 60745, 32579, 16396, 37473, 98118, 23340, 88095, 63353, 29179, 46257, 40022, 85154, 60406, 44809, 19752, 52617, 98998, 86465, 12412, 20405, 72257, 58906, 14772, 90292, 99420, 89105, 59896, 90007, 77545, 58236, 93669, 41060, 31476, 37488, 95839, 71190, 33146, 70268, 83648, 27674, 5017, 99615, 62466, 67552, 20233, 77196, 69095, 27783, 44656, 82978, 90954, 6107, 3427, 2533, 94897, 83845, 48604, 11462, 55135, 432, 24288, 347, 42346, 92103, 7158, 95109, 84435, 65700, 59278, 8048, 13285, 22915, 63460, 70685, 19948, 26154, 99950, 79166, 75318, 32537, 56753, 36358, 71670, 93409, 6677, 38498, 24994, 74351, 15104, 43897, 58530]
Tree:
None

Fitness:
[0.016853932584269662, 0.5005756184774266]