Generation:
60

Phenotype:
def p():
  x = 0.0
  index = 0
  n = 17
  b = 29
  c = sum(opposite[-index:])
  if c < main[b]:
    x = 0.6
  return x
XXX_output_XXX = p()

Genotype:
[79921, 63745, 15296, 33897, 65943, 98530, 64328, 97281, 60974, 74852, 64575, 81507, 9612, 46652, 75847, 96997, 25800, 22290, 94645, 59413, 97291, 72656, 98292, 41748, 48592, 55509, 31379, 19818, 59744, 72025, 26610, 52660, 94958, 91335, 7674, 92164, 37933, 69696, 27436, 40852, 344, 58772, 78244, 26359, 10985, 11073, 35470, 25150, 97520, 9349, 72022, 23543, 96964, 87673, 43252, 50680, 53920, 88275, 98845, 65025, 37110, 41345, 5398, 11117, 25869, 58552, 64043, 4789, 64024, 70742, 46768, 71494, 81093, 85696, 91969, 91680, 38042, 69256, 34317, 2022, 76249, 40539, 26253, 47344, 35587, 16821, 36816, 13580, 79277, 20400, 34793, 19585, 77748, 76659, 21286, 29831, 71848, 7175, 4554, 71256, 11992, 76893, 92463, 80858, 31838, 14819, 75316, 5582, 35051, 84379, 85981, 64513, 93880, 49247, 66557, 55299, 47325, 68509, 12958, 43311, 85743, 20262, 38723]
Tree:
None

Fitness:
[0.011235955056179775, 0.5027391499960303]