Generation:
60

Phenotype:
def p():
  x = 0.0
  index = 35
  n = 1
  b = 30
  c = main[42]
  if opposite[43] > main[43] + 3:
    x = (x + 0.4)
  return x
XXX_output_XXX = p()

Genotype:
[94940, 49882, 55268, 76194, 53126, 55948, 919, 88486, 72042, 45194, 19501, 85330, 1011, 81378, 97543, 8458, 67694, 3562, 73613, 15311, 15813, 6605, 43611, 89612, 64557, 60301, 88617, 96494, 37440, 39653, 4407, 39029, 91335, 42475, 20960, 37933, 25557, 10809, 32076, 34177, 28510, 45765, 32876, 26818, 37958, 94855, 82509, 47758, 68009, 410, 99200, 95648, 9612, 60358, 75847, 96997, 25800, 22290, 94645, 90170, 19271, 63284, 91335, 42475, 92164, 37933, 25557, 30737, 32076, 7190, 86114, 67298, 49832, 60364, 37958, 40539, 74796, 54017, 16267, 13580, 74556, 20400, 34793, 19585, 77748, 76659, 21286, 2551, 47705, 7175, 4554, 71256, 30897, 76893, 61231, 80858, 31838, 14819, 75316, 5582, 35051, 84379, 85981, 64513, 93880, 49247, 66557, 55299, 47325, 68509, 12958, 43311, 85743, 20262, 38723]
Tree:
None

Fitness:
[0.016853932584269662, 0.5005756184774266]