Generation:
60

Phenotype:
def p():
  x = 0.0
  index = 5
  n = 50
  b = 30
  c = opposite[47]
  if opposite[43] < main[b] + 3:
    x = (x - 1.0)
  index = 30
  n = 6
  b = 10
  c = sum(opposite[:-index]) * sum(main[-index:]) * sum(opposite[-index:])
  if opposite[b] > main[b] + 6:
    x = 0.8
  return x
XXX_output_XXX = p()

Genotype:
[33356, 99103, 8653, 37346, 28565, 75389, 89606, 77368, 87699, 80418, 86893, 77171, 43601, 63284, 91335, 42475, 92164, 37933, 59672, 23429, 90588, 80465, 92850, 85063, 4494, 60567, 23725, 38839, 68003, 61468, 96692, 89612, 19848, 60301, 88617, 96494, 37440, 46148, 35290, 3114, 91335, 42475, 98940, 37933, 25557, 70336, 32076, 7190, 537, 32160, 32876, 90567, 67374, 37354, 55953, 79536, 12144, 13448, 92674, 22332, 16617, 98292, 59731, 26360, 55509, 54774, 19818, 59744, 84901, 26610, 38550, 39585, 71405, 92890, 73787, 48343, 54532, 25800, 22290, 15864, 12412, 20405, 13788, 58906, 14772, 90292, 99420, 89105, 59896, 90007, 77545, 58236, 93669, 41060, 31476, 37488, 95839, 71190, 33146, 70268, 83648, 27674, 5017, 99615, 62466, 67552, 20233, 77196, 69095, 27783, 44656, 82978, 90954, 6107, 3427, 2533, 94897, 83845, 48604, 11462, 55135, 432, 24288, 347, 42346, 92103, 7158, 95109, 84435, 65700, 59278, 8048, 13285, 22915, 63460, 70685, 19948, 26154, 99950, 79166, 75318, 32537, 56753, 36358, 71670, 93409, 6677, 38498, 24994, 74351, 15104, 43897, 58530]
Tree:
None

Fitness:
[0.016853932584269662, 0.5005756184774266]