Generation:
60

Phenotype:
def p():
  x = 0.0
  index = 35
  n = 39
  b = 23
  c = main[42]
  if opposite[43] > main[43] + 3:
    x = 0.4
  return x
XXX_output_XXX = p()

Genotype:
[94940, 49882, 55268, 76194, 53126, 77138, 73734, 72058, 90089, 45194, 19501, 61218, 1011, 81378, 97543, 8458, 67694, 3562, 73613, 62200, 44893, 72725, 72823, 55509, 31379, 95774, 59744, 84901, 26610, 38550, 22967, 64436, 11070, 32563, 65664, 82037, 72204, 18128, 36414, 664, 34859, 29465, 65156, 44482, 34542, 64895, 35671, 84234, 90281, 94811, 53408, 2872, 87179, 46869, 31926, 57338, 42044, 86028, 41758, 7068, 19427, 68546, 56507, 22910, 54342, 82412, 88443, 84975, 42657, 63671, 80290, 83166, 76150, 80481, 24940, 22409]
Tree:
None

Fitness:
[0.016853932584269662, 0.5005756184774266]