Generation:
60

Phenotype:
def p():
  x = 0.0
  index = 25
  n = 0
  b = 30
  c = sum(opposite[:-index])
  if opposite[43] < main[b] + 3:
    x = (x - 0.5)
  index = 20
  n = 14
  b = 27
  c = main[48]
  if main[b] > sum(main[-index:]):
    x = (x / 0.7)
  return x
XXX_output_XXX = p()

Genotype:
[96076, 87048, 8653, 16722, 18436, 31063, 72675, 82100, 88617, 96262, 37440, 15989, 88893, 63284, 45591, 42475, 92164, 37933, 91567, 12734, 32076, 7190, 31181, 81968, 31379, 31764, 73620, 15874, 36760, 48702, 28149, 58906, 40585, 90292, 99420, 76554, 59896, 45890, 31379, 34626, 59744, 84901, 26610, 49360, 92583, 53845, 81126, 61062, 54125, 70089, 91729, 83160, 98508, 11268, 32715, 52616, 8886, 52965, 32986, 30283, 67039, 2414, 16729, 15999, 1181, 51632, 58162, 64050, 63217, 35076, 93314, 6132, 14170, 71660, 14148, 79086, 54793, 67764, 57097, 26981, 99102, 45535, 95459, 34118, 23247, 85935, 57316, 6240, 95153, 95173, 62834, 55308, 34842, 30741, 88851, 78004, 41339, 66028, 5291, 53744, 52746, 39450, 29977, 7173, 24776, 60986, 27771, 53902, 6482, 95342, 50778, 19841, 10439, 55176, 58289, 14046, 5953, 2930, 16273, 4553, 2752, 63169, 6912, 10908, 3961, 37537, 21876]
Tree:
None

Fitness:
[0.016853932584269662, 0.5005756184774266]