Generation:
60

Phenotype:
def p():
  x = 0.0
  index = 46
  n = 20
  b = 30
  c = sum(main[:-index])
  if opposite[43] < main[b] + 3:
    x = (x - 0.2)
  index = 35
  n = 30
  b = 31
  c = sum(main[-index:])
  if c < main[b]:
    x = (x / 0.1)
  return x
XXX_output_XXX = p()

Genotype:
[89337, 31052, 8653, 82437, 24118, 48616, 2162, 20053, 88617, 51004, 37440, 49324, 91851, 63284, 91335, 42475, 89104, 73743, 25557, 25831, 86464, 32474, 23954, 90250, 12882, 26427, 29866, 53920, 88275, 6248, 48970, 78082, 41345, 5398, 77260, 65639, 52420, 37440, 25772, 4806, 70718, 98292, 41748, 96895, 55509, 31379, 19818, 59744, 84901, 26610, 49360, 56661, 41456, 25557, 30737, 32076, 7190, 86114, 5671, 49832, 60364, 37958, 40539, 74796, 54017, 25011, 72020, 10676, 96796, 27542, 71354, 57608, 83976, 41797, 19892, 97898, 66940, 37492, 75537, 38869, 81177, 25988, 78829, 82376, 62729, 94652, 58024, 49508, 56999, 27840, 21290, 92890, 73787, 75847, 54532, 3356, 22290, 26196, 12412, 20405, 13788, 46311, 14772, 90292, 99420, 89105, 59896, 90007, 77545, 58236, 93669, 41060, 31476, 37488, 95839, 71190, 33146, 70268, 83648, 27674, 5017, 99615, 62466, 67552, 20233, 77196, 69095, 27783, 44656, 82978, 90954, 6107, 3427, 2533, 94897, 83845, 48604, 11462, 55135, 432, 24288, 347, 42346, 92103, 7158, 95109, 84435, 65700, 59278, 8048, 13285, 22915, 63460, 70685, 19948, 26154, 99950, 79166, 75318, 32537, 56753, 36358, 71670, 93409, 6677, 38498, 24994, 74351, 15104, 43897, 58530]
Tree:
None

Fitness:
[0.016853932584269662, 0.5005756184774266]