Generation:
60

Phenotype:
def p():
  x = 0.0
  index = 21
  n = 1
  b = 30
  c = main[42]
  if opposite[43] > main[43] + 3:
    x = (x + 0.4)
  return x
XXX_output_XXX = p()

Genotype:
[94940, 49882, 55268, 76194, 26847, 71363, 919, 88486, 72042, 45194, 19501, 85330, 1011, 81378, 47859, 8458, 67694, 3562, 73613, 15311, 44893, 6605, 13788, 58906, 14772, 90292, 99420, 89105, 59896, 90007, 77545, 58236, 93669, 41060, 31476, 37488, 95839, 71190, 33146, 70268, 83648, 27674, 5017, 99615, 62466, 67552, 20233, 77196, 69095, 27783, 44656, 82978, 90954, 6107, 3427, 2533, 94897, 83845, 48604, 11462, 55135, 432, 24288, 347, 42346, 92103, 7158, 95109, 84435, 65700, 59278, 8048, 13285, 22915, 63460, 70685, 19948, 26154, 99950, 79166, 75318, 32537, 56753, 36358, 71670, 93409, 6677, 38498, 24994, 74351, 15104, 43897, 58530]
Tree:
None

Fitness:
[0.016853932584269662, 0.5005756184774266]