Generation:
60

Phenotype:
def p():
  x = 0.0
  index = 19
  n = 25
  b = 30
  c = sum(opposite[:-index])
  if opposite[43] < main[b] + 3:
    x = (x - 1.0)
  index = 35
  n = 7
  b = 25
  c = main[36]
  if sum(main[:-index]) < main[b]:
    x = (x - 0.6)
  return x
XXX_output_XXX = p()

Genotype:
[90458, 44122, 8653, 61468, 38983, 98752, 37306, 60301, 88617, 81382, 37440, 39653, 91851, 63284, 78251, 42475, 93516, 37933, 25557, 10809, 32076, 7190, 23954, 92164, 67123, 16482, 12571, 3562, 93772, 81378, 16866, 90481, 98310, 15112, 30901, 971, 88357, 63284, 38312, 42475, 92164, 37933, 25557, 33302, 93783, 95336, 8251, 56248, 38803, 40816, 47357, 41748, 48592, 45838, 50790, 45286, 75326, 81249, 42308, 52186, 91238, 65979, 39840, 83900, 74965, 12005, 5453, 84273, 74266, 92840, 15724, 41047, 18708, 68689, 55374, 36542, 92789, 96418, 74291, 88803, 64635, 39581, 14490, 1530, 22253, 99301, 65974, 51741, 20743, 79746, 9496, 46467, 2566, 38195, 42438, 86623, 14122, 78839, 5440, 99235, 80027, 48950, 10922, 81002, 14270, 96036, 91049, 12890, 50054, 31216, 61587, 93705, 18983, 79621, 17149, 83154, 6184, 89806, 79022, 59465, 99270, 96694, 51250, 30917, 71354, 25909, 87206, 61992, 48223, 32976, 67342, 78625, 38185, 48006, 581, 65333, 77728, 44032, 94586, 96348, 91436, 19276, 7681, 67229, 84820, 23057, 12958, 22888, 67457, 70108, 18924, 23591, 25790, 28439, 18535, 70448, 24457, 16496, 97675, 95538, 899, 83761, 34627, 28114, 91934, 96181, 57470, 73194, 2310, 11008, 7807, 11132, 93532, 44785, 62649, 97206, 46417, 96498, 86894, 98341, 79764, 81600, 31544, 12538, 99263, 39556, 69795, 60175, 14536, 260, 42324, 24925, 88990, 55888, 94985, 3491, 29364, 31026, 77845, 93865, 49988, 10292, 19171, 66120, 98228, 68515, 35861, 60761, 67895, 7491, 55556, 43419, 99500, 88457, 59706, 13118, 54172, 48762, 5712, 92260, 75780]
Tree:
None

Fitness:
[0.016853932584269662, 0.5005756184774266]