Generation:
60

Phenotype:
def p():
  x = 0.0
  index = 1
  n = 2
  b = 30
  c = sum(opposite[:-index])
  if opposite[43] < main[b] + 3:
    x = (x - 0.1)
  index = 33
  n = 32
  b = 38
  c = sum(main[:-index]) + opposite[b]
  if main[11] > sum(main[-index:]):
    x = (x - 0.6)
  return x
XXX_output_XXX = p()

Genotype:
[89337, 7482, 44893, 61468, 70993, 89612, 16475, 60301, 88617, 96494, 70677, 39653, 36515, 3114, 91335, 42475, 98940, 37933, 25557, 91340, 32076, 29036, 3858, 7972, 32876, 26818, 26762, 70892, 50270, 33527, 1749, 18468, 43661, 95648, 2728, 64381, 67761, 94594, 54158, 92882, 96064, 18606, 91394, 66338, 2347, 79275, 4233, 79844, 91534, 2615, 54580, 18606, 983, 91423, 65087, 79275, 80194, 21968, 97579, 65379, 91128, 35923, 28412, 85385, 57851, 35332, 2354, 83193, 79536, 4878, 55943, 55907, 56248, 38803, 40816, 47357, 9644, 48592, 96258, 25257, 45286, 54941, 40750, 54310, 11059, 48191, 32134, 45167, 63942, 23515, 13313, 62044, 48480, 61062, 54125, 70089, 91729, 83160, 98508, 11268, 32715, 52616, 8886, 52965, 32986, 30283, 67039, 2414, 16729, 15999, 1181, 51632, 58162, 64050, 63217, 35076, 93314, 6132, 14170, 71660, 14148, 79086, 54793, 67764, 57097, 26981, 99102, 45535, 95459, 34118, 23247, 85935, 57316, 6240, 95153, 95173, 62834, 55308, 34842, 30741, 88851, 78004, 41339, 66028, 5291, 53744, 52746, 39450, 29977, 7173, 24776, 60986, 27771, 53902, 6482, 95342, 50778, 19841, 10439, 55176, 58289, 14046, 5953, 2930, 16273, 4553, 2752, 63169, 6912, 10908, 3961, 37537, 21876]
Tree:
None

Fitness:
[0.016853932584269662, 0.5005756184774266]