Generation:
60

Phenotype:
def p():
  x = 0.0
  index = 0
  n = 17
  b = 29
  c = sum(opposite[-index:])
  if c < main[b]:
    x = 0.3
  return x
XXX_output_XXX = p()

Genotype:
[49008, 4591, 88568, 82035, 65943, 98530, 64328, 97281, 60974, 37817, 91974, 81507, 18690, 46652, 40905, 96997, 91732, 22290, 21852, 37446, 9612, 46652, 75847, 54532, 25800, 22290, 65277, 90170, 23429, 90588, 80194, 92850, 74810, 84365, 60567, 23725, 38839, 86335, 16456, 86440, 34660, 38373, 1386, 9736, 41501, 71362, 3230, 83581, 73990, 77600, 64947, 28185, 71707, 95706, 28413, 46825, 48342, 99667, 1283, 57859, 10055, 51564, 58679, 15066, 13784, 57526, 54310, 86610, 58544, 72302, 32927, 97092, 7092, 62360, 86384, 28962, 27288, 37700, 34722, 94246, 34016]
Tree:
None

Fitness:
[0.011235955056179775, 0.5027391499960303]