Generation:
60

Phenotype:
def p():
  x = 0.0
  index = 25
  n = 25
  b = 30
  c = sum(opposite[:-index])
  if opposite[43] < main[b] + 3:
    x = (x - 1.0)
  return x
XXX_output_XXX = p()

Genotype:
[86836, 489, 99112, 61468, 18436, 89612, 37306, 60301, 88617, 96494, 37440, 39653, 98303, 3114, 91335, 42475, 98940, 37933, 25557, 10809, 32076, 7190, 6836, 13322, 47555, 57325, 62903, 70892, 54113, 65633, 68009, 18468, 2852, 93788, 2728, 64381, 20836, 88489, 29701, 85557, 73826, 18606, 69548, 82994, 79615, 79275, 80194, 73027, 7137, 29557, 60567, 28296, 86967, 59744, 98914, 26610, 49360, 11433, 61414, 86647, 95768, 45607, 88171, 73283, 52849, 17160, 71199, 14402, 83505, 53643, 54532, 25800, 38210, 92920, 76818, 82442, 92882, 64436, 38012, 47073, 49988, 91680, 71506, 69256, 2354, 2022, 97543, 16482, 12571, 3562, 1011, 81378, 67090, 90481, 13074, 15112, 30901, 51298, 88357, 8086, 71436, 26691, 89493, 62716, 8741, 61234, 42106, 62470, 93019, 57034, 45139, 50184, 77035, 71474, 74084, 26046, 16850, 77560, 78656, 66536, 3154, 21509, 77652, 36554, 8158, 18743, 37383, 64443, 19308, 89717, 46031, 57274, 95018, 29223, 14071, 62535, 98690, 35298, 94601, 53229, 72539, 41772, 32069, 21974, 6223, 11415, 77021, 24772, 94223, 77213, 180, 94442, 24394, 33680, 54411, 94999, 63488, 4128, 94377]
Tree:
None

Fitness:
[0.016853932584269662, 0.5005756184774266]