Generation:
60

Phenotype:
def p():
  x = 0.0
  index = 25
  n = 36
  b = 30
  c = sum(opposite[:-index])
  if opposite[43] < main[b] + 3:
    x = (x - 0.8)
  index = 26
  n = 11
  b = 33
  c = main[6]
  if sum(opposite[-index:]) > opposite[33] - sum(opposite[-index:]) + sum(main[-index:]):
    x = (x * 0.4)
  return x
XXX_output_XXX = p()

Genotype:
[1075, 37008, 30093, 47064, 18436, 872, 77046, 39801, 88617, 52420, 37440, 54885, 91851, 63284, 91335, 42475, 92164, 73313, 25557, 18637, 10804, 22947, 86114, 92160, 85181, 64142, 96882, 28693, 29785, 19982, 25608, 16666, 31686, 25011, 16482, 19202, 55943, 18184, 80264, 64830, 23440, 88903, 16251, 42609, 6243, 64807, 37132, 58716, 13485, 41192, 23788, 32268, 66233, 50451, 8920, 48341, 271, 2309, 82717, 6845, 22467, 43566, 11970, 65719, 28669, 58254, 9311, 11832, 86681, 87853, 87188, 66892, 17298, 80425, 26669, 9549, 79600, 89721, 62726, 73860, 76236, 30519, 56931, 50227, 99813, 77725, 781, 42671, 45247, 94303, 91592, 69001, 55301, 58032, 90283, 57847, 10893, 8695, 5416, 39707, 58833, 53290, 94728, 70021, 1153, 18765, 29057, 12652, 16025, 97536, 78727, 49626, 95904, 11338, 3676, 87198, 21609, 43838, 42848, 84901, 69593, 55891, 90090, 26050, 52990, 26086, 72801, 32213, 15769, 90419, 30223, 8560, 59389, 57345, 29061, 19221, 75406, 59313, 22010, 18837, 94763, 65857, 26686, 71707, 41509, 73077, 9217, 54120, 26035, 21118, 58698, 6608, 4570, 51502, 59371, 24777, 80254, 5071, 51729, 39662, 60148, 17111, 87643, 12199, 75189, 89439, 43804, 22830, 65310, 83217, 41848, 43301, 25150, 2571, 67015, 30637, 48254, 2413, 70719, 37727, 64252, 63819, 95848, 5581, 10528, 35550, 5498, 82647, 52041, 8352, 63476, 43858, 95758, 60749, 37840, 98115, 26858, 66719, 45910, 67321, 71350, 33921, 81685, 1980, 27547, 65418, 86452, 98072, 94766, 7074, 68212, 5866, 80665, 97656, 18996, 81804, 45150, 90695, 64010, 84655, 24449, 36164, 19734, 9666, 9014, 55761, 38086, 7142, 60454, 52348, 93925, 94685, 86332, 60683, 674, 71071, 25072, 475, 84004, 82448, 6266, 97407, 61580, 93169, 29843, 81443, 42826, 17519, 17757, 8970, 48610, 12674, 50284, 71034]
Tree:
None

Fitness:
[0.016853932584269662, 0.5005756184774266]