Generation:
60

Phenotype:
def p():
  x = 0.0
  index = 25
  n = 45
  b = 30
  c = sum(opposite[:-index])
  if opposite[43] < main[b] + 3:
    x = (x - 0.2)
  index = 43
  n = 43
  b = 29
  c = main[45]
  if main[46] < opposite[4] - main[b]:
    x = (x * 0.6)
  return x
XXX_output_XXX = p()

Genotype:
[34858, 31052, 8653, 61468, 18436, 62038, 27024, 82100, 88617, 52420, 37440, 15989, 91851, 3249, 91335, 42475, 92164, 37933, 25557, 89071, 19708, 4559, 21922, 56248, 38803, 40816, 47357, 33180, 48592, 96258, 50790, 8611, 14821, 60182, 54310, 11059, 48191, 32134, 98632, 25303, 23515, 13313, 62044, 48480, 65618, 54125, 70089, 67763, 83160, 98508, 11268, 32715, 52616, 8886, 52965, 32986, 30283, 67039, 2414, 16729, 15999, 1181, 51632, 58162, 64050, 63217, 35076, 93314, 6132, 14170, 71660, 14148, 79086, 54793, 67764, 57097, 26981, 99102, 45535, 95459, 34118, 23247, 85935, 57316, 6240, 95153, 95173, 62834, 55308, 34842, 30741, 88851, 78004, 41339, 66028, 5291, 53744, 52746, 39450, 29977, 7173, 24776, 60986, 27771, 53902, 6482, 95342, 50778, 19841, 10439, 55176, 58289, 14046, 5953, 2930, 16273, 4553, 2752, 63169, 6912, 10908, 3961, 37537, 21876]
Tree:
None

Fitness:
[0.016853932584269662, 0.5005756184774266]