Generation:
60

Phenotype:
def p():
  x = 0.0
  index = 25
  n = 25
  b = 30
  c = sum(opposite[:-index])
  if opposite[43] < main[b] + 3:
    x = (x - 0.2)
  index = 50
  n = 14
  b = 46
  c = opposite[b]
  if opposite[39] > main[b] + 9:
    x = 0.8
  return x
XXX_output_XXX = p()

Genotype:
[89337, 31052, 44893, 61468, 18436, 76508, 37306, 60301, 88617, 5834, 37440, 39653, 32125, 3114, 91335, 42475, 98940, 37933, 22332, 30861, 98292, 56944, 96950, 55509, 31379, 19818, 35797, 19504, 66343, 86949, 25103, 15659, 26610, 49360, 92289, 53845, 45167, 95758, 86893, 56888, 87509, 63284, 49529, 85075, 92164, 42036, 88777, 44295, 19879, 16744, 96092, 94926, 29518, 90089, 34980, 8714, 5331, 43984, 49834, 59717, 52617, 10030, 86465, 54712, 60172, 66297, 32869, 3214, 82558, 84865, 41633, 98541, 43252, 86860, 59343, 32802, 47684, 70757, 50077, 29096, 32434, 62169, 56952, 91230, 87792, 3976, 84199, 34748, 45980, 9003, 71133, 7647, 1682, 8338, 3285, 75250, 50671, 63847, 17623, 15007, 38281, 81190, 58510, 26831, 1444, 16911, 83907, 52576, 81675, 88248, 61241, 2299, 6397, 30847, 47962, 68490, 39832, 70433, 53276, 85478, 79741, 85176, 500, 17361, 12758, 60083, 12879, 23595, 16517, 98231, 24038, 76337, 82326, 95586, 91459, 97337, 45063, 20424, 54345, 22360, 71293, 7695, 30877, 94492, 59368, 32758, 53153, 11379, 54278, 47432, 31264]
Tree:
None

Fitness:
[0.016853932584269662, 0.5005756184774266]