Generation:
60

Phenotype:
def p():
  x = 0.0
  index = 5
  n = 43
  b = 30
  c = sum(opposite[-index:])
  if opposite[43] < main[b] + 3:
    x = (x - 0.4)
  return x
XXX_output_XXX = p()

Genotype:
[58112, 62613, 84564, 7648, 28565, 76108, 79960, 20346, 87699, 44925, 79491, 77171, 76550, 63284, 91335, 42475, 92164, 37933, 59672, 47653, 65680, 9387, 10236, 44881, 88442, 64776, 8071, 46962, 47319, 92544, 5738, 54061, 72823, 71343, 62679, 89077, 32134, 45167, 63942, 72823, 55509, 31379, 73446, 59744, 84901, 95340, 38550, 31379, 19818, 59744, 84901, 26610, 38550, 16617, 98292, 59731, 72823, 55509, 31379, 19818, 59744, 84901, 26610, 38550, 95686, 2354, 2022, 97543, 16482, 12571, 3562, 1011, 81378, 67090, 90481, 13074, 15112, 30901, 51298, 88357, 8086, 71436, 26691, 89493, 62716, 8741, 61234, 42106, 62470, 93019, 57034, 45139, 50184, 77035, 71474, 74084, 26046, 16850, 77560, 78656, 66536, 3154, 21509, 77652, 36554, 8158, 18743, 37383, 64443, 19308, 89717, 46031, 57274, 95018, 29223, 14071, 62535, 98690, 35298, 94601, 53229, 72539, 41772, 32069, 21974, 6223, 11415, 77021, 24772, 94223, 77213, 180, 94442, 24394, 33680, 54411, 94999, 63488, 4128, 94377]
Tree:
None

Fitness:
[0.016853932584269662, 0.5005756184774266]