Generation:
60

Phenotype:
def p():
  x = 0.0
  index = 46
  n = 27
  b = 30
  c = sum(main[:-index])
  if opposite[43] < main[b] + 3:
    x = (x - 0.9)
  return x
XXX_output_XXX = p()

Genotype:
[92886, 55959, 82368, 15215, 11215, 81475, 56331, 73573, 88617, 52420, 37440, 46610, 71791, 63284, 91335, 42475, 2896, 37933, 94972, 13858, 26202, 7190, 64142, 5671, 48215, 24535, 95357, 40539, 21962, 35641, 47190, 24069, 67029, 96796, 8525, 44195, 46511, 77816, 30122, 56969, 66860, 37016, 77539, 98202, 71668, 22332, 91800, 98292, 66958, 37233, 6136, 551, 358, 51087, 47836, 63284, 91335, 16801, 92164, 27357, 25557, 90461, 65680, 55682, 44940, 12155, 8408, 77958, 57376, 85887, 8435, 51400, 79551, 72591, 63174, 77746, 3036, 43300, 67839, 17954, 28778, 51400, 7650, 56893, 63174, 75451, 3036, 43300, 31138, 16306, 11180, 551, 76930, 22024, 58746, 22275, 53713, 28179, 26257, 83997, 44634, 86677, 50532, 34069, 53264, 94226, 54847, 7276, 16164, 57113, 6040, 85424, 22077, 68487, 33169, 68710, 36426, 40445, 1628, 74947, 88797, 28165, 93400, 15916, 97822, 3046, 68311, 44648, 30456, 92545, 78871, 64509, 64485, 18897, 19829, 89738, 18816, 89104, 77306, 56505, 82768, 88241, 18004, 9482, 20897, 68925, 83369, 9391, 68393, 21522, 53472, 74927, 68609, 87288, 64735, 77651, 6697, 66862, 82110, 44115, 15480, 46289, 50027, 57833, 62370, 71058, 12736, 10348, 35951, 7540, 94331, 42276, 23680, 69452, 8387, 96585, 86583, 82643, 58947, 31458, 64724, 17899, 90890, 5040, 90940, 20720, 62967, 37385, 86202, 50520, 42666, 76353, 85283, 52345, 75956, 91493, 40624, 50751, 74016, 55519, 37745, 76452, 78570, 14661, 49834, 31615, 8248, 538, 80846, 89571, 80978, 53240, 37921, 38162, 9203, 32689, 1250, 90307, 2067, 93795, 51819, 60912, 76802, 31117, 72043, 11283, 42952, 13917, 34348, 63535, 52887, 51548, 43887, 21226, 67631, 3933, 59256, 59137, 42852, 43851, 33771, 99771, 87548, 62544, 23286, 10745, 75282, 88346, 30151, 89988, 5341, 38620, 76825, 50869, 63349, 78906, 96191, 42150, 87034, 78434, 92784, 19135, 13142, 67119, 67470, 84160, 35757, 82899, 61640, 53684, 66897, 40909, 36062, 47585, 32230, 37605, 8184, 23956, 74304, 42020, 65062, 42920, 97867, 24762, 79939, 49395, 23715, 30630, 82026, 28419, 79704, 73089, 92592, 91653, 66509, 51747, 20200, 62339, 76798, 57668, 16167, 56597, 9244, 79486, 19144, 44843, 7616, 31170, 33507, 95223, 69376, 36973, 93110, 84702, 95796, 31462]
Tree:
None

Fitness:
[0.016853932584269662, 0.5005756184774266]