Generation:
60

Phenotype:
def p():
  x = 0.0
  index = 6
  n = 25
  b = 30
  c = sum(opposite[-index:])
  if opposite[43] < main[b] + 3:
    x = (x - 1.0)
  return x
XXX_output_XXX = p()

Genotype:
[89337, 15093, 12560, 61468, 49884, 89612, 37306, 60301, 88617, 44777, 37440, 39653, 71856, 3114, 91335, 42475, 98940, 37933, 25557, 10809, 32076, 7190, 75046, 99684, 96599, 893, 62903, 70892, 50270, 65633, 68009, 18468, 2852, 93788, 2728, 82628, 22203, 88489, 68611, 59744, 84901, 36760, 96310, 4730, 54434, 11686, 69112, 75925, 72031, 58625, 90363, 8600, 43850, 90007, 69352, 97324, 97788, 68401, 88603, 13336, 57428, 71951, 40838, 40195, 5479, 10528, 36814, 32344, 63748, 43672, 96364, 23739, 75960, 10939, 11525, 8739, 60586, 27723, 30821, 61912, 47251, 13276, 4393, 73917, 17940, 15867, 41001, 99607, 49740, 42581, 33168, 55961, 32734, 11983, 99977]
Tree:
None

Fitness:
[0.016853932584269662, 0.5005756184774266]