Generation:
60

Phenotype:
def p():
  x = 0.0
  index = 1
  n = 35
  b = 30
  c = main[26]
  if opposite[43] < main[b] + 3:
    x = (x - 0.1)
  return x
XXX_output_XXX = p()

Genotype:
[41554, 7354, 34648, 93344, 64465, 48616, 97547, 96133, 88617, 50170, 45643, 87282, 7115, 63284, 91335, 42475, 10288, 37933, 25557, 16690, 94316, 31649, 3786, 77534, 74896, 73647, 94093, 8879, 61473, 7190, 13653, 7972, 32876, 26818, 64540, 25557, 57616, 84502, 7190, 17557, 59535, 69221, 99072, 30779, 52578, 18436, 21077, 9438, 79200, 92732, 43055, 37440, 15989, 53231, 47945, 91335, 77527, 91335, 42475, 13448, 92674, 22332, 16617, 34550, 59731, 72823, 55509, 93094, 19818, 59744, 84901, 26610, 38550, 22967, 64436, 11070, 32563, 65664, 87548, 34876, 18128, 36414, 37705, 34859, 43682, 65156, 44482, 34542, 64895, 14137, 84234, 90281, 94811, 53408, 49902, 83204, 46869, 31926, 57338, 42044, 86028, 41758, 7068, 19427, 68546, 56507, 22910, 54342, 82412, 88443, 84975, 42657, 63671, 80290, 83166, 76150, 80481, 24940, 22409]
Tree:
None

Fitness:
[0.016853932584269662, 0.5005756184774266]