Generation:
60

Phenotype:
def p():
  x = 0.0
  index = 5
  n = 25
  b = 30
  c = sum(opposite[:-index])
  if opposite[43] < main[b] + 3:
    x = (x - 1.0)
  return x
XXX_output_XXX = p()

Genotype:
[89337, 489, 12560, 61468, 2657, 37629, 37306, 60301, 88617, 93455, 37440, 86007, 69213, 3114, 91335, 42475, 68052, 80063, 25557, 10809, 30082, 50776, 64436, 67834, 70020, 59329, 76050, 82106, 81024, 42881, 44589, 23271, 93404, 89280, 30726, 78497, 62867, 86427, 98844, 96243, 16789, 37309, 91000, 46895, 2802, 12908, 35231, 43831, 74691, 98755, 80806, 93722, 7845, 46016, 5671, 47937, 86599, 5454, 7696, 17867, 63872, 61421, 20110, 93400, 87952, 40397, 94444, 29388, 13275, 59176, 47778, 67578, 92164, 26526, 87759, 45409, 26449, 86653, 11436, 9831, 15684, 83040, 49251, 27162, 70895, 22826, 81272, 11240, 12879, 35358, 88817, 67565, 16600, 3513, 68905, 74427, 55693, 24529, 28058, 22533, 70786, 48776, 77973, 62070, 53096, 89277, 37705]
Tree:
None

Fitness:
[0.016853932584269662, 0.5005756184774266]