Generation:
60

Phenotype:
def p():
  x = 0.0
  index = 10
  n = 45
  b = 30
  c = opposite[10]
  if opposite[43] < main[b] + 3:
    x = (x - 0.8)
  return x
XXX_output_XXX = p()

Genotype:
[42869, 97920, 1188, 49465, 9394, 76108, 13356, 36918, 91728, 46807, 86893, 3363, 57946, 63284, 91335, 42475, 92164, 27653, 59672, 41977, 26253, 55509, 31379, 19818, 59744, 84901, 26610, 89606, 36918, 96808, 89724, 86893, 3363, 6434, 63284, 91335, 42475, 92164, 63943, 59672, 46952, 51906, 3087, 10236, 71226, 49832, 13308, 8071, 79285, 47319, 81580, 83901, 34279, 13782, 74630, 89757, 78135, 6136, 90589, 15543, 40327, 30440, 63830, 40129, 95010, 42118, 87587, 83676, 22900, 98736, 84964, 95886, 78955, 49137, 75151, 12565, 27374, 51015, 51327, 60282, 83581, 81640, 91636, 65221, 27400, 65122, 85147, 91009, 14875, 46424, 44808, 92100, 43589, 42232, 12913, 20056, 63949, 92224, 46621, 44264, 65283, 77610, 73813, 85192, 78081, 78172, 27803, 53728, 55703, 78469, 5911, 74771, 42700, 6532, 21073, 50165, 66035, 38158, 3759, 7047, 97315, 95032, 71143, 60131, 86633, 65694, 31220, 7539, 584, 21058, 11292, 28994, 40097, 94914, 5358, 55283, 50414, 21412, 32334, 82527, 20931, 78846, 75481, 52745, 81947, 9988, 96391, 3978, 19292, 92473, 4204, 55353, 26651, 20496, 13050, 56023, 15953, 75352, 44684, 43092, 72258, 24773, 33032, 66636, 40206, 41319, 26613, 15370, 26299, 65114, 12706, 64142, 73476, 30239, 15982, 5482, 77786, 10813, 88439, 57443, 60239, 365, 54223, 38679, 68864, 21682, 48058, 67828, 64219, 93511, 52912, 65020, 63397, 52554, 83993, 13430, 76607, 29209, 31749, 71096, 72001, 45990, 15401, 19925, 68226, 51291, 59189, 96709, 2201, 41907, 85443, 48490, 54806, 3851, 21868, 63422, 66201, 18049, 21155, 70173, 42004, 92639, 40888, 77536, 87240, 88081, 57695, 14516, 23676, 53058, 83559, 94917, 13694, 29536, 66819, 19683, 42614, 79016, 1714, 14230, 8769, 95659, 99594, 12613, 1710, 92349, 50717, 59095, 57114, 13002, 66356, 65109, 14592, 42204, 89595, 98123, 3848, 40926, 95645, 33038, 8308, 55205, 1870, 11761, 2852, 52862, 50115, 38514, 24616, 48070, 79690, 95414, 97330, 34034, 8521, 8972, 56776, 93849, 77337, 15735, 69810, 57785, 65728, 78353, 57461, 32793, 89582, 65078, 39909, 54380, 39499, 96931, 52292, 45777, 3479, 10975, 84795, 79427, 51564, 66200, 60806, 84502, 97477, 27508, 65064, 65635, 96522, 98551, 11280, 39513, 32889, 55210, 324, 4788, 44002, 17597, 30104, 70424, 46849, 9241, 14179, 43510, 79778, 28510, 82882, 93066, 76731, 66640, 99686, 29034, 96977, 46622, 15701, 91524, 50367, 49834, 85442, 30130, 9171, 38345, 41457, 55064, 84487, 46234, 23669, 74921, 77281, 89669, 69742, 36804, 50242, 24567, 52795, 13780, 51846, 50198, 19973, 95162, 44005, 43742]
Tree:
None

Fitness:
[0.016853932584269662, 0.5005756184774266]