Generation:
60

Phenotype:
def p():
  x = 0.0
  index = 0
  n = 50
  b = 30
  c = opposite[44]
  if opposite[43] < main[b] + 3:
    x = (x - 1.0)
  index = 13
  n = 25
  b = 43
  c = opposite[0] - sum(opposite[-index:]) * main[b]
  if main[b] < sum(opposite[-index:]) - main[11]:
    x = (x - 0.3)
  return x
XXX_output_XXX = p()

Genotype:
[33356, 49637, 8653, 85102, 36771, 76108, 89606, 77368, 87699, 80418, 86893, 48147, 87509, 63284, 91335, 42475, 59328, 37933, 59672, 6009, 70020, 83554, 13171, 89612, 37306, 60301, 84652, 96494, 20885, 43073, 47426, 3114, 80167, 42475, 98940, 37933, 25557, 63659, 32076, 7190, 73000, 7972, 32876, 3709, 83172, 65017, 82064, 23340, 88095, 63353, 6584, 46257, 65782, 85154, 96503, 79417, 19752, 38383, 10030, 86465, 54712, 60172, 82775, 32869, 467, 82558, 84865, 41633, 98541, 43252, 29866, 59343, 32802, 47684, 94528, 50077, 29096, 71005, 62169, 56952, 91230, 87792, 3976, 84199, 34748, 45980, 9003, 71133, 7647, 1682, 8338, 3285, 75250, 50671, 63847, 17623, 15007, 38281, 81190, 58510, 26831, 1444, 16911, 83907, 52576, 81675, 88248, 61241, 2299, 6397, 30847, 47962, 68490, 39832, 70433, 53276, 85478, 79741, 85176, 500, 17361, 12758, 60083, 12879, 23595, 16517, 98231, 24038, 76337, 82326, 95586, 91459, 97337, 45063, 20424, 54345, 22360, 71293, 7695, 30877, 94492, 59368, 32758, 53153, 11379, 54278, 47432, 31264]
Tree:
None

Fitness:
[0.016853932584269662, 0.5005756184774266]