Generation:
60

Phenotype:
def p():
  x = 0.0
  index = 39
  n = 48
  b = 30
  c = sum(opposite[-index:])
  if opposite[43] < main[b] + 3:
    x = (x - 0.8)
  return x
XXX_output_XXX = p()

Genotype:
[66219, 83264, 55920, 95156, 72102, 99026, 57066, 85528, 88617, 49862, 7764, 15989, 59410, 63284, 45591, 42475, 92164, 37933, 25557, 30737, 77215, 37933, 55267, 6009, 65680, 96069, 10236, 44881, 92816, 25701, 33628, 46962, 47319, 79260, 5738, 75061, 72823, 38143, 62679, 1823, 32134, 45167, 42690, 99538, 36156, 90090, 48480, 61062, 54125, 86658, 91729, 5632, 98508, 11268, 97135, 52616, 8886, 52965, 32986, 4360, 67039, 2414, 16729, 27618, 1181, 51632, 58162, 55743, 9547, 35076, 79083, 6132, 14170, 71660, 14148, 79086, 54793, 67764, 57097, 26981, 99102, 45535, 95459, 34118, 23247, 85935, 25527, 87452, 99811, 48135, 72801, 58648, 68829, 56602, 49983, 91621, 49095, 87246, 58208, 69983, 7495, 93564, 76663, 16629, 57551, 15494, 65154, 19031, 54308, 1280, 12778, 10999, 11519]
Tree:
None

Fitness:
[0.016853932584269662, 0.5005756184774266]