Generation:
60

Phenotype:
def p():
  x = 0.0
  index = 35
  n = 37
  b = 3
  c = main[42]
  if opposite[43] > main[43] + 3:
    x = (x + 0.5)
  return x
XXX_output_XXX = p()

Genotype:
[39908, 49882, 55268, 16984, 53126, 55948, 58330, 37617, 23973, 45194, 56248, 3562, 1011, 81378, 97543, 8458, 67694, 3562, 73613, 15311, 80784, 61698, 67834, 23251, 59329, 76050, 48171, 34380, 42881, 44589, 87799, 3132, 93022, 30726, 78497, 99494, 86427, 98844, 36393, 97355, 37309, 91000, 46895, 2802, 76168, 13101, 8566, 74691, 98755, 76572, 93722, 7845, 46016, 5671, 47937, 99617, 5454, 2202, 17867, 95386, 61421, 20110, 93400, 87952, 40397, 94444, 29388, 13275, 59176, 50354, 3953, 77800, 26526, 87759, 45409, 26449, 86653, 69663, 9831, 15684, 83040, 49251, 27162, 43726, 99756, 81272, 11240, 12879, 35358, 51072, 67565, 51042, 38488, 68905, 74427, 55693, 24529, 95226, 22533, 70786, 48776, 77973, 48763, 53096, 89277, 37705]
Tree:
None

Fitness:
[0.016853932584269662, 0.5005756184774266]