Generation:
60

Phenotype:
def p():
  x = 0.0
  index = 25
  n = 25
  b = 30
  c = sum(opposite[:-index])
  if opposite[43] < main[b] + 3:
    x = (x - 0.6)
  index = 1
  n = 32
  b = 29
  c = main[b]
  if opposite[0] < opposite[22] + 8:
    x = (x * 0.6)
  return x
XXX_output_XXX = p()

Genotype:
[89337, 31052, 44893, 61468, 18436, 28815, 37306, 34187, 88617, 96494, 37440, 39653, 48511, 3114, 91335, 42475, 98940, 37933, 25557, 91205, 32076, 26132, 28510, 72504, 32876, 78224, 37004, 68401, 2752, 13336, 20289, 71951, 30141, 40195, 5479, 10528, 66398, 25325, 40327, 73595, 16694, 31963, 95010, 57942, 18109, 75252, 42633, 32338, 84964, 83557, 82188, 60759, 45789, 79528, 2888, 46071, 68770, 61321, 73530, 60125, 75224, 12339, 97029, 31441, 99892, 48559, 78244, 10578, 26875, 19827, 44823, 25150, 47418, 21648, 41843, 94572, 81484, 87673, 43252, 50680, 5649, 23585, 98845, 62770, 8977, 41345, 80400, 77260, 65639, 58552, 64043, 59211, 64024, 70742, 46768, 56002, 81093, 85696, 91969, 91680, 71506, 69256, 2354, 2022, 76249, 40539, 5151, 47344, 35587, 82950, 36816, 13580, 78471, 20400, 34793, 19585, 29940, 48517, 95701, 18997, 93005, 63914, 53414, 44824, 9146, 64009, 24939, 96514, 58609, 8260, 56068, 83017, 49357, 66591, 46352, 71118, 57689, 24034, 91168, 92912, 1997, 70358, 26886, 41908]
Tree:
None

Fitness:
[0.016853932584269662, 0.5005756184774266]