Generation:
60

Phenotype:
def p():
  x = 0.0
  index = 26
  n = 13
  b = 30
  c = sum(opposite[:-index])
  if opposite[43] < main[b] + 3:
    x = (x - 0.3)
  index = 26
  n = 23
  b = 14
  c = main[32] + sum(opposite[:-index])
  if main[39] < opposite[2] + 8:
    x = (x / 0.3)
  return x
XXX_output_XXX = p()

Genotype:
[4141, 36225, 8653, 61468, 71987, 48616, 71617, 82100, 21909, 52420, 37440, 15989, 19271, 22574, 91335, 42475, 92164, 37933, 90147, 62642, 32076, 70359, 86114, 58522, 44087, 62329, 37958, 37476, 89927, 35743, 69595, 46134, 57101, 49832, 65928, 62653, 56411, 26324, 79390, 63942, 74219, 13313, 41748, 88654, 68782, 25990, 88141, 14821, 98002, 54310, 36458, 48191, 32134, 45167, 36995, 23515, 13313, 16193, 48480, 61062, 54125, 70089, 82297, 74906, 98508, 11268, 32715, 52616, 8886, 52965, 32986, 30283, 67039, 2414, 16729, 15999, 1181, 51632, 58162, 64050, 63217, 35076, 93314, 6132, 14170, 71660, 14148, 79086, 54793, 67764, 57097, 26981, 99102, 45535, 95459, 34118, 23247, 85935, 57316, 6240, 95153, 95173, 62834, 55308, 34842, 30741, 88851, 78004, 41339, 66028, 5291, 53744, 52746, 39450, 29977, 7173, 24776, 60986, 27771, 53902, 6482, 95342, 50778, 19841, 10439, 55176, 58289, 14046, 5953, 2930, 16273, 4553, 2752, 63169, 6912, 10908, 3961, 37537, 21876]
Tree:
None

Fitness:
[0.016853932584269662, 0.5005756184774266]