Generation:
60

Phenotype:
def p():
  x = 0.0
  index = 25
  n = 17
  b = 30
  c = sum(opposite[:-index])
  if opposite[43] < main[b] + 3:
    x = (x - 0.1)
  index = 26
  n = 37
  b = 14
  c = sum(opposite[:-index])
  if abs(sum(main[-index:]) - sum(opposite[:-index])) > 5000:
    x = (x * 0.7)
  index = 43
  n = 37
  b = 44
  c = main[b]
  if opposite[b] > main[26] + 0:
    x = (x * 0.7)
  return x
XXX_output_XXX = p()

Genotype:
[96076, 31052, 8653, 57349, 18436, 29211, 77741, 82100, 88617, 39081, 37440, 79215, 91851, 63284, 91335, 42475, 92164, 37933, 25557, 34510, 47609, 37994, 86114, 22579, 30484, 60364, 37958, 40539, 66990, 54017, 63693, 72020, 10676, 31644, 88605, 71354, 57608, 83976, 82100, 88617, 52420, 39546, 95305, 67864, 63284, 91335, 42475, 92164, 37933, 25557, 61638, 80096, 73430, 49318, 74766, 47891, 388, 33639, 69662, 51576, 10004, 261, 54050, 59985, 60177, 32914, 69010, 60443, 93220, 26690, 40327, 30440, 63830, 14180, 95010, 63490, 64636, 33433, 22900, 32338, 84964, 95886, 78955, 49137, 27164, 12565, 27374, 51015, 51327, 21139, 83581, 81640, 91636, 65221, 27400, 80709, 85147, 91009, 20295, 46424, 59846, 92100, 11425, 42232, 12913, 20056, 63949, 14722, 46621, 10035, 65283, 86145, 73813, 85192, 78081, 10273, 27803, 53728, 55703, 78469, 5911, 74771, 42700, 29841, 21073, 50165, 66035, 38158, 3759, 7047, 97315, 95032, 71143, 60131, 86633, 65694, 31220, 7539, 584, 21058, 13255, 28994, 40097, 94914, 76155, 15781, 50414, 21412, 32334, 82527, 20931, 78846, 75481, 52745, 81947, 9988, 96391, 76936, 19292, 92473, 4204, 48319, 26651, 24007, 13050, 56023, 15953, 72886, 44684, 57695, 2651, 24773, 33032, 66636, 87729, 41319, 26613, 15370, 26299, 65114, 12706, 64142, 73476, 30239, 15982, 5482, 77786, 28745, 74596, 57443, 60239, 365, 54223, 38679, 68864, 21682, 85194, 67828, 64219, 93511, 52912, 65020, 63397, 52554, 83993, 13430, 76607, 29209, 31749, 71096, 72001, 59419, 15401, 19925, 68226, 51291, 59189, 96709, 2201, 41907, 85443, 59252, 54806, 3851, 21868, 63422, 66201, 18049, 21155, 70173, 10612, 92639, 40888, 77536, 87240, 88081, 57695, 14516, 23676, 53058, 83559, 94917, 13694, 29536, 66819, 19683, 42614, 79016, 1714, 14230, 8769, 95659, 99594, 46653, 1710, 6017, 50717, 59095, 57114, 13002, 66356, 65109, 59555, 42204, 89595, 98123, 3848, 40926, 95645, 99449, 8308, 55205, 17543, 53214, 2852, 52862, 50115, 38514, 24616, 48070, 79690, 95414, 55036, 34034, 8521, 10340, 93895, 93849, 77337, 57535, 69810, 57785, 65728, 78353, 57461, 32793, 13416, 65078, 39909, 54380, 39499, 96931, 52292, 45777, 2340, 9158, 84795, 79427, 51564, 28176, 60806, 84502, 97477, 27508, 65064, 65635, 96522, 98551, 11280, 39513, 32889, 95086, 324, 4788, 82354, 17597, 76317, 70424, 46849, 9241, 14179, 43510, 79778, 28510, 82882, 93066, 89066, 66640, 99686, 29034, 96977, 17592, 15701, 91524, 61993, 49834, 85442, 58177, 44170, 38345, 97794, 55064, 18763, 46234, 23669, 74921, 77281, 57687, 69742, 36804, 50242, 24567, 52795, 13780, 53993, 50198, 19973, 95162, 44005, 12719]
Tree:
None

Fitness:
[0.016853932584269662, 0.5005756184774266]