Generation:
60

Phenotype:
def p():
  x = 0.0
  index = 25
  n = 26
  b = 30
  c = opposite[12]
  if opposite[43] < main[b] + 3:
    x = (x - 1.0)
  index = 14
  n = 32
  b = 29
  c = sum(opposite[-index:])
  if c < main[b] + sum(main[:-index]):
    x = (x + 0.1)
  return x
XXX_output_XXX = p()

Genotype:
[74286, 31052, 8653, 61468, 18436, 48616, 76373, 70578, 88617, 52420, 51466, 64843, 81969, 63284, 68167, 42475, 93516, 37933, 40687, 10809, 63552, 28772, 52340, 22289, 32876, 26818, 52049, 23736, 74796, 54017, 97848, 52697, 58645, 95648, 39213, 30316, 93264, 49988, 28257, 88760, 22803, 51671, 64570, 80234, 98061, 48610, 79081, 82509, 79427, 90956, 94132, 34397, 64720, 70037, 82253, 80784, 37237, 67834, 23251, 59329, 76050, 48171, 34380, 42881, 44589, 87799, 3132, 93022, 30726, 78497, 99494, 86427, 98844, 36393, 97355, 37309, 91000, 46895, 2802, 76168, 13101, 8566, 74691, 98755, 76572, 93722, 7845, 46016, 5671, 47937, 99617, 5454, 2202, 17867, 95386, 61421, 20110, 93400, 87952, 40397, 94444, 29388, 13275, 59176, 50354, 3953, 77800, 26526, 87759, 45409, 26449, 86653, 69663, 9831, 15684, 83040, 49251, 27162, 43726, 99756, 81272, 11240, 12879, 35358, 51072, 67565, 51042, 38488, 68905, 74427, 55693, 24529, 95226, 22533, 70786, 48776, 77973, 48763, 53096, 89277, 37705]
Tree:
None

Fitness:
[0.016853932584269662, 0.5005756184774266]