Generation:
60

Phenotype:
def p():
  x = 0.0
  index = 40
  n = 50
  b = 30
  c = sum(opposite[:-index])
  if opposite[43] < main[b] + 3:
    x = (x - 0.1)
  index = 0
  n = 28
  b = 38
  c = main[26]
  if opposite[21] > opposite[b] + 9:
    x = (x - 0.7)
  return x
XXX_output_XXX = p()

Genotype:
[33356, 49653, 8653, 27738, 19879, 97882, 89606, 77368, 87699, 80418, 96270, 3363, 87509, 63284, 91335, 42475, 92164, 37933, 59672, 48840, 65680, 49896, 91851, 63284, 37462, 79844, 34004, 2615, 54580, 18606, 74945, 91423, 65087, 79275, 32185, 84919, 22332, 30396, 98292, 95200, 78853, 54961, 76349, 29046, 59744, 95129, 26610, 9066, 53106, 71405, 92890, 73787, 48343, 54532, 25800, 22290, 15864, 12412, 20405, 13788, 58906, 14772, 90292, 99420, 89105, 59896, 90007, 77545, 58236, 93669, 41060, 31476, 37488, 95839, 71190, 33146, 70268, 83648, 27674, 5017, 99615, 62466, 67552, 20233, 77196, 69095, 27783, 44656, 82978, 90954, 6107, 3427, 2533, 94897, 83845, 48604, 11462, 55135, 432, 24288, 347, 42346, 92103, 7158, 95109, 84435, 65700, 59278, 8048, 13285, 22915, 63460, 70685, 19948, 26154, 99950, 79166, 75318, 32537, 56753, 36358, 71670, 93409, 6677, 38498, 24994, 74351, 15104, 43897, 58530]
Tree:
None

Fitness:
[0.016853932584269662, 0.5005756184774266]