Generation:
60

Phenotype:
def p():
  x = 0.0
  index = 25
  n = 17
  b = 30
  c = sum(opposite[:-index])
  if opposite[43] < main[b] + 3:
    x = (x - 0.7)
  index = 25
  n = 42
  b = 25
  c = main[b]
  if main[b] < main[b] - opposite[6]:
    x = (x + 0.9)
  return x
XXX_output_XXX = p()

Genotype:
[55302, 82957, 8653, 63527, 18436, 48616, 77741, 44040, 88617, 52420, 39546, 95305, 31449, 42249, 91335, 42475, 92164, 37933, 51832, 3756, 32076, 60589, 12571, 3562, 1011, 57542, 67090, 90481, 83590, 15112, 30901, 86893, 56888, 87509, 63284, 49529, 42475, 92164, 37933, 34177, 2187, 4851, 32876, 26818, 37958, 73848, 82738, 47758, 97758, 18468, 80281, 95648, 72398, 70679, 63475, 41003, 29701, 2615, 54580, 18606, 91394, 34754, 25915, 79275, 80194, 50036, 7137, 65379, 28097, 47073, 17056, 91680, 57851, 49202, 2354, 749, 79536, 4878, 13448, 92674, 94716, 45100, 98292, 59731, 35422, 55509, 31379, 19818, 59744, 84901, 85260, 59891, 39492, 92683, 74685, 44940, 4684, 84621, 90292, 67839, 68036, 17260, 51400, 65790, 72591, 63174, 71466, 86865, 43300, 14880, 16306, 11180, 551, 56303, 10026, 58746, 77064, 53713, 72985, 30381, 83997, 9907, 86677, 50532, 10958, 25609, 94226, 54847, 7276, 16164, 57113, 6040]
Tree:
None

Fitness:
[0.016853932584269662, 0.5005756184774266]