Generation:
60

Phenotype:
def p():
  x = 0.0
  index = 24
  n = 27
  b = 30
  c = sum(opposite[:-index])
  if opposite[43] < main[b] + 3:
    x = (x - 0.9)
  return x
XXX_output_XXX = p()

Genotype:
[94279, 31052, 62584, 15215, 29094, 60528, 64185, 33407, 88617, 52420, 37440, 15989, 7115, 63284, 91335, 42475, 2896, 37933, 25557, 13858, 32076, 7190, 64142, 38221, 48215, 60364, 30779, 40539, 66130, 59413, 97291, 52885, 98292, 58599, 2008, 55509, 31379, 19818, 59744, 72025, 14097, 52660, 52637, 91335, 7674, 92164, 37933, 69696, 27436, 40852, 344, 58772, 78244, 26359, 10985, 11073, 35470, 25150, 97520, 9349, 72022, 23543, 96964, 87673, 43252, 50680, 53920, 88275, 98845, 65025, 37110, 41345, 5398, 11117, 25869, 58552, 64043, 4789, 64024, 70742, 46768, 71494, 81093, 85696, 91969, 91680, 38042, 69256, 34317, 2022, 76249, 40539, 26253, 47344, 35587, 16821, 36816, 13580, 79277, 20400, 34793, 19585, 77748, 76659, 21286, 29831, 71848, 7175, 4554, 71256, 11992, 76893, 92463, 80858, 31838, 14819, 75316, 5582, 35051, 84379, 85981, 64513, 93880, 49247, 66557, 55299, 47325, 68509, 12958, 43311, 85743, 20262, 38723]
Tree:
None

Fitness:
[0.016853932584269662, 0.5005756184774266]