Generation:
60

Phenotype:
def p():
  x = 0.0
  index = 12
  n = 32
  b = 30
  c = sum(opposite[-index:])
  if opposite[43] < main[b] + 3:
    x = (x - 1.0)
  index = 47
  n = 27
  b = 24
  c = opposite[b] / sum(opposite[-index:]) * opposite[b]
  if c > opposite[b]:
    x = (x / 0.6)
  return x
XXX_output_XXX = p()

Genotype:
[89337, 42839, 16785, 61468, 3684, 76717, 99074, 60301, 88617, 81382, 37440, 56757, 29228, 63284, 91335, 42475, 93516, 75253, 25557, 10809, 32076, 95336, 95825, 60745, 14409, 7165, 18180, 98118, 29588, 78098, 96751, 57977, 45075, 21749, 85154, 276, 44809, 19752, 31030, 11113, 59461, 54712, 60172, 62590, 85601, 43389, 43055, 96944, 81135, 80194, 6998, 10489, 64570, 60567, 73189, 68570, 95336, 81653, 38571, 73116, 85854, 11469, 58876, 41667, 97784, 54645, 2673, 23806, 51721, 46258, 10168, 713, 10351, 53433, 20725, 96245, 97498, 82741, 69943, 87247, 32844, 79536, 4878, 9460, 65241, 30316, 72717, 98292, 59731, 35422, 55509, 31379, 19818, 59744, 84901, 26610, 55595, 95336, 46886, 60745, 32579, 16396, 37473, 98118, 23340, 88095, 63353, 29179, 46257, 40022, 85154, 60406, 44809, 19752, 52617, 98998, 86465, 12412, 20405, 72257, 58906, 14772, 90292, 99420, 89105, 59896, 90007, 77545, 58236, 93669, 41060, 31476, 37488, 95839, 71190, 33146, 70268, 83648, 27674, 5017, 99615, 62466, 67552, 20233, 77196, 69095, 27783, 44656, 82978, 90954, 6107, 3427, 2533, 94897, 83845, 48604, 11462, 55135, 432, 24288, 347, 42346, 92103, 7158, 95109, 84435, 65700, 59278, 8048, 13285, 22915, 63460, 70685, 19948, 26154, 99950, 79166, 75318, 32537, 56753, 36358, 71670, 93409, 6677, 38498, 24994, 74351, 15104, 43897, 58530]
Tree:
None

Fitness:
[0.016853932584269662, 0.5005756184774266]