Generation:
60

Phenotype:
def p():
  x = 0.0
  index = 25
  n = 17
  b = 30
  c = sum(main[:-index])
  if opposite[43] < main[b] + 3:
    x = (x - 0.2)
  index = 49
  n = 5
  b = 30
  c = sum(opposite[:-index])
  if sum(main[-index:]) < main[13]:
    x = (x / 0.6)
  return x
XXX_output_XXX = p()

Genotype:
[96076, 15196, 8653, 61468, 18436, 40542, 77741, 51553, 88617, 29285, 28608, 86666, 77233, 63284, 91335, 42475, 92164, 37933, 25557, 3111, 32076, 7190, 1477, 5671, 49832, 60364, 84282, 56845, 48093, 55627, 21625, 77956, 93138, 20422, 13448, 31491, 93250, 46874, 70444, 2414, 40395, 83237, 58378, 54720, 98178, 98691, 41404, 60394, 80871, 34940, 16164, 79426, 5238, 9808, 49536, 99030, 57696, 74921, 99104, 68519, 85680, 30481, 98799, 22652, 69243, 18314, 26594, 36540, 55026, 27901, 84041, 72498, 15818, 83127, 97210, 48065, 61818, 4470, 27057, 35954, 22064, 68305, 38214, 39463, 82831, 88157, 64523, 56985, 42829, 27244, 81609, 67225, 7610, 90101, 26421, 3993, 90612, 31111, 65028, 63769, 69656, 63964, 22773, 1232, 47516, 20273, 42164, 68198, 90337, 1202, 20275, 72364, 31674, 22249, 87023, 55213, 54076, 41070, 27345, 52335, 18574, 51842, 99772, 42547, 62642, 61658, 55293, 71160, 94818, 84410, 84855, 57356, 18308, 67117, 70978, 47767, 54108, 85072, 30288, 61453, 71726, 23636, 62200, 84975, 58941, 94081, 62088, 50354, 14105, 53206, 88038, 63018, 89124, 47863, 54021, 72575, 15265, 8476, 7509, 47979, 25177, 31244, 16857]
Tree:
None

Fitness:
[0.016853932584269662, 0.5005756184774266]