Generation:
60

Phenotype:
def p():
  x = 0.0
  index = 25
  n = 12
  b = 30
  c = sum(opposite[-index:])
  if opposite[43] < main[b] + 3:
    x = (x - 0.8)
  index = 25
  n = 32
  b = 14
  c = main[26]
  if opposite[28] > main[b] + 0:
    x = (x / 0.5)
  return x
XXX_output_XXX = p()

Genotype:
[89337, 54548, 44893, 61468, 18436, 70708, 50196, 61184, 88617, 96494, 37440, 35773, 64172, 3114, 91335, 42475, 98940, 37933, 38727, 35747, 32076, 7190, 1810, 45021, 32876, 63341, 37958, 70892, 21337, 47758, 68009, 18018, 62251, 84025, 21648, 65890, 75799, 96964, 87673, 9048, 96694, 49088, 77584, 81090, 75314, 65352, 8918, 81067, 58376, 80481, 37192, 67480, 23036, 80730, 53679, 44392, 59611, 72992, 52228, 22017, 94435, 1011, 53518, 67090, 90481, 13074, 15112, 30901, 51298, 88357, 8086, 84283, 26691, 89493, 62716, 30959, 61234, 42106, 12203, 93019, 69053, 45139, 50184, 77035, 71474, 74084, 43689, 16850, 77560, 78656, 66536, 3154, 28702, 31540, 3721, 8158, 23070, 37383, 64443, 19308, 89717, 21765, 57274, 95018, 29223, 14071, 61555, 98690, 54301, 94601, 53229, 72539, 41772, 32069, 21974, 6223, 15671, 77021, 24772, 94223, 77213, 180, 94442, 24394, 33680, 54411, 59313, 63488, 86670, 94377]
Tree:
None

Fitness:
[0.016853932584269662, 0.5005756184774266]