Generation:
60

Phenotype:
def p():
  x = 0.0
  index = 39
  n = 17
  b = 30
  c = sum(opposite[-index:])
  if opposite[43] < main[b] + 3:
    x = (x - 0.7)
  return x
XXX_output_XXX = p()

Genotype:
[63763, 60390, 35908, 39649, 92961, 92187, 77741, 25049, 88617, 52420, 39546, 95305, 9588, 63284, 78479, 42475, 92164, 37933, 25557, 1756, 32076, 35256, 64038, 44809, 88617, 4272, 76501, 535, 19059, 63284, 91335, 42475, 92164, 60143, 25557, 91871, 80096, 28165, 93400, 26433, 97822, 27512, 68311, 44648, 16018, 92545, 78871, 64509, 64485, 18897, 19829, 89738, 95345, 89104, 77306, 56505, 82768, 88241, 18004, 9482, 20897, 68925, 83369, 9391, 68393, 21522, 53472, 74927, 68609, 87288, 64735, 77651, 94452, 66862, 82110, 44115, 15480, 20119, 50027, 96741, 62370, 71058, 12736, 10348, 35951, 7540, 94331, 42276, 23680, 65810, 58026, 96585, 67689, 82643, 20745, 31458, 69757, 17899, 59704, 5040, 90940, 20720, 62967, 37385, 86202, 50520, 42666, 18735, 85283, 52345, 75956, 91493, 40624, 50751, 74016, 55519, 37745, 87762, 78570, 14661, 49834, 92312, 73438, 4061, 4746, 89571, 80978, 53240, 5982, 38162, 59408, 32689, 1250, 90307, 2067, 93795, 51819, 60912, 76802, 31117, 72043, 11283, 42952, 95456, 30344, 63535, 52887, 51548, 43887, 21226, 67631, 3933, 59256, 59137, 42852, 43851, 33771, 99771, 69711, 62544, 42989, 94690, 75282, 67720, 30151, 89988, 5341, 38620, 76825, 50869, 22649, 78906, 96191, 42150, 87034, 78434, 92784, 19135, 5263, 58660, 80469, 84160, 35757, 82899, 15933, 66933, 66897, 40909, 36062, 90790, 32230, 37605, 8184, 23956, 69890, 42020, 18771, 42920, 97867, 24762, 79939, 49395, 23715, 30630, 82026, 28419, 61935, 73089, 92592, 91653, 66509, 51747, 39452, 62339, 76798, 57668, 16167, 56597, 9244, 79486, 19144, 74356, 7616, 31170, 33507, 95223, 69376, 39452, 48237, 84702, 95796, 31462]
Tree:
None

Fitness:
[0.016853932584269662, 0.5005756184774266]