Generation:
60

Phenotype:
def p():
  x = 0.0
  index = 9
  n = 19
  b = 27
  c = opposite[16]
  if c > main[45]:
    x = (x + 0.6)
  return x
XXX_output_XXX = p()

Genotype:
[17901, 11736, 55268, 75376, 48969, 55948, 13636, 93783, 7626, 58701, 56248, 35107, 40816, 47357, 5928, 48592, 96258, 50790, 45286, 91205, 32076, 11814, 28510, 88614, 32876, 97986, 37004, 68401, 2752, 13336, 20289, 2150, 30141, 71659, 52659, 85567, 77602, 37933, 78368, 60372, 32076, 30316, 42068, 86701, 59731, 35422, 55509, 31379, 19818, 59744, 84901, 31825, 38550, 39492, 64436, 11070, 32563, 65664, 87548, 34876, 18128, 36414, 37705, 34859, 43682, 65156, 44482, 34542, 64895, 14137, 84234, 90281, 94811, 53408, 49902, 83204, 46869, 31926, 57338, 42044, 86028, 41758, 7068, 19427, 68546, 56507, 22910, 54342, 82412, 88443, 84975, 42657, 63671, 80290, 83166, 76150, 80481, 24940, 22409]
Tree:
None

Fitness:
[0.02247191011235955, 0.4982812311619113]