Generation:
60

Phenotype:
def p():
  x = 0.0
  index = 9
  n = 30
  b = 31
  c = opposite[16]
  if c > main[45]:
    x = (x + 0.2)
  return x
XXX_output_XXX = p()

Genotype:
[64411, 54470, 55268, 92265, 48969, 55948, 16707, 39835, 23644, 58701, 56248, 38803, 40816, 47357, 66150, 39706, 27818, 50790, 45286, 84901, 75829, 45286, 98292, 41748, 72823, 16236, 31379, 19818, 59744, 84901, 88630, 7156, 5970, 64436, 11070, 32563, 65664, 87548, 34876, 18128, 36414, 37705, 34859, 43682, 65156, 44482, 34542, 64895, 14137, 84234, 90281, 94811, 53408, 49902, 83204, 46869, 31926, 57338, 42044, 86028, 41758, 7068, 19427, 68546, 56507, 22910, 54342, 82412, 88443, 84975, 42657, 63671, 80290, 83166, 76150, 80481, 24940, 22409]
Tree:
None

Fitness:
[0.02247191011235955, 0.4982812311619113]