Generation:
60

Phenotype:
def p():
  x = 0.0
  index = 37
  n = 34
  b = 19
  c = sum(opposite[:-index])
  if opposite[3] > main[45] + 0:
    x = (x + 0.5)
  return x
XXX_output_XXX = p()

Genotype:
[86556, 73399, 69792, 73124, 68071, 39439, 64702, 5757, 83557, 88081, 60759, 63681, 6931, 2888, 83491, 21015, 16058, 56298, 26610, 32991, 61924, 96997, 91732, 22290, 94645, 90170, 9612, 46652, 75847, 54532, 25800, 22290, 65277, 90170, 23429, 90588, 80194, 92850, 74810, 84365, 60567, 23725, 38839, 86335, 16456, 86440, 34660, 38373, 1386, 9736, 41501, 71362, 3230, 83581, 73990, 77600, 64947, 28185, 71707, 95706, 28413, 46825, 48342, 99667, 1283, 57859, 10055, 51564, 58679, 15066, 13784, 57526, 54310, 86610, 58544, 72302, 32927, 97092, 7092, 62360, 86384, 28962, 27288, 37700, 34722, 94246, 34016]
Tree:
None

Fitness:
[0.02247191011235955, 0.4982812311619113]