Generation:
60

Phenotype:
def p():
  x = 0.0
  index = 37
  n = 34
  b = 19
  c = sum(main[:-index])
  if opposite[3] > main[45] + 0:
    x = (x + 0.3)
  return x
XXX_output_XXX = p()

Genotype:
[86556, 21420, 69792, 73124, 68071, 39439, 64702, 92381, 83557, 88081, 6540, 69528, 6931, 2888, 83491, 21015, 16058, 56298, 26610, 32991, 61062, 54125, 91654, 91729, 6727, 98508, 34343, 63696, 52616, 8886, 52965, 32986, 4360, 67039, 2414, 16729, 27618, 1181, 51632, 58162, 55743, 9547, 35076, 79083, 6132, 14170, 71660, 14148, 79086, 54793, 67764, 57097, 26981, 99102, 45535, 95459, 34118, 23247, 85935, 25527, 87452, 99811, 48135, 72801, 58648, 68829, 56602, 49983, 91621, 49095, 87246, 58208, 69983, 7495, 93564, 76663, 16629, 57551, 15494, 65154, 19031, 54308, 1280, 12778, 10999, 11519]
Tree:
None

Fitness:
[0.02247191011235955, 0.4982812311619113]