Generation:
60

Phenotype:
def p():
  x = 0.0
  index = 9
  n = 37
  b = 17
  c = opposite[16]
  if c > main[45]:
    x = (x + 0.5)
  return x
XXX_output_XXX = p()

Genotype:
[94940, 49882, 55268, 16984, 48969, 55948, 58330, 63961, 95336, 41387, 36127, 38803, 65041, 47357, 7374, 48592, 96258, 50790, 45286, 55234, 40750, 54310, 11059, 48191, 32134, 45167, 63942, 23515, 13313, 62044, 48480, 61062, 54125, 70089, 91729, 83160, 98508, 11268, 32715, 52616, 8886, 52965, 32986, 30283, 67039, 2414, 16729, 15999, 1181, 51632, 58162, 64050, 63217, 35076, 93314, 6132, 14170, 71660, 14148, 79086, 54793, 67764, 57097, 26981, 99102, 45535, 95459, 34118, 23247, 85935, 57316, 6240, 95153, 95173, 62834, 55308, 34842, 30741, 88851, 78004, 41339, 66028, 5291, 53744, 52746, 39450, 29977, 7173, 24776, 60986, 27771, 53902, 6482, 95342, 50778, 19841, 10439, 55176, 58289, 14046, 5953, 2930, 16273, 4553, 2752, 63169, 6912, 10908, 3961, 37537, 21876]
Tree:
None

Fitness:
[0.02247191011235955, 0.4982812311619113]