Generation:
60

Phenotype:
def p():
  x = 0.0
  index = 9
  n = 37
  b = 17
  c = opposite[16]
  if c > main[45]:
    x = (x + 0.5)
  return x
XXX_output_XXX = p()

Genotype:
[94940, 11736, 55268, 16984, 48969, 5456, 58330, 58199, 95336, 81957, 56248, 38803, 40816, 47357, 41748, 48592, 53210, 29268, 49666, 3354, 67958, 90147, 30044, 28730, 23864, 28021, 67298, 44087, 95578, 70662, 37476, 94547, 35743, 15042, 31689, 74556, 20400, 34793, 88258, 63728, 62716, 16390, 57112, 87874, 75701, 6860, 24362, 12784, 44538, 63357, 88661, 26792, 23151, 23525, 15720, 66561, 65184, 88878, 22614, 62022, 98629, 69713, 15582, 24751, 3080, 84126, 2389, 32194, 5445, 43712, 94753, 78554, 25549, 26856, 62043, 30952, 40285, 29323, 74885, 78881, 62547, 76022, 58038, 97129, 63300, 16199, 19383, 60256, 86846, 82384, 98657, 7227, 13954, 89815, 89190, 11945, 32640, 42271, 92938, 74857, 45440, 33550, 58948, 93363, 66599, 20581, 62230, 28848, 82578, 59229, 57455, 20535, 42471, 18080, 93129, 71321, 88552, 78662, 94763, 83954, 97965, 92850, 56952, 58763, 4123, 46623, 78160, 90010, 4845, 42239, 22023, 78442, 86616, 61619, 39763, 91767, 66282, 7831, 17271, 73788, 5345, 37809, 3405, 8841, 72180, 69924, 4669, 9997, 33766, 16780, 17989, 15985, 28740, 88415, 23226, 89704, 55638, 54904, 6969, 55861, 8948, 30776, 86760, 96860, 33385, 99514, 97721, 82318, 384, 56695, 83500, 61010, 24358, 15056, 76055, 3089, 62361, 40361, 39155, 89828, 82417, 20512, 9333, 45786, 49461, 48206, 98372, 20646, 50475, 45445, 65307, 85744, 40035, 10304, 60314, 21141, 24952, 71958, 71133, 16205, 15066, 31923, 74190, 8297, 18511, 21081, 27086, 2767, 40151, 16382, 57664, 13677, 83254, 79425, 98141, 78333, 55448, 46635, 23821, 28597, 89878, 11063, 54337, 96409, 14976, 1959, 11616, 4705, 99827, 8752, 99555, 60485, 19519, 66183, 82710, 36905, 2208, 83919, 64173, 68127, 12468, 1459, 83473, 3699, 92152, 25249, 47972, 8636, 22780, 27567, 73125, 58889, 91678, 90413, 37085, 54150, 26870, 64251, 58770, 9336, 54817, 1273, 44840, 15611, 71837, 38733, 29258, 49461, 10029, 68930, 69873, 26725, 2102, 78694, 10527, 46028, 31671, 28003, 55641, 18498, 94177, 11677, 25814, 53765, 14105, 53484, 90143, 93003, 40338, 8027, 9367]
Tree:
None

Fitness:
[0.02247191011235955, 0.4982812311619113]