Generation:
60

Phenotype:
def p():
  x = 0.0
  index = 7
  n = 39
  b = 19
  c = sum(opposite[-index:])
  if opposite[16] > main[b] + 0:
    x = 0.3
  return x
XXX_output_XXX = p()

Genotype:
[1892, 72019, 69792, 45488, 5668, 13112, 72204, 28739, 83557, 79437, 73284, 36059, 56230, 14473, 45691, 49384, 86580, 78440, 60125, 38762, 64040, 16617, 98292, 36019, 89380, 55509, 31379, 19818, 59744, 84901, 36760, 47866, 749, 79536, 4878, 14855, 34622, 5650, 45100, 98292, 59731, 47169, 86893, 56888, 87509, 15986, 49529, 42475, 35455, 37933, 34177, 2187, 45765, 32876, 26818, 37958, 73848, 82738, 47758, 97758, 18468, 80281, 95648, 72398, 70679, 63475, 41003, 29701, 2615, 54580, 18606, 91394, 34754, 25915, 79275, 80194, 50036, 7137, 65379, 28097, 47073, 17056, 91680, 57851, 49202, 2354, 749, 79536, 4878, 13448, 92674, 94716, 45100, 98292, 59731, 35422, 55509, 31379, 19818, 59744, 84901, 85260, 59891, 39492, 92683, 74685, 44940, 4684, 84621, 90292, 67839, 68036, 17260, 51400, 65790, 72591, 63174, 71466, 86865, 43300, 14880, 16306, 11180, 551, 56303, 10026, 58746, 77064, 53713, 72985, 30381, 83997, 9907, 86677, 50532, 10958, 25609, 94226, 54847, 7276, 16164, 57113, 6040]
Tree:
None

Fitness:
[0.02247191011235955, 0.4982812311619113]