Generation:
60

Phenotype:
def p():
  x = 0.0
  index = 15
  n = 13
  b = 19
  c = sum(main[-index:])
  if opposite[16] > main[b] + 0:
    x = 1.0
  return x
XXX_output_XXX = p()

Genotype:
[7638, 14667, 69792, 28394, 53106, 21224, 8326, 51260, 83557, 95199, 60759, 74264, 56230, 2888, 45691, 49384, 7820, 78440, 5595, 40539, 61468, 83844, 28815, 37306, 60301, 88617, 96494, 37440, 39653, 35290, 3114, 91335, 42475, 98940, 37933, 25557, 91205, 32076, 11814, 28510, 88614, 32876, 97986, 37004, 68401, 2752, 13336, 20289, 2150, 30141, 71659, 52659, 85567, 77602, 37933, 78368, 60372, 32076, 30316, 42068, 86701, 59731, 35422, 55509, 31379, 19818, 59744, 84901, 31825, 38550, 39492, 64436, 11070, 32563, 65664, 87548, 34876, 18128, 36414, 37705, 34859, 43682, 65156, 44482, 34542, 64895, 14137, 84234, 90281, 94811, 53408, 49902, 83204, 46869, 31926, 57338, 42044, 86028, 41758, 7068, 19427, 68546, 56507, 22910, 54342, 82412, 88443, 84975, 42657, 63671, 80290, 83166, 76150, 80481, 24940, 22409]
Tree:
None

Fitness:
[0.02247191011235955, 0.4982812311619113]