Generation:
60

Phenotype:
def p():
  x = 0.0
  index = 9
  n = 43
  b = 31
  c = opposite[16]
  if c > main[45]:
    x = 0.5
  return x
XXX_output_XXX = p()

Genotype:
[44964, 57937, 55268, 85518, 48969, 55948, 7336, 93783, 23644, 62551, 68830, 38803, 40816, 26792, 41748, 48592, 96258, 50790, 94735, 92674, 88392, 89102, 98292, 59731, 72823, 55509, 31379, 19818, 59744, 84901, 26610, 92340, 22967, 71506, 69256, 2354, 2022, 97543, 16482, 12571, 3562, 1011, 81378, 67090, 90481, 13074, 15112, 30901, 51298, 88357, 8086, 71436, 26691, 89493, 62716, 8741, 61234, 42106, 62470, 93019, 57034, 45139, 50184, 77035, 71474, 74084, 26046, 16850, 77560, 78656, 66536, 3154, 21509, 77652, 36554, 8158, 18743, 37383, 64443, 19308, 89717, 46031, 57274, 95018, 29223, 14071, 62535, 98690, 35298, 94601, 53229, 72539, 41772, 32069, 21974, 6223, 11415, 77021, 24772, 94223, 77213, 180, 94442, 24394, 33680, 54411, 94999, 63488, 4128, 94377]
Tree:
None

Fitness:
[0.02247191011235955, 0.4982812311619113]