Generation:
60

Phenotype:
def p():
  x = 0.0
  index = 9
  n = 37
  b = 17
  c = opposite[16]
  if c > main[45]:
    x = (x + 0.6)
  return x
XXX_output_XXX = p()

Genotype:
[94940, 11736, 55268, 16984, 48969, 36422, 58330, 68672, 95336, 81957, 56248, 31639, 40816, 47357, 41748, 48592, 45838, 50790, 45286, 29115, 8006, 61006, 58938, 57607, 65844, 40709, 38895, 4692, 15906, 33942, 7137, 64570, 41874, 23725, 11907, 93116, 71110, 74685, 59717, 52617, 10030, 86465, 54712, 60172, 66297, 32869, 3214, 82558, 84865, 41633, 98541, 43252, 86860, 59343, 32802, 47684, 70757, 50077, 29096, 32434, 62169, 56952, 91230, 87792, 3976, 84199, 34748, 45980, 9003, 71133, 7647, 1682, 8338, 3285, 75250, 50671, 63847, 17623, 15007, 38281, 81190, 58510, 26831, 1444, 16911, 83907, 52576, 81675, 88248, 61241, 2299, 6397, 30847, 47962, 68490, 39832, 70433, 53276, 85478, 79741, 85176, 500, 17361, 12758, 60083, 12879, 23595, 16517, 98231, 24038, 76337, 82326, 95586, 91459, 97337, 45063, 20424, 54345, 22360, 71293, 7695, 30877, 94492, 59368, 32758, 53153, 11379, 54278, 47432, 31264]
Tree:
None

Fitness:
[0.02247191011235955, 0.4982812311619113]