Generation:
60

Phenotype:
def p():
  x = 0.0
  index = 9
  n = 18
  b = 19
  c = sum(opposite[:-index])
  if opposite[16] > main[b] + 0:
    x = 0.4
  return x
XXX_output_XXX = p()

Genotype:
[64502, 83472, 69792, 78030, 43053, 22241, 46989, 36197, 83557, 91855, 60759, 48659, 63233, 2888, 45691, 49384, 86580, 57190, 60125, 19163, 63284, 45591, 42475, 92164, 37933, 25557, 30737, 32076, 7190, 92160, 40917, 23345, 60364, 73504, 40539, 31052, 44893, 61468, 88691, 17062, 37306, 60301, 68959, 96494, 37440, 60469, 35290, 3114, 91335, 44257, 98940, 37933, 25557, 10809, 32076, 7190, 26643, 7972, 32876, 26818, 37958, 70892, 86034, 47758, 36941, 18468, 2852, 95648, 2728, 40130, 76176, 88489, 29701, 92882, 54580, 18606, 91394, 15303, 25915, 79275, 12886, 52931, 80992, 58294, 60567, 47073, 17056, 91680, 57851, 49202, 89262, 2022, 76249, 40539, 26253, 47344, 35587, 95578, 16267, 53902, 6482, 95342, 50778, 19841, 10439, 55176, 58289, 14046, 5953, 2930, 16273, 4553, 2752, 63169, 6912, 10908, 3961, 37537, 21876]
Tree:
None

Fitness:
[0.02247191011235955, 0.4982812311619113]