Generation:
60

Phenotype:
def p():
  x = 0.0
  index = 4
  n = 37
  b = 17
  c = opposite[16]
  if c > main[45]:
    x = (x + 0.2)
  return x
XXX_output_XXX = p()

Genotype:
[94940, 49882, 55268, 16984, 18211, 12925, 58330, 7014, 95336, 45194, 56248, 38803, 40816, 47357, 41748, 48592, 96258, 50790, 95676, 5931, 39472, 60107, 55948, 79625, 55147, 95795, 58701, 56248, 38803, 40816, 47357, 27404, 86248, 96258, 50790, 45286, 14821, 1933, 41872, 82513, 70934, 91680, 71506, 69256, 2354, 3565, 76249, 40539, 23513, 77394, 35587, 10479, 16267, 13580, 74556, 20400, 34793, 19585, 77748, 76659, 21286, 2551, 47705, 7175, 4554, 71256, 30897, 76893, 61231, 80858, 31838, 14819, 75316, 5582, 35051, 84379, 85981, 64513, 93880, 49247, 66557, 55299, 47325, 68509, 12958, 43311, 85743, 20262, 38723]
Tree:
None

Fitness:
[0.02247191011235955, 0.4982812311619113]