Generation:
60

Phenotype:
def p():
  x = 0.0
  index = 37
  n = 13
  b = 19
  c = sum(main[-index:])
  if opposite[3] > main[b] + 0:
    x = 0.3
  return x
XXX_output_XXX = p()

Genotype:
[7638, 15108, 70780, 3844, 68071, 13112, 8326, 96991, 83557, 88081, 60759, 3414, 56230, 2888, 45691, 11682, 86580, 78440, 60125, 23552, 59652, 27164, 58712, 27374, 51015, 78777, 48282, 83581, 81640, 91636, 65221, 78011, 22967, 65926, 39024, 16994, 91061, 47073, 49988, 28257, 57553, 92850, 51671, 64570, 80234, 98061, 48610, 79081, 82509, 79427, 90956, 94132, 34397, 64720, 70037, 22659, 80784, 83126, 67834, 23251, 59329, 76050, 48171, 34380, 42881, 44589, 87799, 3132, 93022, 30726, 78497, 99494, 86427, 98844, 36393, 97355, 37309, 91000, 46895, 2802, 76168, 13101, 8566, 74691, 98755, 76572, 93722, 7845, 46016, 5671, 47937, 99617, 5454, 2202, 17867, 95386, 61421, 20110, 93400, 87952, 40397, 94444, 29388, 13275, 59176, 50354, 3953, 77800, 26526, 87759, 45409, 26449, 86653, 69663, 9831, 15684, 83040, 49251, 27162, 43726, 99756, 81272, 11240, 12879, 35358, 51072, 67565, 51042, 38488, 68905, 74427, 55693, 24529, 95226, 22533, 70786, 48776, 77973, 48763, 53096, 89277, 37705]
Tree:
None

Fitness:
[0.02247191011235955, 0.4982812311619113]