Generation:
60

Phenotype:
def p():
  x = 0.0
  index = 44
  n = 13
  b = 19
  c = main[33]
  if opposite[16] > main[b] + 0:
    x = (x + 0.9)
  return x
XXX_output_XXX = p()

Genotype:
[89212, 66868, 23340, 96543, 65426, 13112, 8326, 36197, 83557, 79437, 97945, 41546, 65976, 2888, 45691, 49384, 86580, 78440, 74476, 74528, 39653, 83533, 63284, 10755, 42475, 93516, 37933, 91762, 10809, 81859, 14402, 83505, 53643, 54532, 25800, 38210, 92920, 76818, 82442, 92882, 64436, 38012, 47073, 49988, 91680, 71506, 69256, 2354, 2022, 97543, 16482, 12571, 3562, 1011, 81378, 67090, 90481, 13074, 15112, 30901, 51298, 88357, 8086, 71436, 26691, 89493, 62716, 8741, 61234, 42106, 62470, 93019, 57034, 45139, 50184, 77035, 71474, 74084, 26046, 16850, 77560, 78656, 66536, 3154, 21509, 77652, 36554, 8158, 18743, 37383, 64443, 19308, 89717, 46031, 57274, 95018, 29223, 14071, 62535, 98690, 35298, 94601, 53229, 72539, 41772, 32069, 21974, 6223, 11415, 77021, 24772, 94223, 77213, 180, 94442, 24394, 33680, 54411, 94999, 63488, 4128, 94377]
Tree:
None

Fitness:
[0.02247191011235955, 0.4982812311619113]