Generation:
60

Phenotype:
def p():
  x = 0.0
  index = 19
  n = 12
  b = 19
  c = sum(main[:-index])
  if opposite[3] > main[b] + 0:
    x = 1.0
  return x
XXX_output_XXX = p()

Genotype:
[7638, 54615, 69792, 5462, 87637, 13102, 27042, 36197, 83557, 57952, 60759, 24416, 20511, 2888, 83491, 21015, 86580, 78440, 60125, 34279, 4187, 92882, 39024, 63849, 38012, 47073, 49988, 96661, 71506, 69256, 2354, 2022, 76249, 40539, 26253, 47344, 35587, 16821, 16267, 13580, 74556, 20400, 34793, 19585, 77748, 76659, 21286, 2551, 47705, 7175, 4554, 71256, 30897, 76893, 61231, 80858, 31838, 14819, 75316, 5582, 35051, 84379, 85981, 64513, 93880, 49247, 66557, 55299, 47325, 68509, 12958, 43311, 85743, 20262, 38723]
Tree:
None

Fitness:
[0.02247191011235955, 0.4982812311619113]