Generation:
60

Phenotype:
def p():
  x = 0.0
  index = 9
  n = 27
  b = 17
  c = opposite[16]
  if c > main[45]:
    x = (x + 0.3)
  return x
XXX_output_XXX = p()

Genotype:
[94940, 11736, 55268, 16984, 48969, 43621, 90705, 93783, 95336, 81957, 56248, 38803, 40816, 47357, 41748, 48592, 45838, 50790, 45286, 21612, 81249, 12571, 3562, 47695, 15311, 80784, 37237, 67834, 23251, 59329, 76050, 48171, 34380, 42881, 44589, 87799, 3132, 93022, 30726, 78497, 99494, 86427, 98844, 36393, 97355, 37309, 91000, 46895, 2802, 76168, 13101, 8566, 74691, 98755, 76572, 93722, 7845, 46016, 5671, 47937, 99617, 5454, 2202, 17867, 95386, 61421, 20110, 93400, 87952, 40397, 94444, 29388, 13275, 59176, 50354, 3953, 77800, 26526, 87759, 45409, 26449, 86653, 69663, 9831, 15684, 83040, 49251, 27162, 43726, 99756, 81272, 11240, 12879, 35358, 51072, 67565, 51042, 38488, 68905, 74427, 55693, 24529, 95226, 22533, 70786, 48776, 77973, 48763, 53096, 89277, 37705]
Tree:
None

Fitness:
[0.02247191011235955, 0.4982812311619113]