Generation:
60

Phenotype:
def p():
  x = 0.0
  index = 9
  n = 1
  b = 31
  c = opposite[16]
  if c > main[45]:
    x = (x + 0.6)
  return x
XXX_output_XXX = p()

Genotype:
[94940, 57937, 55268, 85518, 48969, 55948, 18922, 93783, 23644, 82699, 56248, 38803, 40816, 47357, 41748, 48592, 96258, 50790, 45286, 76645, 52931, 7137, 1625, 60567, 23725, 85700, 36421, 74632, 98292, 59731, 72823, 55509, 31379, 19818, 59744, 84901, 26610, 38550, 39492, 64436, 11070, 32563, 65664, 87548, 34876, 18128, 36414, 37705, 34859, 43682, 65156, 44482, 34542, 64895, 14137, 84234, 90281, 94811, 53408, 49902, 83204, 46869, 31926, 57338, 42044, 86028, 41758, 7068, 19427, 68546, 56507, 22910, 54342, 82412, 88443, 84975, 42657, 63671, 80290, 83166, 76150, 80481, 24940, 22409]
Tree:
None

Fitness:
[0.02247191011235955, 0.4982812311619113]