Generation:
60

Phenotype:
def p():
  x = 0.0
  index = 19
  n = 12
  b = 19
  c = sum(main[:-index])
  if opposite[3] > main[b] + 0:
    x = 0.7
  return x
XXX_output_XXX = p()

Genotype:
[72577, 54615, 69792, 5462, 87637, 13102, 27042, 36197, 83557, 57952, 60759, 24416, 20511, 2888, 83491, 21015, 55820, 78440, 42475, 2896, 64540, 25557, 57616, 32076, 7190, 17557, 59535, 69221, 99072, 30779, 52578, 18436, 21077, 9438, 79200, 92732, 43055, 37440, 15989, 53231, 47945, 91335, 77527, 91335, 42475, 13448, 92674, 22332, 16617, 34550, 59731, 72823, 55509, 93094, 19818, 59744, 84901, 26610, 38550, 22967, 64436, 11070, 32563, 65664, 87548, 34876, 18128, 36414, 37705, 34859, 43682, 65156, 44482, 34542, 64895, 14137, 84234, 90281, 94811, 53408, 49902, 83204, 46869, 31926, 57338, 42044, 86028, 41758, 7068, 19427, 68546, 56507, 22910, 54342, 82412, 88443, 84975, 42657, 63671, 80290, 83166, 76150, 80481, 24940, 22409]
Tree:
None

Fitness:
[0.02247191011235955, 0.4982812311619113]