Generation:
60

Phenotype:
def p():
  x = 0.0
  index = 12
  n = 13
  b = 19
  c = sum(main[-index:])
  if opposite[16] > main[b] + 0:
    x = 0.5
  return x
XXX_output_XXX = p()

Genotype:
[52340, 90655, 69792, 38793, 47289, 50011, 8326, 36197, 83557, 88081, 43890, 24416, 30012, 2888, 45691, 49384, 86580, 38020, 60125, 15514, 82121, 17927, 91335, 42475, 92164, 30, 61595, 48559, 78244, 17684, 41168, 11073, 98778, 25150, 16181, 81546, 45341, 94825, 96964, 95140, 43252, 29866, 53920, 88275, 98845, 48970, 78082, 41345, 5398, 77260, 65639, 58552, 64043, 2629, 60838, 70742, 46768, 64951, 81093, 85696, 91969, 91680, 71506, 69256, 2354, 19155, 68665, 40539, 26253, 97301, 35587, 16821, 36816, 13580, 79277, 20400, 34793, 19585, 77748, 76659, 86907, 29831, 68856, 77517, 17660, 71256, 11992, 76893, 92463, 80858, 31838, 29411, 75316, 5582, 35051, 84379, 85981, 64513, 78704, 49247, 66557, 55299, 47325, 68509, 12958, 43311, 85743, 20262, 38723]
Tree:
None

Fitness:
[0.02247191011235955, 0.4982812311619113]