Generation:
60

Phenotype:
def p():
  x = 0.0
  index = 37
  n = 13
  b = 19
  c = sum(main[-index:])
  if opposite[16] > main[b] + 0:
    x = 0.1
  return x
XXX_output_XXX = p()

Genotype:
[48389, 54615, 69792, 78030, 68071, 12382, 8326, 36197, 83557, 79437, 60759, 82000, 56230, 2888, 45691, 49384, 41144, 78440, 60125, 23340, 12463, 63353, 29179, 46257, 65782, 85154, 60406, 49834, 19752, 52617, 10030, 86465, 54712, 60172, 66297, 32869, 467, 82558, 84865, 41633, 98541, 43252, 29866, 59343, 32802, 47684, 94528, 50077, 29096, 71005, 62169, 56952, 91230, 87792, 3976, 84199, 34748, 45980, 9003, 71133, 7647, 1682, 8338, 3285, 75250, 50671, 63847, 17623, 15007, 38281, 81190, 58510, 26831, 1444, 16911, 83907, 52576, 81675, 88248, 61241, 2299, 6397, 30847, 47962, 68490, 39832, 70433, 53276, 85478, 79741, 85176, 500, 17361, 12758, 60083, 12879, 23595, 16517, 98231, 24038, 76337, 82326, 95586, 91459, 97337, 45063, 20424, 54345, 22360, 71293, 7695, 30877, 94492, 59368, 32758, 53153, 11379, 54278, 47432, 31264]
Tree:
None

Fitness:
[0.02247191011235955, 0.4982812311619113]