Generation:
60

Phenotype:
def p():
  x = 0.0
  index = 10
  n = 21
  b = 38
  c = sum(main[-index:])
  if c > sum(opposite[:-index]):
    x = 0.3
  return x
XXX_output_XXX = p()

Genotype:
[66429, 33718, 44792, 88825, 35812, 75074, 31284, 6385, 26660, 95962, 20838, 76680, 92850, 7137, 64570, 79974, 92613, 98345, 6920, 3802, 86893, 3363, 57946, 63284, 91335, 42475, 92164, 4543, 59672, 82142, 8886, 52965, 32986, 4360, 67039, 2414, 16729, 27618, 1181, 51632, 58162, 55743, 9547, 35076, 79083, 6132, 14170, 71660, 14148, 79086, 54793, 67764, 57097, 26981, 99102, 45535, 95459, 34118, 23247, 85935, 25527, 87452, 99811, 48135, 72801, 58648, 68829, 56602, 49983, 91621, 49095, 87246, 58208, 69983, 7495, 93564, 76663, 16629, 57551, 15494, 65154, 19031, 54308, 1280, 12778, 10999, 11519]
Tree:
None

Fitness:
[0.033707865168539325, 0.4931690333432333]