Generation:
60

Phenotype:
def p():
  x = 0.0
  index = 15
  n = 26
  b = 12
  c = opposite[b]
  if main[23] < opposite[b] + 0:
    x = 0.9
  return x
XXX_output_XXX = p()

Genotype:
[21044, 41006, 76176, 49030, 66009, 25772, 25322, 33771, 70596, 82741, 48592, 55509, 31379, 19818, 96719, 84901, 38550, 84960, 60108, 4245, 53126, 44948, 58330, 45784, 72042, 18757, 4274, 3562, 1011, 81378, 97543, 16892, 69832, 3562, 73613, 15311, 80784, 92308, 90105, 10390, 76108, 62651, 84802, 91728, 3802, 86893, 65563, 57946, 63284, 91335, 42475, 92164, 4543, 59672, 31582, 83753, 55509, 31379, 19818, 59744, 84901, 13922, 58442, 86900, 57892, 15989, 91851, 84238, 75363, 42475, 92164, 30, 61595, 48559, 78244, 17684, 63497, 11073, 98778, 11007, 16181, 81546, 45341, 94825, 96964, 95140, 43252, 29866, 25402, 88275, 98845, 65025, 78082, 41345, 5398, 77260, 67799, 58552, 64043, 17718, 60838, 70742, 46768, 64951, 81093, 85696, 91969, 91680, 71506, 17961, 2354, 28001, 68665, 40539, 26253, 97301, 35587, 16821, 36816, 72184, 79277, 20400, 28754, 19585, 77748, 76659, 24530, 29831, 68856, 77517, 17660, 71256, 11992, 76893, 92463, 80858, 46208, 29411, 75316, 5582, 35051, 84379, 63362, 64513, 78704, 49247, 66557, 55299, 96905, 68509, 2511, 43311, 85743, 20262, 38723]
Tree:
None

Fitness:
[0.033707865168539325, 0.4931690333432333]