Generation:
60

Phenotype:
def p():
  x = 0.0
  index = 10
  n = 21
  b = 38
  c = sum(main[-index:])
  if c > sum(opposite[:-index]):
    x = 0.6
  return x
XXX_output_XXX = p()

Genotype:
[67170, 33718, 44792, 88825, 35812, 86242, 31284, 6385, 26660, 95962, 20838, 76680, 92850, 7137, 64570, 79974, 92613, 98345, 6920, 96805, 7919, 63284, 91335, 42475, 93516, 37933, 25557, 10809, 12904, 28772, 52340, 22289, 32876, 26818, 45055, 63886, 74796, 54017, 29875, 52697, 89745, 78440, 60125, 31379, 19818, 23158, 20779, 26610, 38550, 41142, 64436, 64764, 32563, 65664, 87548, 34876, 18128, 36414, 37705, 34859, 43682, 65156, 44482, 34542, 64895, 14137, 84234, 90281, 94811, 53408, 49902, 83204, 46869, 31926, 57338, 42044, 86028, 41758, 7068, 19427, 68546, 56507, 22910, 54342, 82412, 88443, 84975, 42657, 63671, 80290, 83166, 76150, 80481, 24940, 22409]
Tree:
None

Fitness:
[0.033707865168539325, 0.4931690333432333]