Generation:
60

Phenotype:
def p():
  x = 0.0
  index = 10
  n = 28
  b = 42
  c = sum(main[-index:])
  if c > sum(opposite[:-index]):
    x = (x + 0.1)
  return x
XXX_output_XXX = p()

Genotype:
[95672, 91970, 44792, 8006, 61006, 58938, 57607, 65844, 98574, 38895, 4692, 15906, 33942, 7137, 64570, 7116, 23725, 11907, 93116, 71110, 98530, 64328, 97281, 60974, 74852, 91974, 81507, 9612, 46652, 75847, 96997, 25800, 22290, 94645, 90170, 19271, 63284, 91335, 42475, 92164, 37933, 25557, 30737, 32076, 7190, 86114, 67298, 49832, 60364, 37958, 40539, 74796, 54017, 16267, 13580, 74556, 20400, 34793, 19585, 77748, 76659, 21286, 2551, 47705, 7175, 4554, 71256, 30897, 76893, 61231, 80858, 31838, 14819, 75316, 5582, 35051, 84379, 85981, 64513, 93880, 49247, 66557, 55299, 47325, 68509, 12958, 43311, 85743, 20262, 38723]
Tree:
None

Fitness:
[0.033707865168539325, 0.4931690333432333]