Generation:
60

Phenotype:
def p():
  x = 0.0
  index = 10
  n = 20
  b = 16
  c = sum(main[-index:])
  if c > sum(opposite[:-index]):
    x = (x + 0.1)
  return x
XXX_output_XXX = p()

Genotype:
[65542, 91970, 44792, 8006, 61006, 14045, 61118, 65844, 28678, 38895, 28257, 15906, 92850, 7137, 82110, 41874, 44661, 98345, 93116, 72390, 58919, 37120, 50790, 40738, 72508, 7418, 21481, 33848, 25989, 48406, 40041, 27708, 53845, 15989, 91851, 63284, 91335, 42475, 2896, 37933, 25557, 57616, 32076, 7190, 86114, 5671, 49832, 60364, 30779, 40539, 74796, 94948, 25011, 12999, 10676, 96796, 12768, 10004, 21213, 54050, 55, 56969, 32914, 22906, 31568, 90589, 15543, 40327, 30440, 60471, 73349, 8426, 8105, 44111, 17129, 71307, 37074, 80242, 61020, 72416, 81249, 42308, 52186, 91238, 65979, 39840, 9674, 74965, 12005, 242, 84273, 74266, 44710, 93302, 9396, 18708, 68689, 55374, 93245, 92789, 96418, 74291, 88803, 64635, 39581, 14490, 1530, 22253, 99301, 65974, 51741, 20743, 79746, 9496, 46467, 2566, 38195, 42438, 86623, 14122, 78839, 5440, 99235, 80027, 48950, 10922, 81002, 14270, 96036, 91049, 12890, 50054, 31216, 61587, 93705, 18983, 79621, 17149, 83154, 6184, 89806, 79022, 59465, 99270, 96694, 51250, 30917, 71354, 25909, 87206, 61992, 48223, 32976, 67342, 78625, 38185, 48006, 581, 65333, 77728, 44032, 94586, 96348, 91436, 19276, 7681, 67229, 84820, 23057, 12958, 22888, 67457, 70108, 18924, 23591, 25790, 28439, 18535, 70448, 24457, 16496, 97675, 95538, 899, 83761, 34627, 28114, 91934, 96181, 57470, 73194, 2310, 11008, 7807, 11132, 93532, 44785, 62649, 97206, 46417, 96498, 86894, 98341, 79764, 81600, 31544, 12538, 99263, 39556, 69795, 60175, 14536, 260, 42324, 24925, 88990, 55888, 94985, 3491, 29364, 31026, 77845, 93865, 49988, 10292, 19171, 66120, 98228, 68515, 35861, 60761, 67895, 7491, 55556, 43419, 99500, 88457, 59706, 13118, 54172, 48762, 5712, 92260, 75780]
Tree:
None

Fitness:
[0.033707865168539325, 0.4931690333432333]