Generation:
60

Phenotype:
def p():
  x = 0.0
  index = 11
  n = 46
  b = 11
  c = main[b]
  if sum(opposite[-index:]) > sum(main[:-index]) + main[b]:
    x = (x + 0.2)
  return x
XXX_output_XXX = p()

Genotype:
[65542, 30645, 76604, 17095, 92882, 40645, 63490, 81812, 10160, 66612, 32338, 84964, 95886, 1620, 89839, 27164, 53664, 27374, 51015, 93837, 96746, 83581, 81640, 91636, 60072, 77256, 83151, 22078, 46652, 75847, 54532, 25800, 22290, 43963, 90170, 6009, 65680, 96069, 10236, 44881, 49832, 13308, 8071, 46962, 47319, 92544, 5738, 54061, 72823, 39171, 27163, 11070, 32563, 65664, 87548, 48887, 18128, 36414, 37705, 34859, 43682, 65156, 44482, 34542, 64895, 14137, 84234, 90281, 94811, 53408, 49902, 83204, 46869, 31926, 57338, 42044, 86028, 41758, 7068, 19427, 68546, 56507, 22910, 54342, 82412, 88443, 84975, 42657, 63671, 80290, 83166, 76150, 80481, 24940, 22409]
Tree:
None

Fitness:
[0.033707865168539325, 0.4931690333432333]