Generation:
60

Phenotype:
def p():
  x = 0.0
  index = 11
  n = 3
  b = 19
  c = sum(opposite[-index:])
  if main[31] < main[25] + 2:
    x = (x + 1.0)
  return x
XXX_output_XXX = p()

Genotype:
[99736, 91970, 44792, 82442, 92882, 76412, 60336, 27362, 37555, 49988, 6015, 73617, 99288, 2354, 2022, 97543, 16482, 12571, 3562, 51286, 52989, 7101, 13448, 92674, 18509, 16617, 98292, 83099, 72823, 55509, 31379, 19818, 59744, 84901, 26610, 38550, 22967, 94840, 11070, 87263, 65664, 87548, 34876, 46113, 36414, 37705, 34859, 43682, 65156, 44482, 34542, 64895, 14137, 84234, 90281, 41061, 53408, 49902, 83204, 46869, 31926, 57338, 42044, 86028, 41758, 7068, 19427, 68546, 56507, 22910, 54342, 82412, 88443, 84975, 42657, 63671, 80290, 83166, 76150, 80481, 24940, 22409]
Tree:
None

Fitness:
[0.07865168539325842, 0.48580582175970166]