Generation:
60

Phenotype:
def p():
  x = 0.0
  index = 11
  n = 31
  b = 0
  c = sum(opposite[:-index])
  if main[31] < main[25] + 2:
    x = 0.7
  return x
XXX_output_XXX = p()

Genotype:
[32783, 91970, 57832, 82442, 92882, 39024, 30682, 79310, 47073, 92136, 91680, 5483, 23801, 2354, 42858, 97543, 16482, 12571, 3562, 26610, 35256, 50776, 64436, 67834, 70020, 59329, 76050, 82106, 81024, 42881, 44589, 23271, 93404, 89280, 30726, 78497, 62867, 86427, 98844, 96243, 16789, 37309, 91000, 46895, 2802, 12908, 35231, 43831, 74691, 98755, 80806, 93722, 7845, 46016, 5671, 47937, 86599, 5454, 7696, 17867, 63872, 61421, 20110, 93400, 87952, 40397, 94444, 29388, 13275, 59176, 47778, 67578, 92164, 26526, 87759, 45409, 26449, 86653, 11436, 9831, 15684, 83040, 49251, 27162, 70895, 22826, 81272, 11240, 12879, 35358, 88817, 67565, 16600, 3513, 68905, 74427, 55693, 24529, 28058, 22533, 70786, 48776, 77973, 62070, 53096, 89277, 37705]
Tree:
None

Fitness:
[0.07865168539325842, 0.48580582175970166]