Generation:
60

Phenotype:
def p():
  x = 0.0
  index = 11
  n = 8
  b = 17
  c = main[7]
  if main[31] < main[25] + 2:
    x = 0.1
  return x
XXX_output_XXX = p()

Genotype:
[32783, 14998, 44792, 56783, 92882, 55532, 65594, 62491, 64583, 49988, 40756, 71506, 26527, 2354, 2022, 97543, 16482, 12571, 3562, 70380, 11180, 37067, 75314, 62044, 48480, 61062, 54125, 70089, 91729, 83160, 89155, 11268, 32715, 52616, 8886, 52965, 32986, 30283, 32873, 2414, 16729, 15999, 1181, 51632, 58162, 64050, 63217, 2687, 93314, 6132, 14170, 71660, 14148, 79086, 54793, 67764, 57097, 26981, 99102, 45535, 95459, 34118, 23247, 85935, 57316, 6240, 95153, 95173, 62834, 55308, 34842, 30741, 88851, 78004, 41339, 66028, 5291, 53744, 52746, 39450, 29977, 7173, 24776, 60986, 27771, 53902, 6482, 95342, 50778, 19841, 10439, 55176, 58289, 14046, 5953, 2930, 16273, 4553, 2752, 63169, 6912, 10908, 3961, 37537, 21876]
Tree:
None

Fitness:
[0.07865168539325842, 0.48580582175970166]