Generation:
60

Phenotype:
def p():
  x = 0.0
  index = 11
  n = 8
  b = 8
  c = sum(main[:-index])
  if main[31] < main[25] + 2:
    x = 0.1
  return x
XXX_output_XXX = p()

Genotype:
[61234, 55133, 44792, 82442, 92882, 22701, 94460, 75515, 72989, 87379, 91680, 71506, 26527, 2354, 2022, 97543, 16482, 12571, 3562, 70380, 11180, 3562, 67952, 35704, 92681, 92674, 86600, 1264, 98292, 83347, 98905, 55509, 31379, 19818, 59744, 513, 26610, 38550, 22967, 72162, 11070, 32563, 65664, 87548, 34876, 18128, 36414, 37705, 34859, 43682, 65156, 44482, 34542, 64895, 14137, 84234, 90281, 94811, 53408, 49902, 83204, 46869, 31926, 57338, 42044, 86028, 41758, 7068, 19427, 68546, 56507, 22910, 54342, 82412, 88443, 84975, 42657, 63671, 80290, 83166, 76150, 80481, 24940, 22409]
Tree:
None

Fitness:
[0.07865168539325842, 0.48580582175970166]