Generation:
60

Phenotype:
def p():
  x = 0.0
  index = 25
  n = 45
  b = 24
  c = main[44] - sum(main[:-index])
  if main[31] < main[25] + 2:
    x = (x + 0.9)
  return x
XXX_output_XXX = p()

Genotype:
[9663, 61848, 82300, 77539, 69232, 48749, 22332, 16617, 74637, 59731, 15398, 55509, 63562, 19818, 92660, 84901, 26610, 38550, 87983, 2354, 2022, 97543, 16482, 12571, 3562, 1011, 81378, 70677, 90481, 13074, 15112, 30901, 51298, 88357, 8086, 71436, 26691, 89493, 62716, 8741, 61234, 42106, 62470, 93019, 57034, 45139, 50184, 77035, 71474, 74084, 26046, 16850, 77560, 78656, 66536, 3154, 21509, 77652, 36554, 8158, 18743, 37383, 64443, 19308, 89717, 46031, 57274, 95018, 29223, 14071, 62535, 98690, 35298, 94601, 53229, 72539, 41772, 32069, 21974, 6223, 11415, 77021, 24772, 94223, 77213, 180, 94442, 24394, 33680, 54411, 94999, 63488, 4128, 94377]
Tree:
None

Fitness:
[0.07865168539325842, 0.48580582175970166]