Generation:
60

Phenotype:
def p():
  x = 0.0
  index = 25
  n = 5
  b = 15
  c = sum(opposite[:-index]) - sum(main[:-index])
  if main[31] < main[25] + 2:
    x = 0.9
  return x
XXX_output_XXX = p()

Genotype:
[98344, 35916, 79536, 83408, 69232, 10805, 39887, 69059, 98292, 59731, 10691, 55509, 6858, 70445, 95261, 84901, 26610, 38550, 40759, 2354, 2022, 97543, 16482, 12571, 3562, 90285, 30278, 67090, 2741, 16309, 43892, 23864, 86114, 72303, 85381, 17693, 81985, 37476, 94547, 35743, 64513, 31689, 74556, 48969, 19818, 59744, 84901, 26610, 62251, 97520, 21648, 47085, 40211, 57497, 87673, 9048, 96694, 49088, 77584, 81090, 75314, 65352, 8918, 81067, 58376, 80481, 37192, 67480, 23036, 80730, 53679, 44392, 59611, 72992, 52228, 22017, 94435, 1011, 53518, 67090, 90481, 13074, 15112, 30901, 51298, 88357, 8086, 84283, 26691, 89493, 62716, 30959, 61234, 42106, 12203, 93019, 69053, 45139, 50184, 77035, 71474, 74084, 43689, 16850, 77560, 78656, 66536, 3154, 28702, 31540, 3721, 8158, 23070, 37383, 64443, 19308, 89717, 21765, 57274, 95018, 29223, 14071, 61555, 98690, 54301, 94601, 53229, 72539, 41772, 32069, 21974, 6223, 15671, 77021, 24772, 94223, 77213, 180, 94442, 24394, 33680, 54411, 59313, 63488, 86670, 94377]
Tree:
None

Fitness:
[0.07865168539325842, 0.48580582175970166]