Generation:
60

Phenotype:
def p():
  x = 0.0
  index = 11
  n = 8
  b = 16
  c = sum(main[:-index])
  if main[31] < main[25] + 2:
    x = 0.1
  return x
XXX_output_XXX = p()

Genotype:
[32783, 93774, 44792, 82442, 92882, 56826, 94460, 62491, 22762, 49988, 91680, 71506, 26527, 2354, 2022, 97543, 16482, 12571, 3562, 70380, 11180, 12680, 39472, 4691, 55948, 58330, 93783, 13066, 58701, 56248, 38803, 40816, 47357, 66150, 48592, 83106, 50790, 45286, 14821, 60182, 60364, 37958, 40539, 74796, 54017, 16267, 13580, 74556, 20400, 34793, 19585, 77748, 76659, 21286, 2551, 47705, 7175, 4554, 71256, 30897, 76893, 61231, 80858, 31838, 14819, 75316, 5582, 35051, 84379, 85981, 64513, 93880, 49247, 66557, 55299, 47325, 68509, 12958, 43311, 85743, 20262, 38723]
Tree:
None

Fitness:
[0.07865168539325842, 0.48580582175970166]