Generation:
60

Phenotype:
def p():
  x = 0.0
  index = 1
  n = 16
  b = 30
  c = main[26]
  if opposite[43] < main[b] + 3:
    x = (x - 0.9)
  index = 9
  n = 3
  b = 38
  c = sum(opposite[:-index])
  if opposite[b] < opposite[b] + 6:
    x = (x * 0.3)
  return x
XXX_output_XXX = p()

Genotype:
[89490, 7354, 8653, 85949, 64465, 79648, 3076, 36553, 88617, 52420, 99928, 87282, 7115, 63284, 91335, 42475, 99440, 37933, 25557, 24728, 49988, 17604, 91095, 77534, 14181, 25697, 48794, 15923, 37440, 39653, 52371, 63284, 32409, 13677, 93516, 37933, 91762, 85233, 18874, 14402, 83505, 53643, 54532, 25800, 38210, 92920, 76818, 82442, 92882, 64436, 38012, 47073, 49988, 91680, 71506, 69256, 2354, 2022, 97543, 16482, 12571, 3562, 1011, 81378, 67090, 90481, 13074, 15112, 30901, 51298, 88357, 8086, 71436, 26691, 89493, 62716, 8741, 61234, 42106, 62470, 93019, 57034, 45139, 50184, 77035, 71474, 74084, 26046, 16850, 77560, 78656, 66536, 3154, 21509, 77652, 36554, 8158, 18743, 37383, 64443, 19308, 89717, 46031, 57274, 95018, 29223, 14071, 62535, 98690, 35298, 94601, 53229, 72539, 41772, 32069, 21974, 6223, 11415, 77021, 24772, 94223, 77213, 180, 94442, 24394, 33680, 54411, 94999, 63488, 4128, 94377]
Tree:
None

Fitness:
[0.016853932584269662, 0.5005756184774266]