Generation:
60

Phenotype:
def p():
  x = 0.0
  index = 2
  n = 17
  b = 3
  c = sum(opposite[:-index]) - sum(main[:-index]) * opposite[b] + sum(main[-index:])
  if main[31] < main[25] + 2:
    x = (x + 0.9)
  return x
XXX_output_XXX = p()

Genotype:
[89337, 74734, 15996, 61468, 83285, 98986, 57800, 60301, 74769, 15989, 82121, 57000, 98292, 59731, 72823, 55509, 31379, 62165, 59744, 44116, 26610, 38550, 22967, 49406, 5998, 47073, 49988, 91680, 71506, 69256, 2354, 64458, 97543, 16482, 12571, 3562, 1011, 81378, 67090, 90481, 2104, 15112, 30901, 51298, 88357, 8086, 71436, 26691, 89493, 62716, 8741, 61234, 13538, 62470, 77988, 57034, 47340, 50184, 77035, 71474, 74084, 26046, 16850, 77560, 78656, 66536, 3154, 21509, 77652, 83319, 11896, 18743, 37383, 64443, 19308, 89717, 46031, 57274, 95018, 29223, 45806, 62535, 98690, 35298, 94601, 53229, 72539, 41772, 32069, 21974, 6223, 71294, 77021, 55653, 94223, 43482, 180, 43412, 24394, 33680, 54411, 94999, 63488, 41397, 94377]
Tree:
None

Fitness:
[0.07865168539325842, 0.48580582175970166]