Generation:
60

Phenotype:
def p():
  x = 0.0
  index = 11
  n = 3
  b = 0
  c = sum(opposite[:-index])
  if main[31] < main[25] + 2:
    x = (x + 1.0)
  return x
XXX_output_XXX = p()

Genotype:
[99736, 91970, 44792, 82442, 92882, 21257, 60336, 77923, 47073, 49988, 6015, 73617, 82669, 2354, 2022, 97543, 16482, 12571, 3562, 51286, 52989, 7101, 72823, 55509, 31379, 19818, 59744, 84901, 7960, 96310, 75996, 86893, 3363, 87509, 63284, 91335, 42475, 92164, 37933, 59672, 6009, 65680, 83554, 10236, 9507, 49832, 13308, 8071, 46962, 47319, 92544, 53224, 54061, 72823, 55509, 64436, 11070, 32563, 65664, 87548, 48887, 18128, 36414, 37705, 34859, 43682, 65156, 44482, 34542, 64895, 14137, 84234, 90281, 94811, 53408, 49902, 83204, 46869, 31926, 57338, 42044, 86028, 41758, 7068, 19427, 68546, 56507, 22910, 54342, 82412, 88443, 84975, 42657, 63671, 80290, 83166, 76150, 80481, 24940, 22409]
Tree:
None

Fitness:
[0.07865168539325842, 0.48580582175970166]