Generation:
60

Phenotype:
def p():
  x = 0.0
  index = 15
  n = 2
  b = 24
  c = main[49] - sum(main[-index:])
  if main[31] < main[25] + 2:
    x = (x + 0.9)
  return x
XXX_output_XXX = p()

Genotype:
[17004, 61848, 82300, 77539, 3585, 92674, 72830, 16617, 74637, 55736, 15398, 55509, 63562, 19818, 1885, 84901, 26610, 38550, 95686, 2354, 2022, 97543, 16482, 12571, 3562, 1011, 81378, 67090, 51737, 79536, 93636, 13448, 41522, 77898, 86649, 98292, 83099, 78190, 55509, 31379, 19818, 59744, 84901, 26610, 12856, 65221, 84295, 80709, 85147, 91009, 14875, 46424, 44808, 92100, 43589, 42232, 12913, 20056, 63949, 92224, 46621, 44264, 65283, 6113, 73813, 85192, 78081, 10273, 27803, 53728, 55703, 78469, 5911, 74771, 42700, 29841, 21073, 50165, 66035, 38158, 3759, 7047, 97315, 95032, 71143, 60131, 86633, 65694, 31220, 7539, 584, 21058, 13255, 28994, 40097, 94914, 76155, 15781, 50414, 21412, 32334, 82527, 20931, 78846, 75481, 52745, 81947, 9988, 96391, 76936, 19292, 92473, 4204, 48319, 26651, 24007, 13050, 56023, 15953, 72886, 44684, 57695, 2651, 24773, 33032, 66636, 87729, 41319, 26613, 15370, 26299, 65114, 12706, 64142, 73476, 30239, 15982, 5482, 77786, 28745, 74596, 57443, 60239, 365, 54223, 38679, 68864, 21682, 85194, 67828, 64219, 93511, 52912, 65020, 63397, 52554, 83993, 13430, 76607, 29209, 31749, 71096, 72001, 59419, 15401, 19925, 68226, 51291, 59189, 96709, 2201, 41907, 85443, 59252, 54806, 3851, 21868, 63422, 66201, 18049, 21155, 70173, 10612, 92639, 40888, 77536, 87240, 88081, 57695, 14516, 23676, 53058, 83559, 94917, 13694, 29536, 66819, 19683, 42614, 79016, 1714, 14230, 8769, 95659, 99594, 46653, 1710, 6017, 50717, 59095, 57114, 13002, 66356, 65109, 59555, 42204, 89595, 98123, 3848, 40926, 95645, 99449, 8308, 55205, 17543, 53214, 2852, 52862, 50115, 38514, 24616, 48070, 79690, 95414, 55036, 34034, 8521, 10340, 93895, 93849, 77337, 57535, 69810, 57785, 65728, 78353, 57461, 32793, 13416, 65078, 39909, 54380, 39499, 96931, 52292, 45777, 2340, 9158, 84795, 79427, 51564, 28176, 60806, 84502, 97477, 27508, 65064, 65635, 96522, 98551, 11280, 39513, 32889, 95086, 324, 4788, 82354, 17597, 76317, 70424, 46849, 9241, 14179, 43510, 79778, 28510, 82882, 93066, 89066, 66640, 99686, 29034, 96977, 17592, 15701, 91524, 61993, 49834, 85442, 58177, 44170, 38345, 97794, 55064, 18763, 46234, 23669, 74921, 77281, 57687, 69742, 36804, 50242, 24567, 52795, 13780, 53993, 50198, 19973, 95162, 44005, 12719]
Tree:
None

Fitness:
[0.07865168539325842, 0.48580582175970166]