Generation:
60

Phenotype:
def p():
  x = 0.0
  index = 11
  n = 8
  b = 0
  c = sum(main[-index:])
  if main[31] < main[25] + 2:
    x = (x + 0.8)
  return x
XXX_output_XXX = p()

Genotype:
[65542, 91970, 62500, 81928, 92882, 74960, 94460, 47264, 47073, 49988, 91680, 5606, 69320, 2354, 2022, 97543, 16482, 12571, 3562, 1011, 92097, 7011, 69468, 89685, 60974, 15621, 91974, 99559, 24128, 38652, 82735, 54532, 25800, 22290, 21763, 12412, 1140, 76645, 94226, 54847, 7276, 57854, 57113, 6040, 85424, 75598, 68487, 33169, 68710, 63561, 40445, 1628, 70722, 88797, 28165, 93400, 26433, 97822, 27512, 68311, 44648, 16018, 92545, 78871, 64509, 64485, 18897, 19829, 89738, 95345, 89104, 77306, 56505, 82768, 88241, 18004, 9482, 20897, 68925, 83369, 9391, 68393, 21522, 53472, 74927, 68609, 87288, 64735, 77651, 94452, 66862, 82110, 44115, 15480, 20119, 50027, 96741, 62370, 71058, 12736, 10348, 35951, 7540, 94331, 42276, 23680, 65810, 58026, 96585, 67689, 82643, 20745, 31458, 69757, 17899, 59704, 5040, 90940, 20720, 62967, 37385, 86202, 50520, 42666, 18735, 85283, 52345, 75956, 91493, 40624, 50751, 74016, 55519, 37745, 87762, 78570, 14661, 49834, 92312, 73438, 4061, 4746, 89571, 80978, 53240, 5982, 38162, 59408, 32689, 1250, 90307, 2067, 93795, 51819, 60912, 76802, 31117, 72043, 11283, 42952, 95456, 30344, 63535, 52887, 51548, 43887, 21226, 67631, 3933, 59256, 59137, 42852, 43851, 33771, 99771, 69711, 62544, 42989, 94690, 75282, 67720, 30151, 89988, 5341, 38620, 76825, 50869, 22649, 78906, 96191, 42150, 87034, 78434, 92784, 19135, 5263, 58660, 80469, 84160, 35757, 82899, 15933, 66933, 66897, 40909, 36062, 90790, 32230, 37605, 8184, 23956, 69890, 42020, 18771, 42920, 97867, 24762, 79939, 49395, 23715, 30630, 82026, 28419, 61935, 73089, 92592, 91653, 66509, 51747, 39452, 62339, 76798, 57668, 16167, 56597, 9244, 79486, 19144, 74356, 7616, 31170, 33507, 95223, 69376, 39452, 48237, 84702, 95796, 31462]
Tree:
None

Fitness:
[0.07865168539325842, 0.48580582175970166]