Generation:
60

Phenotype:
def p():
  x = 0.0
  index = 49
  n = 14
  b = 37
  c = sum(main[:-index])
  if main[31] < main[25] + 2:
    x = 0.3
  return x
XXX_output_XXX = p()

Genotype:
[32783, 28985, 77272, 82442, 95266, 39024, 61265, 38012, 83830, 6460, 91680, 71506, 80953, 43404, 2022, 97543, 16482, 12571, 13182, 30965, 9822, 37933, 25557, 9615, 32076, 7190, 537, 10944, 31889, 90567, 67374, 37354, 89926, 47758, 68009, 56261, 60384, 89468, 97033, 80688, 1933, 41872, 47827, 85520, 13054, 19818, 59744, 84901, 26610, 75840, 61924, 12205, 56261, 88820, 99996, 40573, 80688, 1933, 41872, 77259, 85520, 10004, 68076, 52506, 41997, 64686, 32914, 10939, 11525, 85321, 41572, 27723, 30821, 61912, 47251, 13276, 19399, 73917, 19840, 15867, 41001, 99607, 45364, 17837, 33168, 57903, 32734, 11983, 99977]
Tree:
None

Fitness:
[0.07865168539325842, 0.48580582175970166]