Generation:
60

Phenotype:
def p():
  x = 0.0
  index = 35
  n = 31
  b = 38
  c = sum(opposite[-index:])
  if main[31] < main[25] + 2:
    x = (x + 0.7)
  return x
XXX_output_XXX = p()

Genotype:
[98156, 26504, 79536, 88491, 13448, 92674, 85609, 33518, 95153, 96430, 91653, 4683, 95686, 49849, 2022, 97543, 16482, 12571, 3562, 1011, 2896, 37933, 44512, 57616, 32076, 7190, 86114, 47680, 49832, 60364, 86026, 40539, 58779, 94948, 25011, 12999, 93710, 96796, 12768, 10004, 21213, 54050, 18652, 42940, 53819, 65257, 36560, 15260, 98292, 59731, 61324, 21737, 31379, 19818, 59744, 84901, 26610, 35256, 81686, 23587, 60301, 88617, 81382, 37440, 39653, 91851, 63284, 91335, 42475, 93516, 37933, 25557, 10809, 32076, 7190, 23954, 90250, 21688, 26818, 37958, 23736, 74796, 54017, 68009, 45103, 2852, 95648, 86647, 39057, 45607, 84901, 26610, 38550, 22967, 64436, 38012, 47073, 49988, 91680, 71506, 69256, 2354, 2022, 97543, 16482, 12571, 3562, 1011, 81378, 67090, 90481, 13074, 15112, 30901, 51298, 88357, 8086, 71436, 26691, 89493, 62716, 8741, 61234, 42106, 62470, 93019, 57034, 45139, 50184, 77035, 71474, 74084, 26046, 16850, 77560, 78656, 66536, 3154, 21509, 77652, 36554, 8158, 18743, 37383, 64443, 19308, 89717, 46031, 57274, 95018, 29223, 14071, 62535, 98690, 35298, 94601, 53229, 72539, 41772, 32069, 21974, 6223, 11415, 77021, 24772, 94223, 77213, 180, 94442, 24394, 33680, 54411, 94999, 63488, 4128, 94377]
Tree:
None

Fitness:
[0.07865168539325842, 0.48580582175970166]