Generation:
60

Phenotype:
def p():
  x = 0.0
  index = 29
  n = 22
  b = 30
  c = sum(main[-index:])
  if opposite[43] < main[b] + 3:
    x = (x - 1.0)
  index = 18
  n = 6
  b = 5
  c = sum(opposite[-index:])
  if main[39] < opposite[b] + 7:
    x = (x + 0.2)
  return x
XXX_output_XXX = p()

Genotype:
[87334, 96183, 94341, 27738, 34454, 54911, 37711, 58361, 87699, 58219, 16467, 91274, 40582, 63284, 91335, 42475, 87444, 37933, 59672, 64579, 65680, 54760, 45153, 14665, 29790, 93599, 50597, 52630, 67233, 86607, 65086, 34279, 97846, 64911, 14733, 89757, 87551, 97291, 20584, 98292, 41748, 48592, 55509, 31379, 19818, 59744, 72025, 26610, 52660, 94958, 91335, 7674, 92164, 37933, 69696, 27436, 40852, 344, 58772, 78244, 26359, 10985, 11073, 35470, 25150, 97520, 9349, 72022, 23543, 96964, 87673, 43252, 50680, 53920, 88275, 98845, 65025, 37110, 41345, 5398, 11117, 25869, 58552, 64043, 4789, 64024, 70742, 46768, 71494, 81093, 85696, 91969, 91680, 38042, 69256, 34317, 2022, 76249, 40539, 26253, 47344, 35587, 16821, 36816, 13580, 79277, 20400, 34793, 19585, 77748, 76659, 21286, 29831, 71848, 7175, 4554, 71256, 11992, 76893, 92463, 80858, 31838, 14819, 75316, 5582, 35051, 84379, 85981, 64513, 93880, 49247, 66557, 55299, 47325, 68509, 12958, 43311, 85743, 20262, 38723]
Tree:
None

Fitness:
[0.016853932584269662, 0.5005756184774266]