Generation:
60

Phenotype:
def p():
  x = 0.0
  index = 40
  n = 50
  b = 30
  c = opposite[44]
  if opposite[43] < main[b] + 3:
    x = (x - 1.0)
  index = 36
  n = 48
  b = 11
  c = sum(main[:-index])
  if c > sum(main[:-index]):
    x = (x + 0.1)
  return x
XXX_output_XXX = p()

Genotype:
[33356, 69115, 53145, 27738, 19879, 3077, 89606, 36918, 87699, 80418, 86893, 33495, 87509, 63284, 91335, 42475, 20612, 98803, 59672, 8669, 65680, 63251, 10236, 58938, 50028, 25056, 40709, 38895, 4692, 15906, 27015, 7137, 64570, 41874, 65286, 11907, 93116, 71110, 94481, 59717, 52617, 10030, 86465, 54712, 60172, 66297, 32869, 3214, 82558, 84865, 41633, 98541, 43252, 86860, 59343, 32802, 47684, 70757, 50077, 29096, 32434, 62169, 56952, 91230, 87792, 3976, 84199, 34748, 45980, 9003, 71133, 7647, 1682, 8338, 3285, 75250, 50671, 63847, 17623, 15007, 38281, 81190, 58510, 26831, 1444, 16911, 83907, 52576, 81675, 88248, 61241, 2299, 6397, 30847, 47962, 68490, 39832, 70433, 53276, 85478, 79741, 85176, 500, 17361, 12758, 60083, 12879, 23595, 16517, 98231, 24038, 76337, 82326, 95586, 91459, 97337, 45063, 20424, 54345, 22360, 71293, 7695, 30877, 94492, 59368, 32758, 53153, 11379, 54278, 47432, 31264]
Tree:
None

Fitness:
[0.016853932584269662, 0.5005756184774266]