Generation:
60

Phenotype:
def p():
  x = 0.0
  index = 15
  n = 26
  b = 15
  c = opposite[b]
  if main[23] < opposite[b] + 0:
    x = 0.5
  return x
XXX_output_XXX = p()

Genotype:
[12712, 41006, 76176, 41820, 66009, 25772, 25322, 33771, 98292, 82741, 48592, 1321, 31379, 19818, 96719, 84901, 38550, 84960, 91744, 41748, 24416, 56230, 2888, 45691, 33230, 86580, 73530, 60125, 90841, 14366, 50446, 71482, 61595, 46291, 78244, 9932, 17756, 34250, 44823, 62251, 97520, 21648, 47085, 98006, 96964, 64599, 43252, 96694, 49088, 47532, 62962, 75314, 65352, 8918, 81067, 98470, 60058, 37192, 11545, 23036, 80730, 81298, 76637, 59611, 72992, 52228, 26583, 94435, 87482, 83810, 67090, 90481, 88746, 15112, 30901, 51298, 88357, 8086, 84283, 26691, 61352, 54138, 39134, 58266, 15668, 21066, 3665, 75840, 64740, 17146, 54715, 88820, 57900, 80619, 61672, 1933, 41872, 68627, 70934, 17287, 9637, 19485, 22056, 81477, 6674, 28537, 36178, 52239, 9673, 23192, 78271, 32679, 37760, 89164, 81437, 72840, 29047, 2643, 38382, 76247, 34597, 76569, 58075, 52032, 30298]
Tree:
None

Fitness:
[0.43820224719101125, 0.469559118884697]