Generation:
60

Phenotype:
def p():
  x = 0.0
  index = 48
  n = 47
  b = 15
  c = sum(opposite[:-index])
  if main[23] < opposite[b] + 0:
    x = 0.6
  return x
XXX_output_XXX = p()

Genotype:
[94544, 41006, 76176, 75953, 89757, 23598, 4688, 72656, 98292, 41748, 36021, 72823, 55509, 31379, 19818, 59744, 84901, 26610, 38550, 8865, 94840, 62903, 70892, 50270, 65633, 68009, 18468, 2852, 93788, 2728, 64381, 76176, 88489, 29701, 52050, 54580, 18606, 69548, 82994, 25915, 79275, 80194, 52931, 7137, 65379, 60567, 28296, 86967, 19189, 57851, 49202, 2354, 2022, 76249, 40539, 26253, 47344, 35587, 95578, 16267, 53902, 6482, 95342, 50778, 19841, 10439, 55176, 58289, 14046, 5953, 2930, 16273, 4553, 2752, 63169, 6912, 10908, 3961, 37537, 21876]
Tree:
None

Fitness:
[0.43820224719101125, 0.469559118884697]