Generation:
60

Phenotype:
def p():
  x = 0.0
  index = 32
  n = 46
  b = 15
  c = sum(opposite[:-index]) + opposite[21]
  if main[23] < opposite[b] + 0:
    x = (x + 0.6)
  return x
XXX_output_XXX = p()

Genotype:
[38604, 42253, 64720, 32814, 42209, 92674, 45334, 39781, 98292, 18762, 32654, 71178, 96870, 12813, 75355, 98292, 59731, 72823, 55509, 31379, 19818, 59744, 84901, 26610, 83526, 88265, 12264, 88095, 72614, 29179, 46257, 40022, 53563, 60406, 44809, 19752, 38803, 40816, 47357, 41748, 92882, 80993, 94460, 62491, 72989, 49988, 91680, 71506, 26527, 2354, 2022, 97543, 16482, 12571, 3562, 70380, 11180, 3562, 73613, 15311, 44893, 6605, 43611, 89612, 64557, 60301, 88617, 96494, 37440, 39653, 4407, 39029, 91335, 42475, 20960, 37933, 25557, 10809, 32076, 34177, 28510, 45765, 32876, 26818, 37958, 94855, 82509, 47758, 68009, 410, 99200, 95648, 9612, 60358, 75847, 96997, 25800, 22290, 94645, 90170, 19271, 63284, 91335, 42475, 92164, 37933, 25557, 30737, 32076, 7190, 86114, 67298, 49832, 60364, 37958, 40539, 74796, 54017, 16267, 13580, 74556, 20400, 34793, 19585, 77748, 76659, 21286, 2551, 47705, 7175, 4554, 71256, 30897, 76893, 61231, 80858, 31838, 14819, 75316, 5582, 35051, 84379, 85981, 64513, 93880, 49247, 66557, 55299, 47325, 68509, 12958, 43311, 85743, 20262, 38723]
Tree:
None

Fitness:
[0.43820224719101125, 0.469559118884697]