Generation:
60

Phenotype:
def p():
  x = 0.0
  index = 35
  n = 45
  b = 15
  c = opposite[b]
  if main[23] < opposite[b] + 0:
    x = (x + 0.7)
  return x
XXX_output_XXX = p()

Genotype:
[98344, 61848, 64004, 61516, 13448, 92674, 22332, 16617, 98292, 77109, 24598, 55509, 31379, 19818, 59744, 84901, 26610, 35256, 89506, 23587, 60301, 88617, 81382, 37440, 39653, 91851, 63284, 91335, 42475, 93516, 37933, 25557, 10809, 32076, 7190, 23954, 90250, 21688, 26818, 37958, 23736, 74796, 54017, 68009, 45103, 2852, 95648, 86647, 39057, 45607, 84901, 26610, 38550, 22967, 64436, 38012, 47073, 49988, 91680, 71506, 69256, 2354, 2022, 97543, 16482, 12571, 3562, 1011, 81378, 67090, 90481, 13074, 15112, 30901, 51298, 88357, 8086, 71436, 26691, 89493, 62716, 8741, 61234, 42106, 62470, 93019, 57034, 45139, 50184, 77035, 71474, 74084, 26046, 16850, 77560, 78656, 66536, 3154, 21509, 77652, 36554, 8158, 18743, 37383, 64443, 19308, 89717, 46031, 57274, 95018, 29223, 14071, 62535, 98690, 35298, 94601, 53229, 72539, 41772, 32069, 21974, 6223, 11415, 77021, 24772, 94223, 77213, 180, 94442, 24394, 33680, 54411, 94999, 63488, 4128, 94377]
Tree:
None

Fitness:
[0.43820224719101125, 0.469559118884697]