Generation:
60

Phenotype:
def p():
  x = 0.0
  index = 47
  n = 14
  b = 15
  c = opposite[b]
  if main[23] < opposite[b] + 0:
    x = 0.8
  return x
XXX_output_XXX = p()

Genotype:
[98344, 61848, 79536, 15099, 82004, 79546, 40151, 18529, 98292, 41748, 72823, 55509, 31379, 19818, 59744, 73049, 26610, 49360, 39447, 70874, 38012, 16709, 49988, 28257, 88760, 84472, 7137, 64570, 60567, 60585, 98345, 86335, 29380, 10193, 64790, 78109, 50489, 16761, 73052, 54021, 69794, 85304, 30028, 99966, 74423, 11320, 33832, 23207, 10900, 38412, 16906, 77600, 2149, 10487, 66620, 16892, 46368, 62679, 1823, 32134, 45167, 63942, 94681, 85527, 84844, 48480, 61062, 54125, 70089, 78576, 83160, 98508, 74316, 38570, 52616, 8886, 52965, 32986, 4360, 67039, 41522, 16729, 27618, 1181, 51632, 58162, 29747, 9547, 35076, 79083, 6132, 14170, 66620, 16892, 46368, 62679, 15575, 32134, 45167, 63942, 94681, 36156, 94508, 48480, 61062, 54125, 70089, 91729, 78727, 98508, 11268, 63696, 52616, 8886, 52965, 32986, 4360, 67039, 2414, 16729, 27618, 1181, 51632, 58162, 55743, 9547, 35076, 79083, 6132, 14170, 71660, 14148, 79086, 54793, 67764, 57097, 26981, 99102, 45535, 95459, 34118, 23247, 85935, 25527, 87452, 99811, 48135, 72801, 58648, 68829, 56602, 49983, 91621, 49095, 87246, 58208, 69983, 7495, 93564, 76663, 16629, 57551, 15494, 65154, 19031, 54308, 1280, 12778, 10999, 11519]
Tree:
None

Fitness:
[0.43820224719101125, 0.469559118884697]