Generation:
60

Phenotype:
def p():
  x = 0.0
  index = 35
  n = 21
  b = 15
  c = opposite[b]
  if main[23] < opposite[b] + 0:
    x = (x + 0.2)
  return x
XXX_output_XXX = p()

Genotype:
[50070, 51737, 79536, 93636, 13448, 41522, 77898, 86649, 98292, 83099, 78190, 55509, 31379, 19818, 59744, 84901, 26610, 12856, 65221, 98940, 37933, 25557, 10809, 90374, 7190, 28510, 7972, 32876, 54968, 37958, 16694, 74216, 47758, 19818, 59744, 84901, 85260, 59891, 39492, 50756, 74685, 44940, 4684, 84621, 26379, 67839, 22768, 17260, 51400, 65790, 2931, 63174, 6693, 86865, 43300, 14880, 16306, 2195, 20575, 56303, 10026, 58746, 77064, 53713, 72985, 21464, 89035, 9907, 86677, 57212, 10958, 25609, 94226, 54847, 7276, 16164, 54520, 89415]
Tree:
None

Fitness:
[0.43820224719101125, 0.469559118884697]