Generation:
60

Phenotype:
def p():
  x = 0.0
  index = 1
  n = 16
  b = 30
  c = sum(opposite[:-index])
  if opposite[43] < main[b] + 3:
    x = (x - 0.3)
  index = 12
  n = 4
  b = 9
  c = opposite[47]
  if main[20] < main[b] + 7:
    x = (x * 1.0)
  return x
XXX_output_XXX = p()

Genotype:
[31446, 7354, 8653, 22851, 64465, 49157, 3076, 96133, 88617, 41493, 49242, 66515, 7115, 63284, 18463, 42475, 76984, 37933, 25557, 14392, 49988, 32260, 3786, 14418, 37999, 65979, 39840, 24154, 74965, 63535, 5453, 39429, 74266, 92840, 15724, 41047, 18708, 68689, 55374, 36542, 92789, 96418, 74291, 46260, 58578, 92280, 32023, 70074, 1751, 71210, 19137, 38889, 98829, 98904, 96965, 23867, 22224, 30177, 65877, 15169, 99648, 7743, 43381, 3329, 27286, 64413, 42, 43360, 26392, 84331, 49604, 4502, 79903, 65989, 25060, 68736, 57541, 14574, 6360, 33114, 35441, 89422, 11927, 52762, 88899, 24458, 67620, 58026, 73772, 76188, 16201, 8036, 84420, 60247, 15645, 32559, 64252, 46584, 64752, 58611, 33928, 19899, 97817, 44218, 28926, 98927, 27233, 44884, 80832, 46212, 75340, 48988, 31352, 53364, 76033, 85358, 21966, 56694, 94722, 75422, 68290, 4218, 43245, 44753, 73965, 9248, 30670, 25352, 82510, 12917, 89049, 67097, 20962, 88712, 68957, 95746, 95982, 38030, 22091, 30500, 12891, 64519, 92125, 709, 29799, 1804, 85210, 8960, 16729, 81912, 50458, 84514, 4367, 67871, 92664, 94239, 55643, 77356, 8529, 71838, 78124, 77617, 25945, 8582, 2800, 54772, 58440, 88474, 49638, 46070, 11607, 13016, 80611, 33581, 33184, 26747, 5565, 40640, 82718, 54772, 59277, 64342, 13768, 90607, 32677, 75384, 72129, 88272, 56875, 79199, 60242, 3977, 87580, 46875, 47769, 94861, 77855, 41561, 31749, 86682, 56501, 10136, 5645, 75595, 51882, 50309, 17206, 88296, 89646, 47372, 90848, 58413, 38017, 76719, 22103, 83388, 69010, 34313, 13814, 6043, 42965, 51284, 45142, 89485, 73035, 51742, 3755, 43816, 63901, 75278, 59285, 56891, 24094, 67289, 46684, 93328, 29619, 56155, 79891, 59109, 55407, 20341, 17221, 8372, 96543, 48502, 54216, 93272, 23422, 51761, 56632, 57929, 53142, 80974, 84911, 70610, 96506, 48893, 47564, 21302, 7554, 65982, 13502, 49813, 14825, 98075, 37591, 18330, 97813, 37648, 63109, 84443, 70818, 98541, 10079]
Tree:
None

Fitness:
[0.016853932584269662, 0.5005756184774266]