Generation:
60

Phenotype:
def p():
  x = 0.0
  index = 35
  n = 48
  b = 15
  c = opposite[b]
  if main[23] < opposite[b] + 0:
    x = (x + 0.1)
  return x
XXX_output_XXX = p()

Genotype:
[35422, 36800, 82596, 3210, 13448, 7010, 67878, 90777, 98292, 4926, 35422, 55509, 31379, 19818, 59744, 85677, 85260, 59891, 17000, 58360, 53507, 2309, 82717, 42475, 6794, 37933, 25557, 58532, 79845, 94881, 23429, 90588, 80194, 92850, 74810, 53205, 60567, 21516, 38839, 71087, 16456, 42177, 34660, 46770, 37440, 95305, 91851, 63284, 91335, 42475, 92164, 37933, 25557, 30737, 32076, 7190, 86114, 90250, 49832, 60364, 37958, 40539, 74796, 54017, 99996, 45103, 49811, 4680, 41872, 91990, 1604, 10004, 77908, 52506, 91944, 60177, 32914, 22906, 60443, 2537, 66073, 40327, 30440, 63830, 40129, 90058, 57942, 20479, 75252, 46180, 32338, 95563, 93116, 92683, 63378, 44940, 94443, 51578, 77958, 67839, 68036, 17260, 85230, 79551, 72591, 63174, 895, 27767, 92890, 73787, 75847, 54532, 25800, 22290, 21763, 12412, 20405, 13788, 58906, 14772, 90292, 99420, 89105, 59896, 90007, 77545, 58236, 93669, 41060, 31476, 37488, 95839, 71190, 33146, 70268, 83648, 27674, 5017, 99615, 62466, 67552, 20233, 77196, 69095, 27783, 44656, 82978, 90954, 6107, 3427, 2533, 94897, 83845, 48604, 11462, 55135, 432, 24288, 347, 42346, 92103, 7158, 95109, 84435, 65700, 59278, 8048, 13285, 22915, 63460, 70685, 19948, 26154, 99950, 79166, 75318, 32537, 56753, 36358, 71670, 93409, 6677, 38498, 24994, 74351, 15104, 43897, 58530]
Tree:
None

Fitness:
[0.43820224719101125, 0.469559118884697]