Generation:
60

Phenotype:
def p():
  x = 0.0
  index = 29
  n = 9
  b = 30
  c = opposite[44]
  if opposite[43] < main[b] + 3:
    x = (x - 0.2)
  index = 36
  n = 4
  b = 8
  c = sum(main[-index:])
  if sum(opposite[:-index]) < sum(main[:-index]) / sum(opposite[-index:]) - sum(opposite[:-index]):
    x = (x - 0.5)
  return x
XXX_output_XXX = p()

Genotype:
[87334, 23993, 94341, 27738, 34454, 74185, 31068, 58361, 87699, 58219, 86893, 8251, 87509, 63284, 91335, 42475, 47852, 37933, 59672, 30821, 65680, 19277, 10236, 53519, 10051, 93599, 58709, 52630, 67233, 8182, 12236, 78256, 98292, 59731, 72823, 55509, 31379, 19818, 59744, 94122, 26610, 96636, 54549, 1199, 33216, 32563, 59744, 84901, 26610, 90633, 48191, 81162, 83864, 3405, 8841, 72180, 69924, 4669, 9997, 35834, 62323, 17989, 15985, 36650, 88415, 23226, 89704, 55638, 54904, 6969, 55861, 8948, 30776, 86760, 96860, 33385, 99514, 97721, 82318, 384, 56695, 83500, 61010, 24358, 15056, 76055, 3089, 62361, 40361, 39155, 89828, 82417, 20512, 9333, 45786, 49461, 48206, 98372, 20646, 50475, 45445, 65307, 85744, 40035, 10304, 60314, 21141, 24952, 71958, 71133, 16205, 15066, 31923, 74190, 8297, 18511, 21081, 27086, 2767, 40151, 16382, 57664, 13677, 83254, 79425, 98141, 78333, 55448, 46635, 23821, 28597, 89878, 11063, 54337, 96409, 14976, 1959, 11616, 4705, 99827, 8752, 99555, 60485, 19519, 66183, 82710, 36905, 2208, 83919, 64173, 68127, 12468, 1459, 83473, 3699, 92152, 25249, 47972, 8636, 22780, 27567, 73125, 58889, 91678, 90413, 37085, 54150, 26870, 64251, 58770, 9336, 54817, 1273, 44840, 15611, 71837, 38733, 29258, 49461, 10029, 68930, 69873, 26725, 2102, 78694, 10527, 46028, 31671, 28003, 55641, 18498, 94177, 11677, 25814, 53765, 14105, 53484, 90143, 93003, 40338, 8027, 9367]
Tree:
None

Fitness:
[0.016853932584269662, 0.5005756184774266]