Generation:
60

Phenotype:
def p():
  x = 0.0
  index = 45
  n = 45
  b = 15
  c = opposite[b]
  if main[23] < opposite[b] + 0:
    x = 0.3
  return x
XXX_output_XXX = p()

Genotype:
[97161, 61848, 79536, 77539, 48954, 92674, 22332, 57000, 98292, 59731, 72823, 55509, 31379, 19818, 59744, 84901, 26610, 38550, 2572, 96656, 38012, 47073, 49988, 91680, 71506, 69256, 2354, 2022, 97543, 16482, 12571, 3562, 1011, 81378, 67090, 90481, 13074, 15112, 30901, 51298, 88357, 8086, 71436, 26691, 89493, 62716, 8741, 61234, 42106, 62470, 93019, 57034, 45139, 50184, 77035, 71474, 74084, 26046, 16850, 77560, 78656, 66536, 3154, 21509, 77652, 36554, 8158, 18743, 37383, 64443, 19308, 89717, 46031, 57274, 95018, 29223, 14071, 62535, 98690, 35298, 94601, 53229, 72539, 41772, 32069, 21974, 6223, 11415, 77021, 24772, 94223, 77213, 180, 94442, 24394, 33680, 54411, 94999, 63488, 4128, 94377]
Tree:
None

Fitness:
[0.43820224719101125, 0.469559118884697]