Generation:
60

Phenotype:
def p():
  x = 0.0
  index = 9
  n = 26
  b = 15
  c = opposite[b]
  if main[23] < opposite[b] + 0:
    x = 0.8
  index = 23
  n = 32
  b = 39
  c = main[30] - main[19]
  if c > sum(opposite[-index:]):
    x = 0.6
  return x
XXX_output_XXX = p()

Genotype:
[98344, 99380, 93465, 20719, 10821, 45005, 15428, 26526, 98292, 5662, 96019, 78753, 31379, 19818, 59744, 84901, 26610, 38550, 22967, 64840, 11070, 26339, 25510, 87548, 93042, 95154, 93783, 53606, 81957, 56248, 1770, 71991, 47357, 4747, 37306, 60301, 88617, 96494, 37440, 39653, 35290, 96375, 7965, 5747, 98940, 37933, 25557, 91205, 32076, 11814, 28510, 88614, 32876, 97986, 37004, 68401, 2752, 13336, 20289, 2150, 30141, 71659, 52659, 85567, 77602, 37933, 78368, 60372, 32076, 30316, 42068, 86701, 59731, 35422, 55509, 31379, 19818, 59744, 84901, 31825, 38550, 39492, 64436, 11070, 32563, 65664, 87548, 34876, 18128, 36414, 37705, 34859, 43682, 65156, 44482, 34542, 64895, 14137, 84234, 90281, 94811, 53408, 49902, 83204, 46869, 31926, 57338, 42044, 86028, 41758, 7068, 19427, 68546, 56507, 22910, 54342, 82412, 88443, 84975, 42657, 63671, 80290, 83166, 76150, 80481, 24940, 22409]
Tree:
None

Fitness:
[0.43820224719101125, 0.469559118884697]