Generation:
60

Phenotype:
def p():
  x = 0.0
  index = 35
  n = 5
  b = 15
  c = opposite[b]
  if main[23] < opposite[b] + 0:
    x = 0.3
  return x
XXX_output_XXX = p()

Genotype:
[98344, 61848, 79536, 73430, 14111, 92674, 37082, 71408, 98292, 944, 77590, 55509, 31379, 19818, 59744, 84901, 26610, 75840, 7502, 79238, 60974, 21091, 91974, 81507, 9612, 46652, 75847, 96997, 91732, 22290, 94645, 90170, 9612, 46652, 75847, 54532, 25800, 22290, 65277, 90170, 23429, 90588, 80194, 92850, 74810, 84365, 60567, 23725, 38839, 86335, 16456, 86440, 34660, 38373, 1386, 9736, 41501, 71362, 3230, 83581, 73990, 77600, 64947, 28185, 71707, 95706, 28413, 46825, 48342, 99667, 1283, 57859, 10055, 51564, 58679, 15066, 13784, 57526, 54310, 86610, 58544, 72302, 32927, 97092, 7092, 62360, 86384, 28962, 27288, 37700, 34722, 94246, 34016]
Tree:
None

Fitness:
[0.43820224719101125, 0.469559118884697]