Generation:
60

Phenotype:
def p():
  x = 0.0
  index = 28
  n = 7
  b = 29
  c = opposite[12]
  if c < main[b]:
    x = (x - 0.9)
  return x
XXX_output_XXX = p()

Genotype:
[24988, 38468, 88772, 9626, 34453, 98530, 81148, 1891, 60974, 74852, 49981, 27767, 58152, 73787, 18231, 53902, 14908, 6112, 34438, 36720, 16617, 98292, 94530, 68827, 55509, 31379, 19818, 59744, 84901, 26610, 38550, 84960, 98947, 41748, 48592, 55509, 31379, 19818, 59744, 84901, 26610, 49360, 48191, 43774, 3087, 97744, 87319, 41268, 61390, 56653, 37765, 57063, 7766, 47709, 57238, 39037, 80234, 98061, 48610, 44087, 23645, 37958, 40539, 74796, 54017, 64513, 5438, 74556, 20400, 34793, 88258, 61678, 76659, 21286, 2551, 47705, 7175, 4554, 71256, 30897, 76893, 61231, 80858, 31838, 14819, 75316, 5582, 35051, 84379, 85981, 64513, 93880, 49247, 66557, 55299, 47325, 68509, 12958, 43311, 85743, 20262, 38723]
Tree:
None

Fitness:
[0.43820224719101125, 0.469559118884697]