Generation:
60

Phenotype:
def p():
  x = 0.0
  index = 48
  n = 47
  b = 15
  c = opposite[b]
  if main[23] < opposite[b] + 0:
    x = 0.2
  return x
XXX_output_XXX = p()

Genotype:
[94544, 18650, 76176, 9810, 89757, 96585, 4688, 72656, 98292, 41748, 48592, 55509, 31379, 50942, 59744, 84901, 26610, 49360, 48191, 53845, 91851, 63284, 91335, 42475, 93516, 37933, 25557, 36197, 83557, 54017, 56871, 96761, 40064, 36460, 46071, 68770, 86580, 73530, 60125, 75224, 14366, 75420, 71748, 75854, 48559, 78244, 9932, 17756, 34250, 44823, 62251, 37015, 21648, 47085, 87486, 96964, 87673, 9048, 96694, 49088, 77584, 81090, 75314, 65352, 8918, 81067, 58376, 80481, 26610, 56125, 93243, 71506, 39825, 14655, 93749, 91580, 44339, 17982, 57967, 48352, 37120, 63604, 95525, 24876, 31169, 31131, 53048, 27828, 69809, 89196, 114, 89629, 43151, 692, 89112, 59242]
Tree:
None

Fitness:
[0.43820224719101125, 0.469559118884697]