Generation:
60

Phenotype:
def p():
  x = 0.0
  index = 40
  n = 30
  b = 15
  c = main[b]
  if main[23] < opposite[b] + 0:
    x = 0.8
  return x
XXX_output_XXX = p()

Genotype:
[193, 61848, 79536, 81892, 18757, 92674, 47256, 84778, 98292, 59731, 92203, 52100, 31379, 19818, 59744, 84901, 66290, 38550, 80077, 7972, 32876, 26818, 37958, 70892, 3876, 47758, 68009, 18468, 2852, 95648, 2728, 64381, 76176, 88489, 29701, 92882, 54580, 18606, 91394, 66338, 25915, 46652, 75847, 54532, 25800, 22290, 43963, 90170, 6009, 65680, 96069, 10236, 44881, 49832, 13308, 8071, 46962, 47319, 92544, 5738, 54061, 72823, 39171, 27163, 11070, 32563, 65664, 87548, 48887, 18128, 36414, 37705, 34859, 43682, 65156, 44482, 34542, 64895, 14137, 84234, 90281, 94811, 53408, 49902, 83204, 46869, 31926, 57338, 42044, 86028, 41758, 7068, 19427, 68546, 56507, 22910, 54342, 82412, 88443, 84975, 42657, 63671, 80290, 83166, 76150, 80481, 24940, 22409]
Tree:
None

Fitness:
[0.43820224719101125, 0.469559118884697]