Generation:
60

Phenotype:
def p():
  x = 0.0
  index = 40
  n = 50
  b = 30
  c = sum(opposite[:-index])
  if opposite[43] < main[b] + 3:
    x = (x - 0.1)
  index = 0
  n = 25
  b = 27
  c = main[b]
  if c < main[b]:
    x = (x + 0.1)
  return x
XXX_output_XXX = p()

Genotype:
[40663, 49653, 8653, 27738, 19879, 78932, 89606, 19898, 87699, 72178, 96270, 3363, 87509, 63284, 52087, 42475, 26156, 37933, 74177, 48840, 65680, 30937, 91851, 63284, 91162, 88016, 81678, 18436, 44041, 5472, 91287, 91733, 38200, 40516, 41831, 35290, 63284, 71827, 42475, 7644, 37933, 25557, 67259, 12571, 3562, 47695, 15311, 80784, 37237, 67834, 23251, 59329, 76050, 48171, 34380, 42881, 44589, 87799, 3132, 93022, 30726, 78497, 99494, 86427, 98844, 36393, 97355, 37309, 91000, 46895, 2802, 76168, 13101, 8566, 74691, 98755, 76572, 93722, 7845, 46016, 5671, 47937, 99617, 5454, 2202, 17867, 95386, 61421, 20110, 93400, 87952, 40397, 94444, 29388, 13275, 59176, 50354, 3953, 77800, 26526, 87759, 45409, 26449, 86653, 69663, 9831, 15684, 83040, 49251, 27162, 43726, 99756, 81272, 11240, 12879, 35358, 51072, 67565, 51042, 38488, 68905, 74427, 55693, 24529, 95226, 22533, 70786, 48776, 77973, 48763, 53096, 89277, 37705]
Tree:
None

Fitness:
[0.016853932584269662, 0.5005756184774266]