Generation:
60

Phenotype:
def p():
  x = 0.0
  index = 8
  n = 1
  b = 15
  c = opposite[b]
  if main[23] < opposite[b] + 0:
    x = 0.1
  return x
XXX_output_XXX = p()

Genotype:
[69396, 27607, 79536, 25928, 58658, 95665, 17188, 45100, 98292, 91570, 35422, 55509, 72144, 19818, 59744, 84901, 26610, 49360, 24820, 56047, 37227, 58330, 58792, 54975, 58701, 82495, 38803, 44616, 47357, 41748, 48592, 96258, 50790, 45286, 38709, 32078, 54310, 11059, 48191, 32134, 45167, 63942, 23515, 13313, 62044, 48480, 61062, 54125, 70089, 91729, 83160, 98508, 11268, 32715, 52616, 8886, 52965, 32986, 30283, 67039, 2414, 16729, 15999, 1181, 51632, 58162, 64050, 63217, 35076, 93314, 6132, 14170, 71660, 14148, 79086, 54793, 67764, 57097, 26981, 99102, 45535, 95459, 34118, 23247, 85935, 57316, 6240, 95153, 95173, 62834, 55308, 34842, 30741, 88851, 78004, 41339, 66028, 5291, 53744, 52746, 39450, 29977, 7173, 24776, 60986, 27771, 53902, 6482, 95342, 50778, 19841, 10439, 55176, 58289, 14046, 5953, 2930, 16273, 4553, 2752, 63169, 6912, 10908, 3961, 37537, 21876]
Tree:
None

Fitness:
[0.43820224719101125, 0.469559118884697]