Generation:
60

Phenotype:
def p():
  x = 0.0
  index = 48
  n = 5
  b = 15
  c = opposite[b]
  if main[23] < opposite[b] + 0:
    x = 0.5
  return x
XXX_output_XXX = p()

Genotype:
[98344, 16784, 19760, 6404, 70734, 95780, 49475, 44414, 98292, 56944, 91525, 21545, 31379, 19818, 59744, 34237, 26610, 38550, 59744, 84901, 77316, 92723, 98292, 59731, 26610, 53763, 36687, 91722, 59744, 84901, 26610, 38550, 43102, 48992, 68071, 13112, 44600, 49446, 32690, 11180, 5189, 19094, 22024, 58746, 77064, 70508, 28179, 10573, 43397, 66846, 86677, 58019, 34069, 53264, 94226, 68136, 7276, 97649, 57113, 6040, 85424, 22077, 68487, 55433, 57513, 97996, 40445, 96144, 74947, 79524, 28165, 93400, 87589, 97822, 27512, 68311, 44648, 16018, 92545, 44377, 64587, 64485, 18897, 19829, 89738, 69624, 89104, 77306, 13930, 82768, 88241, 21280, 9482, 20897, 5836, 83369, 9391, 68393, 21522, 53472, 9987, 60705, 87288, 64735, 77651, 94452, 66862, 82110, 44115, 38980, 20119, 50027, 96741, 62370, 71058, 12736, 10348, 35951, 7540, 94331, 83636, 55850, 65810, 63309, 96585, 67689, 82643, 74356, 31458, 69757, 96139, 59704, 5040, 28901, 12995, 62967, 37385, 86202, 5258, 42666, 18735, 85283, 52345, 75956, 91493, 40624, 50751, 74016, 14537, 37745, 87762, 78570, 14661, 49834, 8011, 73438, 4061, 4746, 38035, 80978, 53240, 5982, 38162, 84736, 32689, 1250, 90307, 2067, 93795, 51819, 56673, 76802, 31117, 72043, 15248, 42952, 95456, 30344, 63535, 52887, 51548, 43887, 91871, 67631, 3933, 59256, 59137, 42852, 43851, 33771, 63363, 69711, 62544, 42989, 94690, 61593, 67720, 30151, 89988, 55449, 38620, 76825, 4053, 22649, 78906, 96191, 42150, 61130, 78434, 92784, 19135, 5263, 58660, 33455, 95116, 35757, 44557, 15933, 66933, 66897, 18010, 36062, 90790, 90184, 37605, 8184, 48826, 33425, 68991, 18771, 42920, 97867, 24762, 79939, 49395, 23715, 30630, 82026, 28419, 61935, 73089, 92592, 55753, 66509, 51747, 39452, 62339, 76798, 57668, 16167, 56597, 9244, 79486, 19144, 74356, 43238, 31170, 33507, 95223, 69376, 39452, 48237, 84702, 95796, 31462]
Tree:
None

Fitness:
[0.43820224719101125, 0.469559118884697]