Generation:
60

Phenotype:
def p():
  x = 0.0
  index = 2
  n = 40
  b = 15
  c = main[b]
  if main[23] < opposite[b] + 0:
    x = 0.2
  return x
XXX_output_XXX = p()

Genotype:
[60384, 749, 79536, 4878, 44270, 55515, 5650, 45100, 98292, 59731, 35422, 94468, 16484, 19818, 59744, 88017, 26610, 62710, 84901, 85260, 59891, 39492, 92683, 14473, 45691, 49384, 86580, 78440, 60125, 88617, 63645, 37440, 33635, 91851, 63284, 78479, 42475, 92164, 37933, 25557, 30737, 32076, 8448, 33809, 18200, 20238, 18606, 91394, 84380, 72942, 79275, 80194, 77490, 7137, 65379, 56392, 61646, 8233, 91680, 80006, 49202, 97864, 2022, 76249, 40539, 26253, 47344, 35587, 95578, 16267, 53902, 6482, 95342, 50778, 19841, 10439, 55176, 58289, 14046, 5953, 2930, 16273, 4553, 2752, 63169, 6912, 10908, 3961, 37537, 21876]
Tree:
None

Fitness:
[0.43820224719101125, 0.469559118884697]