Generation:
60

Phenotype:
def p():
  x = 0.0
  index = 33
  n = 15
  b = 15
  c = opposite[b]
  if main[23] < opposite[b] + 0:
    x = 0.8
  index = 25
  n = 26
  b = 23
  c = opposite[22]
  if sum(main[-index:]) < sum(opposite[-index:]):
    x = (x / 1.0)
  return x
XXX_output_XXX = p()

Genotype:
[38323, 80655, 93465, 86082, 71178, 78986, 89979, 79436, 98292, 59731, 72823, 55509, 31379, 95774, 59744, 84901, 26610, 38550, 22967, 64436, 11070, 32563, 65664, 87848, 72204, 18128, 36414, 664, 34859, 2062, 65156, 84540, 6974, 34928, 19879, 27882, 59025, 74830, 25219, 47169, 86893, 56888, 87509, 94588, 49529, 66125, 83823, 37933, 34177, 2187, 45765, 32876, 26818, 37958, 73848, 82738, 47758, 97758, 18468, 80281, 95648, 72398, 70679, 63475, 41003, 29701, 2615, 54580, 18606, 91394, 34754, 25915, 79275, 80194, 50036, 7137, 65379, 28097, 47073, 17056, 91680, 57851, 49202, 2354, 749, 79536, 4878, 13448, 92674, 94716, 45100, 98292, 59731, 35422, 55509, 31379, 19818, 59744, 84901, 85260, 59891, 39492, 92683, 74685, 44940, 4684, 84621, 90292, 67839, 68036, 17260, 51400, 65790, 72591, 63174, 71466, 86865, 43300, 14880, 16306, 11180, 551, 56303, 10026, 58746, 77064, 53713, 72985, 30381, 83997, 9907, 86677, 50532, 10958, 25609, 94226, 54847, 7276, 16164, 57113, 6040]
Tree:
None

Fitness:
[0.43820224719101125, 0.469559118884697]