Generation:
60

Phenotype:
def p():
  x = 0.0
  index = 11
  n = 1
  b = 15
  c = opposite[b]
  if main[23] < opposite[b] + 0:
    x = 0.1
  return x
XXX_output_XXX = p()

Genotype:
[69396, 27607, 79536, 25928, 94208, 95665, 17188, 45100, 98292, 91570, 35422, 55509, 72144, 19818, 59744, 84901, 26610, 49360, 24820, 50622, 48616, 76373, 70578, 88617, 52420, 40165, 9054, 81969, 63284, 68167, 42475, 93516, 37933, 40687, 10809, 63552, 28772, 52340, 48377, 94713, 51897, 68287, 98292, 59731, 72823, 55509, 43881, 19818, 59744, 71074, 13618, 76426, 39492, 35801, 11070, 32563, 65664, 87548, 34876, 18128, 36414, 37705, 34859, 43682, 65156, 44482, 34542, 64895, 14137, 84234, 90281, 94811, 53408, 49902, 83204, 46869, 31926, 57338, 42044, 86028, 41758, 7068, 19427, 68546, 56507, 22910, 54342, 82412, 88443, 84975, 42657, 63671, 80290, 83166, 76150, 80481, 24940, 22409]
Tree:
None

Fitness:
[0.43820224719101125, 0.469559118884697]