Generation:
60

Phenotype:
def p():
  x = 0.0
  index = 33
  n = 45
  b = 15
  c = opposite[b]
  if main[23] < opposite[b] + 0:
    x = (x + 1.0)
  return x
XXX_output_XXX = p()

Genotype:
[98344, 35420, 79536, 38276, 28491, 60518, 22332, 73118, 98292, 51656, 24244, 55509, 31379, 73446, 11855, 10161, 95340, 56561, 31379, 19818, 79536, 38276, 13448, 94598, 22332, 16617, 98292, 83099, 72823, 55509, 31379, 19818, 59744, 84901, 26610, 38550, 22967, 94840, 11070, 32563, 65664, 87548, 34876, 18128, 36414, 37705, 34859, 43682, 65156, 44482, 34542, 64895, 14137, 84234, 90281, 94811, 53408, 49902, 83204, 46869, 31926, 57338, 42044, 86028, 41758, 7068, 19427, 68546, 56507, 22910, 54342, 82412, 88443, 84975, 42657, 63671, 80290, 83166, 76150, 80481, 24940, 22409]
Tree:
None

Fitness:
[0.43820224719101125, 0.469559118884697]