Generation:
60

Phenotype:
def p():
  x = 0.0
  index = 10
  n = 14
  b = 30
  c = opposite[10]
  if opposite[43] < main[b] + 3:
    x = (x - 0.2)
  return x
XXX_output_XXX = p()

Genotype:
[51341, 23993, 87516, 90105, 9394, 76129, 6899, 76538, 91728, 3802, 9982, 3363, 57946, 63284, 91335, 42475, 92164, 4543, 60452, 77971, 8886, 72823, 55509, 31379, 19818, 59744, 84901, 26610, 38550, 37432, 27768, 11070, 32563, 14018, 87548, 34876, 18128, 66356, 46613, 66150, 48592, 83106, 50790, 45286, 14821, 1453, 60364, 62978, 40539, 74796, 54017, 16267, 13580, 74556, 12724, 34793, 19585, 77748, 76659, 21286, 2551, 47705, 7175, 4554, 71256, 30897, 76893, 61231, 80858, 31838, 14819, 75316, 5582, 35051, 84379, 85981, 64513, 93880, 49247, 66557, 55299, 47325, 68509, 12958, 43311, 85743, 20262, 38723]
Tree:
None

Fitness:
[0.016853932584269662, 0.5005756184774266]