Generation:
60

Phenotype:
def p():
  x = 0.0
  index = 26
  n = 12
  b = 15
  c = opposite[b]
  if main[23] < opposite[b] + 0:
    x = (x + 0.8)
  index = 11
  n = 0
  b = 13
  c = main[b]
  if main[b] > opposite[b] + 8:
    x = (x - 0.9)
  return x
XXX_output_XXX = p()

Genotype:
[92364, 2588, 93465, 20719, 69539, 45005, 12813, 75355, 98292, 59731, 72823, 55509, 31379, 19818, 59744, 84901, 26610, 83526, 32127, 12264, 88095, 63353, 29179, 46257, 40022, 84673, 60406, 44809, 19752, 38803, 40816, 47357, 41748, 53182, 61728, 50790, 35256, 36687, 91722, 59744, 84901, 26610, 38550, 39492, 48992, 68071, 13112, 44600, 49446, 78390, 11180, 5189, 19094, 22024, 58746, 77064, 53713, 28179, 10573, 43397, 66846, 86677, 75761, 34069, 53264, 94226, 68136, 7276, 97649, 57113, 6040, 85424, 22077, 68487, 51762, 96089, 36426, 40445, 96144, 74947, 79524, 28165, 93400, 26433, 97822, 27512, 68311, 44648, 16018, 92545, 78871, 64509, 64485, 18897, 19829, 89738, 55863, 89104, 77306, 13930, 82768, 88241, 21280, 9482, 20897, 68925, 83369, 9391, 68393, 21522, 53472, 74927, 68609, 87288, 64735, 77651, 94452, 66862, 82110, 44115, 15480, 20119, 50027, 96741, 62370, 71058, 12736, 10348, 35951, 7540, 94331, 42276, 23680, 65810, 58026, 96585, 67689, 82643, 20745, 31458, 69757, 17899, 59704, 5040, 90940, 20720, 62967, 37385, 86202, 50520, 42666, 18735, 85283, 52345, 75956, 91493, 40624, 50751, 74016, 55519, 37745, 87762, 78570, 14661, 49834, 92312, 73438, 4061, 4746, 89571, 80978, 53240, 5982, 38162, 59408, 32689, 1250, 90307, 2067, 93795, 51819, 60912, 76802, 31117, 72043, 11283, 42952, 95456, 30344, 63535, 52887, 51548, 43887, 21226, 67631, 3933, 59256, 59137, 42852, 43851, 33771, 99771, 69711, 62544, 42989, 94690, 75282, 67720, 30151, 89988, 5341, 38620, 76825, 50869, 22649, 78906, 96191, 42150, 87034, 78434, 92784, 19135, 5263, 58660, 80469, 84160, 35757, 82899, 15933, 66933, 66897, 40909, 36062, 90790, 32230, 37605, 8184, 23956, 69890, 42020, 18771, 42920, 97867, 24762, 79939, 49395, 23715, 30630, 82026, 28419, 61935, 73089, 92592, 91653, 66509, 51747, 39452, 62339, 76798, 57668, 16167, 56597, 9244, 79486, 19144, 74356, 7616, 31170, 33507, 95223, 69376, 39452, 48237, 84702, 95796, 31462]
Tree:
None

Fitness:
[0.43820224719101125, 0.469559118884697]