Generation:
60

Phenotype:
def p():
  x = 0.0
  index = 35
  n = 39
  b = 15
  c = opposite[b]
  if main[23] < opposite[b] + 0:
    x = 0.6
  return x
XXX_output_XXX = p()

Genotype:
[35422, 749, 79536, 4878, 13448, 15376, 78885, 626, 98292, 59731, 35422, 53965, 31379, 78374, 59744, 84901, 26610, 38550, 27265, 37958, 23736, 54201, 4817, 63633, 20668, 2852, 73716, 95327, 67115, 68443, 60406, 42369, 19752, 52617, 62952, 36691, 99554, 60172, 8192, 85601, 86340, 47073, 84047, 81135, 80194, 66226, 2428, 64570, 60567, 73189, 98345, 95336, 81653, 38571, 73116, 85854, 11469, 33325, 41667, 97784, 54645, 2673, 23806, 57074, 46258, 85351, 713, 10351, 53433, 20725, 96245, 68000, 82741, 69943, 87247, 53389, 69295, 19460, 96633, 74045, 71016]
Tree:
None

Fitness:
[0.43820224719101125, 0.469559118884697]