Generation:
60

Phenotype:
def p():
  x = 0.0
  index = 33
  n = 15
  b = 15
  c = opposite[b]
  if main[23] < opposite[b] + 0:
    x = 0.8
  return x
XXX_output_XXX = p()

Genotype:
[74036, 45622, 79536, 89060, 75411, 34548, 58359, 50119, 98292, 19670, 80203, 40409, 21884, 19818, 59744, 84901, 26610, 38550, 42847, 68447, 97520, 9349, 72022, 23543, 96964, 87673, 43252, 50680, 53920, 88275, 98845, 65025, 37110, 41345, 5398, 11117, 25869, 58552, 64043, 4789, 64024, 70742, 46768, 71494, 81093, 85696, 91969, 91680, 38042, 69256, 34317, 2022, 76249, 40539, 26253, 47344, 35587, 16821, 36816, 13580, 79277, 20400, 34793, 19585, 77748, 76659, 21286, 29831, 71848, 7175, 4554, 71256, 11992, 76893, 92463, 80858, 31838, 14819, 75316, 5582, 35051, 84379, 85981, 64513, 93880, 49247, 66557, 55299, 47325, 68509, 12958, 43311, 85743, 20262, 38723]
Tree:
None

Fitness:
[0.43820224719101125, 0.469559118884697]