Generation:
60

Phenotype:
def p():
  x = 0.0
  index = 39
  n = 12
  b = 15
  c = opposite[b]
  if main[23] < opposite[b] + 0:
    x = (x + 0.1)
  return x
XXX_output_XXX = p()

Genotype:
[94544, 41006, 76176, 71829, 46857, 13621, 4806, 42564, 98292, 55721, 48592, 55509, 48969, 19818, 59744, 84901, 26610, 62251, 10600, 21648, 47085, 40211, 96964, 87673, 9048, 96694, 49088, 77584, 81090, 75314, 65352, 8918, 81067, 58376, 80481, 37192, 67480, 23036, 80730, 53679, 44392, 59611, 72992, 52228, 22017, 94435, 1011, 53518, 67090, 90481, 13074, 15112, 30901, 51298, 88357, 8086, 84283, 26691, 89493, 62716, 30959, 61234, 42106, 12203, 93019, 69053, 45139, 50184, 77035, 71474, 74084, 43689, 16850, 77560, 78656, 66536, 3154, 28702, 31540, 3721, 8158, 23070, 37383, 64443, 19308, 89717, 21765, 57274, 95018, 29223, 14071, 61555, 98690, 54301, 94601, 53229, 72539, 41772, 32069, 21974, 6223, 15671, 77021, 24772, 94223, 77213, 180, 94442, 24394, 33680, 54411, 59313, 63488, 86670, 94377]
Tree:
None

Fitness:
[0.43820224719101125, 0.469559118884697]