Generation:
60

Phenotype:
def p():
  x = 0.0
  index = 44
  n = 0
  b = 15
  c = opposite[b]
  if main[23] < opposite[b] + 0:
    x = 1.0
  return x
XXX_output_XXX = p()

Genotype:
[81653, 61848, 60672, 78105, 67874, 57542, 77316, 68440, 98292, 10813, 41134, 21737, 31379, 19818, 59744, 84901, 26610, 72480, 17639, 62013, 8326, 36197, 83557, 88081, 43890, 24416, 73840, 2888, 45691, 49384, 86580, 38020, 60125, 44706, 91851, 23340, 88095, 63353, 29179, 46257, 40022, 85154, 60406, 44809, 19752, 52617, 98998, 86465, 12412, 20405, 72257, 58906, 14772, 90292, 99420, 89105, 59896, 90007, 77545, 58236, 93669, 41060, 31476, 37488, 95839, 71190, 33146, 70268, 83648, 27674, 5017, 99615, 62466, 67552, 20233, 77196, 69095, 27783, 44656, 82978, 90954, 6107, 3427, 2533, 94897, 83845, 48604, 11462, 55135, 432, 24288, 347, 42346, 92103, 7158, 95109, 84435, 65700, 59278, 8048, 13285, 22915, 63460, 70685, 19948, 26154, 99950, 79166, 75318, 32537, 56753, 36358, 71670, 93409, 6677, 38498, 24994, 74351, 15104, 43897, 58530]
Tree:
None

Fitness:
[0.43820224719101125, 0.469559118884697]