Generation:
60

Phenotype:
def p():
  x = 0.0
  index = 45
  n = 22
  b = 15
  c = opposite[b]
  if main[23] < opposite[b] + 0:
    x = 0.3
  return x
XXX_output_XXX = p()

Genotype:
[35422, 4622, 79536, 4878, 59919, 31052, 30316, 45100, 98292, 59731, 49735, 55509, 31379, 56006, 59744, 84901, 26610, 38550, 39492, 40535, 21276, 16291, 59744, 84901, 36760, 96310, 40956, 19818, 59744, 84901, 26610, 38550, 26791, 73060, 11070, 32563, 65664, 87548, 34876, 18128, 36414, 37705, 34859, 43682, 65156, 44482, 34542, 64895, 14137, 84234, 90281, 94811, 53408, 49902, 83204, 46869, 31926, 57338, 42044, 86028, 41758, 7068, 19427, 68546, 56507, 22910, 54342, 82412, 88443, 84975, 42657, 63671, 80290, 83166, 76150, 80481, 24940, 22409]
Tree:
None

Fitness:
[0.43820224719101125, 0.469559118884697]