Generation:
60

Phenotype:
def p():
  x = 0.0
  index = 47
  n = 26
  b = 15
  c = opposite[b]
  if main[23] < opposite[b] + 0:
    x = 0.2
  return x
XXX_output_XXX = p()

Genotype:
[94940, 31497, 55268, 45666, 45743, 19577, 1811, 24204, 98292, 50238, 48592, 55509, 31379, 19818, 59744, 84901, 26610, 49360, 48191, 19137, 68782, 91851, 63284, 78479, 42475, 92164, 37933, 25557, 59986, 32076, 8448, 86114, 91167, 49832, 60364, 37958, 28522, 45098, 71862, 99996, 49056, 37238, 4680, 41872, 91990, 1604, 96074, 8042, 82344, 44129, 16617, 98292, 41748, 72823, 10085, 31379, 19818, 59744, 84901, 88630, 8661, 73056, 1698, 11070, 32563, 65664, 87548, 34876, 18128, 36414, 37705, 34859, 43682, 65156, 44482, 34542, 64895, 14137, 84234, 90281, 94811, 53408, 49902, 83204, 46869, 31926, 57338, 42044, 86028, 41758, 7068, 19427, 68546, 56507, 22910, 54342, 82412, 88443, 84975, 42657, 63671, 80290, 83166, 76150, 80481, 24940, 22409]
Tree:
None

Fitness:
[0.43820224719101125, 0.469559118884697]