Generation:
60

Phenotype:
def p():
  x = 0.0
  index = 27
  n = 32
  b = 15
  c = opposite[21]
  if main[23] < opposite[b] + 0:
    x = 0.5
  return x
XXX_output_XXX = p()

Genotype:
[94544, 41006, 76176, 24097, 486, 25772, 1817, 72656, 98292, 41748, 88765, 72823, 55509, 31379, 19818, 59744, 84901, 26610, 38550, 32434, 62169, 56952, 91230, 87792, 3976, 84199, 34748, 45980, 9003, 71133, 7647, 1682, 8338, 3285, 75250, 50671, 63847, 17623, 15007, 38281, 81190, 58510, 26831, 1444, 16911, 83907, 52576, 81675, 88248, 61241, 2299, 6397, 30847, 47962, 68490, 39832, 70433, 53276, 85478, 79741, 85176, 500, 17361, 12758, 60083, 12879, 23595, 16517, 98231, 24038, 76337, 82326, 95586, 91459, 97337, 45063, 20424, 54345, 22360, 71293, 7695, 30877, 94492, 59368, 32758, 53153, 11379, 54278, 47432, 31264]
Tree:
None

Fitness:
[0.43820224719101125, 0.469559118884697]