Generation:
60

Phenotype:
def p():
  x = 0.0
  index = 35
  n = 45
  b = 15
  c = opposite[b]
  if main[23] < opposite[b] + 0:
    x = (x + 0.7)
  return x
XXX_output_XXX = p()

Genotype:
[81653, 13605, 79536, 97207, 13448, 92674, 22332, 92723, 98292, 59731, 72823, 55509, 31379, 19818, 59744, 84901, 26610, 35256, 81686, 48340, 37933, 25557, 10809, 37394, 84595, 89301, 7972, 42433, 26818, 37958, 70892, 3876, 47758, 68009, 64, 2852, 95648, 2728, 64381, 76176, 88489, 29701, 92882, 54580, 18606, 91394, 66338, 25915, 46652, 75847, 54532, 25800, 22290, 43963, 90170, 6009, 65680, 96069, 10236, 44881, 49832, 13308, 8071, 46962, 47319, 92544, 5738, 54061, 72823, 39171, 27163, 11070, 32563, 65664, 87548, 48887, 18128, 36414, 37705, 34859, 43682, 65156, 44482, 34542, 64895, 14137, 84234, 90281, 94811, 53408, 49902, 83204, 46869, 31926, 57338, 42044, 86028, 41758, 7068, 19427, 68546, 56507, 22910, 54342, 82412, 88443, 84975, 42657, 63671, 80290, 83166, 76150, 80481, 24940, 22409]
Tree:
None

Fitness:
[0.43820224719101125, 0.469559118884697]