Generation:
60

Phenotype:
def p():
  x = 0.0
  index = 23
  n = 35
  b = 30
  c = sum(opposite[:-index])
  if opposite[43] < main[b] + 3:
    x = (x - 0.7)
  index = 16
  n = 30
  b = 18
  c = sum(opposite[:-index])
  if opposite[b] < sum(opposite[-index:]):
    x = (x / 0.9)
  return x
XXX_output_XXX = p()

Genotype:
[96076, 31052, 8653, 61468, 68873, 47847, 17834, 82100, 88617, 52420, 37440, 15989, 14217, 63284, 91335, 42475, 2896, 37933, 25557, 57616, 32076, 7190, 24394, 85138, 48327, 3405, 8841, 28496, 69924, 52043, 9997, 33766, 16780, 17989, 15985, 28740, 88415, 23226, 89704, 55638, 54904, 6969, 55861, 8948, 30776, 86760, 96860, 33385, 99514, 97721, 82318, 384, 56695, 83500, 61010, 24358, 15056, 76055, 3089, 62361, 40361, 39155, 89828, 82417, 20512, 9333, 45786, 49461, 48206, 98372, 20646, 50475, 45445, 65307, 85744, 40035, 10304, 60314, 21141, 24952, 71958, 71133, 16205, 15066, 31923, 74190, 8297, 18511, 21081, 27086, 2767, 40151, 16382, 57664, 13677, 83254, 79425, 98141, 78333, 55448, 46635, 23821, 28597, 89878, 11063, 54337, 96409, 14976, 1959, 11616, 4705, 99827, 8752, 99555, 60485, 19519, 66183, 82710, 36905, 2208, 83919, 64173, 68127, 12468, 1459, 83473, 3699, 92152, 25249, 47972, 8636, 22780, 27567, 73125, 58889, 91678, 90413, 37085, 54150, 26870, 64251, 58770, 9336, 54817, 1273, 44840, 15611, 71837, 38733, 29258, 49461, 10029, 68930, 69873, 26725, 2102, 78694, 10527, 46028, 31671, 28003, 55641, 18498, 94177, 11677, 25814, 53765, 14105, 53484, 90143, 93003, 40338, 8027, 9367]
Tree:
None

Fitness:
[0.016853932584269662, 0.5005756184774266]