Generation:
60

Phenotype:
def p():
  x = 0.0
  index = 35
  n = 17
  b = 30
  c = sum(opposite[:-index])
  if opposite[43] < main[b] + 3:
    x = (x - 0.2)
  return x
XXX_output_XXX = p()

Genotype:
[14495, 31052, 15996, 68091, 86480, 98986, 57800, 77350, 88617, 57542, 37440, 39653, 63939, 63284, 10755, 42475, 93516, 37933, 12102, 29661, 57967, 88617, 52420, 37440, 28187, 91851, 63284, 91335, 42475, 93516, 37933, 25557, 10809, 32076, 7190, 52340, 90250, 49832, 68993, 37958, 40539, 74796, 54017, 99996, 89841, 90587, 14210, 47319, 92544, 53224, 54061, 72823, 55509, 64436, 11070, 32563, 65664, 87548, 48887, 18128, 36414, 37705, 34859, 43682, 65156, 44482, 34542, 64895, 14137, 84234, 90281, 94811, 53408, 49902, 83204, 46869, 31926, 57338, 42044, 86028, 41758, 7068, 19427, 68546, 56507, 22910, 54342, 82412, 88443, 84975, 42657, 63671, 80290, 83166, 76150, 80481, 24940, 22409]
Tree:
None

Fitness:
[0.016853932584269662, 0.5005756184774266]