Generation:
60

Phenotype:
def p():
  x = 0.0
  index = 23
  n = 17
  b = 30
  c = sum(opposite[-index:])
  if opposite[43] < main[b] + 3:
    x = (x - 0.7)
  index = 39
  n = 7
  b = 11
  c = opposite[b]
  if main[b] > main[b] + 5:
    x = 1.0
  return x
XXX_output_XXX = p()

Genotype:
[96076, 31052, 8653, 9489, 7826, 80680, 77741, 18247, 88617, 83703, 26730, 55319, 30842, 63284, 91335, 42475, 41664, 37933, 25557, 57616, 32076, 7190, 31506, 59535, 44071, 99072, 46064, 52578, 18436, 21077, 9438, 79200, 92732, 43055, 54310, 11059, 48191, 32134, 45167, 63942, 23515, 13313, 62044, 48480, 61062, 54125, 70089, 91729, 83160, 98508, 11268, 32715, 52616, 8886, 52965, 32986, 30283, 67039, 2414, 16729, 15999, 1181, 51632, 58162, 64050, 63217, 35076, 93314, 6132, 14170, 71660, 14148, 79086, 54793, 67764, 57097, 26981, 99102, 45535, 95459, 34118, 23247, 85935, 57316, 6240, 95153, 95173, 62834, 55308, 34842, 30741, 88851, 78004, 41339, 66028, 5291, 53744, 52746, 39450, 29977, 7173, 24776, 60986, 27771, 53902, 6482, 95342, 50778, 19841, 10439, 55176, 58289, 14046, 5953, 2930, 16273, 4553, 2752, 63169, 6912, 10908, 3961, 37537, 21876]
Tree:
None

Fitness:
[0.016853932584269662, 0.5005756184774266]