Generation:
60

Phenotype:
def p():
  x = 0.0
  index = 35
  n = 30
  b = 15
  c = opposite[b]
  if main[23] < opposite[b] + 0:
    x = 0.3
  return x
XXX_output_XXX = p()

Genotype:
[64740, 96986, 79536, 4878, 13448, 92674, 96165, 92190, 98292, 64993, 98905, 55509, 31379, 19818, 59744, 513, 26610, 38550, 63502, 72162, 35908, 83047, 18436, 48616, 77741, 82100, 88617, 52420, 39546, 95398, 19059, 63284, 91335, 42475, 92164, 37933, 25557, 47091, 13846, 40539, 23513, 77394, 35587, 10479, 16267, 13580, 74556, 20400, 34793, 19585, 77748, 76659, 21286, 2551, 47705, 7175, 4554, 71256, 30897, 76893, 61231, 80858, 31838, 14819, 75316, 5582, 35051, 84379, 85981, 64513, 93880, 49247, 66557, 55299, 47325, 68509, 12958, 43311, 85743, 20262, 38723]
Tree:
None

Fitness:
[0.43820224719101125, 0.469559118884697]