Generation:
60

Phenotype:
def p():
  x = 0.0
  index = 35
  n = 4
  b = 15
  c = opposite[b]
  if main[23] < opposite[b] + 0:
    x = 0.4
  return x
XXX_output_XXX = p()

Genotype:
[98344, 51081, 27844, 99651, 13448, 3895, 35449, 48494, 98292, 59731, 27220, 55509, 31379, 19818, 59744, 84901, 26610, 56125, 93243, 8940, 25557, 70336, 32076, 7190, 537, 32160, 32876, 90567, 67374, 37354, 76636, 79536, 12144, 13448, 92674, 22332, 16617, 99614, 59731, 26360, 55509, 54774, 19818, 59744, 84901, 26610, 38550, 39585, 71405, 92890, 73787, 48343, 54532, 25800, 22290, 15864, 12412, 20405, 13788, 58906, 14772, 90292, 99420, 89105, 59896, 90007, 77545, 58236, 93669, 41060, 31476, 37488, 95839, 71190, 33146, 70268, 83648, 27674, 5017, 99615, 62466, 67552, 20233, 77196, 69095, 27783, 44656, 82978, 90954, 6107, 3427, 2533, 94897, 83845, 48604, 11462, 55135, 432, 24288, 347, 42346, 92103, 7158, 95109, 84435, 65700, 59278, 8048, 13285, 22915, 63460, 70685, 19948, 26154, 99950, 79166, 75318, 32537, 56753, 36358, 71670, 93409, 6677, 38498, 24994, 74351, 15104, 43897, 58530]
Tree:
None

Fitness:
[0.43820224719101125, 0.469559118884697]