Generation:
60

Phenotype:
def p():
  x = 0.0
  index = 48
  n = 48
  b = 15
  c = opposite[b]
  if main[23] < opposite[b] + 0:
    x = 0.3
  return x
XXX_output_XXX = p()

Genotype:
[94544, 69592, 76176, 31814, 89757, 25772, 55587, 33771, 98292, 82741, 38065, 55509, 31379, 19818, 59744, 68725, 17820, 91900, 17022, 11320, 42186, 23207, 10900, 77256, 16906, 77600, 77867, 10487, 66620, 16892, 46368, 62679, 1823, 32134, 45167, 63942, 94681, 36156, 84844, 48480, 61062, 54125, 70089, 91729, 83160, 98508, 11268, 63696, 52616, 8886, 52965, 32986, 4360, 67039, 2414, 16729, 27618, 1181, 51632, 58162, 55743, 9547, 35076, 79083, 6132, 14170, 71660, 14148, 79086, 54793, 67764, 57097, 26981, 99102, 45535, 95459, 34118, 23247, 85935, 25527, 87452, 99811, 48135, 72801, 58648, 68829, 56602, 49983, 91621, 49095, 87246, 58208, 69983, 7495, 93564, 76663, 16629, 57551, 15494, 65154, 19031, 54308, 1280, 12778, 10999, 11519]
Tree:
None

Fitness:
[0.43820224719101125, 0.469559118884697]