Generation:
60

Phenotype:
def p():
  x = 0.0
  index = 5
  n = 22
  b = 15
  c = opposite[b]
  if main[23] < opposite[b] + 0:
    x = (x + 0.8)
  return x
XXX_output_XXX = p()

Genotype:
[64804, 61848, 95956, 99863, 77984, 92674, 30316, 39781, 98292, 39503, 72823, 55509, 31379, 27474, 59744, 84901, 26610, 26951, 36197, 83557, 67048, 60759, 74264, 56230, 2888, 45691, 49384, 7820, 78440, 5595, 24578, 45591, 42475, 92164, 37933, 25557, 30737, 32076, 7190, 92160, 5671, 96997, 60364, 73504, 40539, 82457, 45707, 25011, 72020, 10676, 96796, 38349, 71354, 38723, 83976, 41797, 19892, 97898, 66940, 37492, 75537, 38869, 81177, 25988, 78829, 82376, 62729, 94652, 58024, 49508, 56999, 27840, 21290, 92890, 73787, 75847, 54532, 3356, 22290, 26196, 12412, 20405, 13788, 46311, 14772, 90292, 99420, 89105, 59896, 90007, 77545, 58236, 93669, 41060, 31476, 37488, 95839, 71190, 33146, 70268, 83648, 27674, 5017, 99615, 62466, 67552, 20233, 77196, 69095, 27783, 44656, 82978, 90954, 6107, 3427, 2533, 94897, 83845, 48604, 11462, 55135, 432, 24288, 347, 42346, 92103, 7158, 95109, 84435, 65700, 59278, 8048, 13285, 22915, 63460, 70685, 19948, 26154, 99950, 79166, 75318, 32537, 56753, 36358, 71670, 93409, 6677, 38498, 24994, 74351, 15104, 43897, 58530]
Tree:
None

Fitness:
[0.43820224719101125, 0.469559118884697]