Generation:
60

Phenotype:
def p():
  x = 0.0
  index = 28
  n = 41
  b = 15
  c = opposite[b]
  if main[23] < opposite[b] + 0:
    x = 0.7
  return x
XXX_output_XXX = p()

Genotype:
[98344, 61848, 82308, 7826, 13441, 92674, 8507, 31236, 98292, 59731, 31132, 71493, 31379, 19818, 59744, 84901, 26610, 38550, 95686, 2354, 26691, 89493, 62716, 8741, 61234, 42106, 62470, 93019, 57034, 45139, 50184, 77035, 71474, 74084, 26046, 16850, 77560, 78656, 66536, 3154, 21509, 77652, 36554, 8158, 18743, 37383, 64443, 19308, 89717, 46031, 57274, 95018, 29223, 14071, 62535, 98690, 35298, 94601, 53229, 72539, 41772, 32069, 21974, 6223, 11415, 77021, 24772, 94223, 77213, 180, 94442, 24394, 33680, 54411, 94999, 63488, 4128, 94377]
Tree:
None

Fitness:
[0.43820224719101125, 0.469559118884697]