Generation:
60

Phenotype:
def p():
  x = 0.0
  index = 0
  n = 33
  b = 15
  c = opposite[b]
  if main[23] < opposite[b] + 0:
    x = 0.8
  return x
XXX_output_XXX = p()

Genotype:
[98344, 18816, 79536, 889, 27795, 92674, 14874, 81224, 98292, 59731, 72823, 55509, 54774, 19818, 59744, 84901, 26610, 38550, 22967, 8209, 25800, 22290, 65277, 90170, 23429, 90588, 80194, 92850, 74810, 84365, 60567, 23725, 38839, 86335, 16456, 86440, 34660, 38373, 1386, 9736, 41501, 71362, 3230, 83581, 73990, 77600, 64947, 28185, 71707, 95706, 28413, 46825, 48342, 99667, 1283, 57859, 10055, 51564, 58679, 15066, 13784, 57526, 54310, 86610, 58544, 72302, 32927, 97092, 7092, 62360, 86384, 28962, 27288, 37700, 34722, 94246, 34016]
Tree:
None

Fitness:
[0.43820224719101125, 0.469559118884697]