Generation:
60

Phenotype:
def p():
  x = 0.0
  index = 10
  n = 50
  b = 15
  c = opposite[b]
  if main[23] < opposite[b] + 0:
    x = 0.9
  return x
XXX_output_XXX = p()

Genotype:
[71619, 23377, 32304, 39260, 37546, 77897, 74867, 74825, 98292, 86573, 48592, 39329, 31379, 19818, 59744, 15113, 26610, 34300, 27708, 54017, 99996, 45103, 49811, 74849, 69043, 91990, 90609, 10004, 20346, 59672, 63612, 8653, 61468, 71987, 48616, 77741, 82100, 88617, 52420, 37440, 15989, 19271, 22574, 91335, 42475, 92164, 37933, 90147, 30737, 32076, 45476, 86114, 67298, 44087, 23645, 37958, 40539, 74796, 54017, 64513, 5438, 74556, 20400, 34793, 88258, 61678, 76659, 21286, 2551, 47705, 7175, 4554, 71256, 30897, 76893, 61231, 80858, 31838, 14819, 75316, 5582, 35051, 84379, 85981, 64513, 93880, 49247, 66557, 55299, 47325, 68509, 12958, 43311, 85743, 20262, 38723]
Tree:
None

Fitness:
[0.43820224719101125, 0.469559118884697]