Generation:
60

Phenotype:
def p():
  x = 0.0
  index = 5
  n = 22
  b = 15
  c = main[b]
  if main[23] < opposite[b] + 0:
    x = 0.3
  return x
XXX_output_XXX = p()

Genotype:
[84428, 48829, 79536, 62394, 77984, 92674, 30316, 39781, 98292, 39503, 72823, 85776, 31379, 91722, 59744, 84901, 4690, 38550, 39492, 36557, 63284, 91335, 42475, 92164, 37933, 25557, 30737, 32076, 9317, 67068, 67298, 49832, 60364, 60822, 68902, 74796, 54017, 16267, 13580, 74556, 20400, 34793, 19585, 77748, 76659, 21286, 2551, 47705, 7175, 4554, 71256, 30897, 76893, 61231, 80858, 31838, 14819, 75316, 5582, 35051, 84379, 85981, 64513, 93880, 49247, 66557, 55299, 47325, 68509, 12958, 43311, 85743, 20262, 38723]
Tree:
None

Fitness:
[0.43820224719101125, 0.469559118884697]