Generation:
60

Phenotype:
def p():
  x = 0.0
  index = 14
  n = 44
  b = 15
  c = main[b]
  if main[23] < opposite[b] + 0:
    x = (x + 0.7)
  return x
XXX_output_XXX = p()

Genotype:
[81653, 75416, 18652, 42940, 53819, 65257, 36560, 15260, 98292, 59731, 61324, 8620, 31379, 4234, 59744, 84901, 61270, 35256, 81686, 23587, 56999, 32338, 62976, 95886, 78955, 89839, 27164, 58712, 27374, 51015, 51327, 60282, 83581, 81640, 91636, 65221, 27400, 80709, 95336, 79455, 60745, 14409, 17722, 32168, 98118, 23340, 88095, 63353, 29179, 46257, 65782, 1619, 6137, 65320, 19752, 52617, 10030, 86465, 54712, 84317, 53073, 1873, 87665, 66317, 20098, 58624, 86201, 25414, 17332, 44474, 97354, 69898, 76366, 31917, 81032, 2796, 63004, 89382, 31387, 26153, 11553, 11492, 16288, 68924, 35999, 17792, 7696, 1875, 68299, 42139, 46123, 44508, 93357, 52841, 78836, 92575, 65651, 73627, 41355, 96401, 13888, 66794, 80316, 38212, 98834, 45297, 11968, 51998, 73108, 26790, 98907, 79895, 59022, 59961, 76717, 61301, 91149, 63884, 7864, 69564, 77388, 5349, 58011, 13968, 60373, 67769, 24236, 47573, 73932, 68735, 98880, 7924, 92370, 512, 23781, 45704, 62056, 50656, 45438, 86453, 80654, 82968, 77046, 97580, 6855, 80990, 30326, 68402, 89042, 24502, 64517, 1066, 21956, 39166, 82355, 17494, 36473, 6703, 32077, 73558, 44287, 70981, 10728, 34194, 17492, 9030, 2789, 5464, 92500, 76759, 30267, 99501, 7474, 14560, 9272, 36414, 19669, 41149, 35445, 10917, 50175, 25682, 74356, 76003, 98063, 55425, 3826, 79463, 98848, 19270, 741, 75975]
Tree:
None

Fitness:
[0.43820224719101125, 0.469559118884697]