Generation:
60

Phenotype:
def p():
  x = 0.0
  index = 9
  n = 13
  b = 30
  c = sum(main[-index:])
  if opposite[43] < main[b] + 3:
    x = (x - 0.2)
  return x
XXX_output_XXX = p()

Genotype:
[18793, 13367, 24204, 21460, 39330, 25104, 62590, 82100, 88617, 52420, 39546, 59908, 51206, 94679, 91335, 42475, 92164, 67123, 16482, 12571, 3562, 1011, 81378, 16866, 90481, 13074, 15112, 30901, 51298, 88357, 8086, 71436, 26691, 89493, 62716, 8741, 61234, 42106, 62470, 93019, 57034, 45139, 50184, 77035, 71474, 74084, 26046, 16850, 77560, 78656, 66536, 3154, 21509, 77652, 36554, 8158, 18743, 37383, 64443, 19308, 89717, 46031, 57274, 95018, 29223, 14071, 62535, 98690, 35298, 94601, 53229, 72539, 41772, 32069, 21974, 6223, 11415, 77021, 24772, 94223, 77213, 180, 94442, 24394, 33680, 54411, 94999, 63488, 4128, 94377]
Tree:
None

Fitness:
[0.016853932584269662, 0.5005756184774266]