Generation:
60

Phenotype:
def p():
  x = 0.0
  index = 17
  n = 13
  b = 15
  c = opposite[b]
  if main[23] < opposite[b] + 0:
    x = 0.1
  return x
XXX_output_XXX = p()

Genotype:
[58362, 41006, 43876, 72514, 89930, 29775, 62998, 72656, 98292, 41748, 96895, 55509, 99954, 19818, 59744, 84901, 26610, 49360, 82100, 88617, 96262, 37440, 15989, 32301, 63284, 45591, 42475, 92164, 37933, 91567, 29794, 32076, 7190, 31871, 81968, 31379, 39284, 59744, 84901, 36760, 62560, 18976, 58906, 40585, 90292, 99420, 61238, 59896, 90007, 77545, 58236, 93669, 41060, 31476, 37488, 95839, 71190, 33146, 70268, 83648, 27674, 5017, 99615, 62466, 67552, 20233, 77196, 69095, 27783, 44656, 82978, 90954, 6107, 3427, 2533, 94897, 83845, 48604, 11462, 55135, 432, 24288, 347, 42346, 92103, 7158, 95109, 84435, 65700, 59278, 8048, 13285, 22915, 63460, 70685, 19948, 26154, 99950, 79166, 75318, 32537, 56753, 36358, 71670, 93409, 6677, 38498, 24994, 74351, 15104, 43897, 58530]
Tree:
None

Fitness:
[0.43820224719101125, 0.469559118884697]