Generation:
60

Phenotype:
def p():
  x = 0.0
  index = 48
  n = 22
  b = 15
  c = opposite[b]
  if main[23] < opposite[b] + 0:
    x = (x + 0.8)
  return x
XXX_output_XXX = p()

Genotype:
[34190, 41006, 76176, 78585, 89757, 25772, 17668, 73570, 98292, 82741, 65662, 55509, 31379, 19818, 59744, 84901, 26610, 44711, 22967, 63368, 39024, 16994, 91061, 47073, 49988, 28257, 57553, 92850, 51671, 64570, 80234, 98061, 48610, 79081, 82509, 79427, 90956, 94132, 34397, 64720, 70037, 22659, 80784, 83126, 67834, 23251, 59329, 76050, 48171, 34380, 42881, 44589, 87799, 3132, 93022, 30726, 78497, 99494, 86427, 98844, 36393, 97355, 37309, 91000, 46895, 2802, 76168, 13101, 8566, 74691, 98755, 76572, 93722, 7845, 46016, 5671, 47937, 99617, 5454, 2202, 17867, 95386, 61421, 20110, 93400, 87952, 40397, 94444, 29388, 13275, 59176, 50354, 3953, 77800, 26526, 87759, 45409, 26449, 86653, 69663, 9831, 15684, 83040, 49251, 27162, 43726, 99756, 81272, 11240, 12879, 35358, 51072, 67565, 51042, 38488, 68905, 74427, 55693, 24529, 95226, 22533, 70786, 48776, 77973, 48763, 53096, 89277, 37705]
Tree:
None

Fitness:
[0.43820224719101125, 0.469559118884697]