Generation:
60

Phenotype:
def p():
  x = 0.0
  index = 48
  n = 26
  b = 15
  c = opposite[b]
  if main[23] < opposite[b] + 0:
    x = 0.9
  return x
XXX_output_XXX = p()

Genotype:
[94544, 41006, 35476, 56146, 89757, 79006, 38429, 66366, 98292, 58527, 48592, 55509, 65084, 19818, 59744, 55945, 52610, 52660, 94958, 68588, 26610, 91851, 80527, 71790, 91073, 91574, 81151, 49425, 2936, 2276, 18997, 55352, 50921, 82736, 23985, 47514, 10068, 29921, 12651, 55849, 91370, 50569, 65622, 39160, 88212, 80467, 53249, 38296, 85368, 79101, 55067, 34450, 81726, 28025, 15482, 23982, 67428, 62138, 19290, 42333, 79720, 91000, 55283, 13665, 59751, 35169, 64798, 28010, 89850, 46424, 47156, 18512, 58342, 42487, 40229, 67887, 62429, 63043, 35686, 23650, 62449, 94491, 54715, 36848, 33167, 14269, 7644, 16062, 19731, 94912, 66965, 96298, 87236, 14887, 20466, 27579, 57120, 9454, 51357, 67404, 43567, 28423, 44229, 88727, 29386, 82156, 67131, 92882, 30971, 17346, 80672, 67712, 72923, 90925, 8745, 99897, 54160, 97308, 67527, 17421, 55351, 15361, 8208, 71140, 130, 34553, 9971, 29922, 31096, 35737, 93299, 52009, 22548, 51888, 38908, 95274, 91045, 85644, 6493, 24513, 92109, 34305, 51391, 27481, 7240, 3808, 57908, 68225, 98512, 62516, 15429, 73117, 69679, 27318, 76588, 65329, 55832, 69577, 33725, 11273, 33979, 20937, 26941, 84859, 45638, 96230, 82983, 6869, 30423, 17262, 93888, 22460, 50221, 86886, 34216, 97748, 36288, 15826, 7701, 26732, 7614, 29836, 29439, 90747, 28953, 13714, 6906, 89513, 8544, 57921, 76126, 71011, 26661, 37028, 33956, 38893, 10487, 53148, 14008, 99303, 71463, 89456, 54071, 15490, 58879, 85165, 59644, 69466, 42468, 40414, 90480, 50447, 37641, 36412, 38100, 6181, 97529, 29403, 21593, 75088, 25364, 2102, 66677, 64364, 85623, 92433, 17214, 41915, 83237, 99146, 98178, 82789, 38412, 18654, 46041, 33356, 19767, 81171, 74856, 37064, 45597, 64277, 41477, 72171, 50465, 38280, 84097, 68273, 62662, 59512, 33381, 72671, 54516, 40302, 40852, 13438, 80550, 27685, 53862, 29723, 96134, 35561, 77660, 11755, 85676, 56530, 84709, 84422, 75779, 23617, 49878, 78277, 98205, 31711, 81492, 80569, 51449, 94301, 37835, 18334, 97363]
Tree:
None

Fitness:
[0.43820224719101125, 0.469559118884697]