Generation:
60

Phenotype:
def p():
  x = 0.0
  index = 35
  n = 45
  b = 15
  c = opposite[b]
  if main[23] < opposite[b] + 0:
    x = 0.8
  return x
XXX_output_XXX = p()

Genotype:
[10596, 53140, 79536, 38276, 13448, 92674, 22332, 84274, 98292, 51656, 72823, 55509, 31379, 19818, 59744, 98109, 95340, 38550, 73397, 59341, 82100, 88617, 52420, 37440, 15989, 65353, 63284, 91335, 42475, 92164, 37933, 25557, 30737, 32076, 28353, 86114, 67298, 49832, 46861, 95327, 23646, 15882, 91974, 36305, 63930, 73787, 53643, 54532, 25800, 38210, 21763, 49554, 40953, 47889, 3744, 52304, 91990, 20108, 10004, 68076, 54050, 39257, 60177, 9275, 77701, 1617, 78962, 25882, 22455, 51960, 44652, 60555, 94941, 20689, 27828, 80557, 89196, 114, 79883, 43151, 692, 89112, 62756]
Tree:
None

Fitness:
[0.43820224719101125, 0.469559118884697]