Generation:
2

Phenotype:
def p():
  x = 0.0
  index = 1
  n = 6
  b = 39
  c = opposite[b]
  if abs(sum(main) - sum(opposite)) > 5000:
    x = (x - 0.8)
  return x
XXX_output_XXX = p()

Genotype:
[20546, 1715, 42564, 92380, 74563, 13661, 12042, 51609, 39105, 18229, 71062, 32233, 41720, 26319, 15424, 34477, 38727, 52818, 37785, 85572, 49481, 40894, 29419, 36424, 75025, 4964, 28242, 91433, 14782, 35203, 88184, 64741, 70409, 67575, 38974, 48574, 93610, 91752, 20962, 71729, 71439, 20959, 65380, 12800, 31190, 86120, 48162, 57423, 65472, 41633, 80546, 34411, 77248, 29787, 9368, 30794, 39024, 7313, 14399, 99544, 50164, 2156, 96924, 94388, 72740, 93047, 7031, 87642, 6762, 62894, 63979, 25213, 28704, 7151, 52516, 7217, 42043, 94788, 55971, 2855, 61179, 15264, 1456, 24612, 67420, 17150, 71554, 32724, 79255, 86077, 58462, 71059, 74291, 69520, 24532, 75099, 19981, 13750, 65425, 61633, 15424, 86765, 87601, 88483, 58194, 36590, 46344, 79928, 62918, 49400, 13233, 77301, 99866, 69899, 72473, 77148, 84555, 89641, 70024, 21172, 95643, 42289, 62338, 60423, 56094, 47109, 18770, 12916, 58296, 23935, 60695, 65669, 78587, 30953, 75071, 55920, 20807, 53058, 39289, 10550, 57464, 42051, 62665, 59715, 33860, 99961, 84850, 44787, 29183, 87061, 65989, 95941, 22703, 7190, 73064, 36219, 59944, 18901, 60577, 30088, 56705, 46627, 59196, 3821, 6193, 21516, 3428, 44341, 3385, 10249, 56631, 69225, 56488, 87175, 27535, 88486, 80431, 56217, 28426, 12009, 25176, 16101, 89025, 20960, 60633, 40730, 37462, 8962, 45907, 13646, 52824, 70254, 29985, 86823, 94334, 64078, 33455, 41669, 16215, 35313, 65784, 90191, 7299, 16386, 63337, 90025, 44955, 97081, 81101, 12561, 42808, 80413, 86118, 40314, 53747, 28902, 40170, 26776, 83690, 75358, 73132, 5433, 50109, 16558, 50174, 71887, 86920, 2813, 77113, 75643, 95992, 19887, 99878, 17622, 22538, 86410, 95483, 83046, 26171, 56002, 33565, 1650, 2773, 30328, 86957, 28715, 93709, 20833, 45214, 11608, 416, 26554, 53650, 80408, 71023, 81937, 23836, 42457, 52494, 73424, 22738, 87207, 9494, 65215, 77608, 32361, 57837, 79219, 4147, 39677, 95407, 90925, 32376, 27825, 4647, 60747, 82717, 17279, 29731, 14972, 48690, 66600, 12532, 81441, 72494, 23599, 5417, 3364, 34625, 73546, 87937, 6087, 40059, 65038, 23260, 81110, 47041, 8069, 32538, 76438, 43448, 94005, 45769, 43578, 51133, 37165, 55541, 33766, 32179, 18996, 33328, 63658, 249, 10116, 54515, 45841, 77697, 39706, 81156, 17564, 17259, 11276, 96844, 2803, 77441, 46215, 26547, 81334, 6701, 2161, 695, 63105, 4612, 45979, 58981, 8668, 23228, 31441, 54719, 61015, 96142, 1913, 60694, 60972, 67598, 20626, 68696, 20577, 82559, 19509, 39901, 2840, 77899, 83404, 54380, 69926, 45224, 36693, 74811, 35045, 48433, 43993, 99550, 6234, 36165, 76063, 16215, 81387, 89268, 59471, 24281, 49858, 51312, 98935, 29096, 30997, 74562, 26159, 59814, 85274, 59596, 69171, 51792, 29414, 38011, 57544, 75613, 63518, 62316, 7022, 7720, 83414, 42707, 92353, 65549, 46630, 744, 36451, 44364, 80666, 15877, 81962, 47625, 47919, 97376, 47545, 53033, 85711, 1220, 25641, 28079, 21474, 59632, 68700, 65951, 56521, 36356, 15602, 76996, 60332, 51795, 44143, 32495, 86859, 21513, 66494, 12225, 76845, 6158, 37491, 68280, 27783, 67977, 42348, 91510, 42652, 25378, 74347, 86830, 52536, 98268, 36679, 64890, 5586, 9430, 55300, 24233, 55363, 48057, 81012, 34656, 34435, 94927, 73281, 70213, 47709, 6343, 13493, 21910, 24710, 92228, 43724, 70807, 52811, 18641, 90509, 86255, 43981, 8530, 4198, 68765]
Tree:
None

Fitness:
[0.4121338912133891, 0.5064327673992214]