Generation:
12

Phenotype:
def p():
  x = 0.0
  index = 39
  if abs(sum(main[-index:]) - sum(opposite[-index:])) > 1000:
    x = (x + 0.2)
  return x
XXX_output_XXX = p()

Genotype:
[80076, 66049, 12588, 30629, 21204, 20319, 22930, 4842, 17636, 69848, 41094, 95991, 23455, 67573, 28696, 31226, 37503, 97453, 68307, 69474, 60473, 40812, 13671, 39407, 3580, 35957, 99002, 47395, 11860, 4682, 29266, 90000, 27589, 27809, 95118, 43324, 37987, 76965, 54685, 4189, 1720, 7327, 1764, 17417, 59630, 8680, 73373, 11795, 76267, 97730, 5525, 76971, 1284, 22000, 3099, 13671, 58436, 30239, 17788, 18727, 39739, 10521, 58876, 41476, 35099, 95027, 69430, 46760, 2025, 26500, 42476, 60079, 17923, 7608, 39082, 14542, 36859, 80866, 56896, 1951, 6338, 76913, 29884, 64630, 84520, 80538, 97033, 88432, 93663, 56081, 72278, 21325, 85996, 24529, 27168, 40491, 28757, 14201, 6382, 59085, 11934, 27275, 91778, 89349, 93616, 6298, 68166, 52208, 95895, 51377, 29504, 11723, 39616, 54599, 37532, 21369, 92475, 72368, 72989, 15615, 27855, 46764, 27497, 9515, 22396, 13842, 29844, 28885, 77510, 86346, 66703, 47726, 17663, 91934, 59300, 1368, 66776, 3270, 84541, 46922, 25782, 62219, 9711, 73863, 35698, 39852, 61875, 35108, 80940, 29135, 10341]
Tree:
None

Fitness:
[0.908800340933305, 0.5465232265856519]