Generation:
12

Phenotype:
def p():
  x = 0.0
  index = 39
  if abs(sum(main[-index:]) - sum(opposite[-index:])) > 1000:
    x = (x + 0.1)
  return x
XXX_output_XXX = p()

Genotype:
[88361, 66049, 12588, 49846, 21204, 20319, 22930, 8098, 21356, 69848, 41094, 53494, 48292, 60871, 2157, 10695, 77662, 63386, 254, 35828, 71590, 99419, 94669, 35012, 8775, 46925, 36705, 67491, 34508, 51509, 99475, 3019, 67124, 2087, 7640, 39168, 14326, 25474, 16736, 53025, 12535, 11896, 30131, 83895, 98912, 4368, 92908, 84108, 47634, 76974, 33053, 47683, 10267, 65797, 76072, 85063, 3240, 64835, 71079, 76371, 12179, 7391, 98901, 42496, 90640, 39553, 67118, 4116, 14208, 54367, 94581, 77429, 83430, 97784, 87616, 9820, 54207, 50143, 69495, 46182, 72765, 21021, 14361, 48759, 7589, 46604, 14968, 64557, 27552, 3121, 89411, 87594, 56196, 5775, 5950, 97697, 55430, 99397, 63841, 85019, 67292, 82267, 6343, 71414, 63218, 56609, 33139, 68008, 99213, 44089, 70221, 805, 53295, 50078, 66997, 5232, 99831, 14876, 14071, 66645, 18382, 23977, 2020, 21435, 21166, 99432, 66747, 10738, 18062, 69440, 63309, 93040, 51910, 77832, 2798, 57710, 76046, 35259, 42517, 36385, 14477, 9225, 4242, 54579, 9456, 16363, 72216, 46009, 78235, 3882, 90488, 30859, 22265, 75578, 64496, 93387, 81921, 36964, 86028, 28801, 9250, 17516, 54156, 58920, 37598, 85696, 14316, 62117, 8378, 14015, 9690, 6490, 68401, 38743, 71015, 74314, 55950, 84325, 3393, 38056, 47893, 21847, 72418, 1426, 12972, 12314, 41132, 95767, 26175, 84805, 39447, 18232, 83107, 98761, 5702, 55835, 26510, 20824, 61299, 87859, 46765, 11561, 54188, 31353, 45837, 28648, 2896, 15616, 97243, 63094, 55311, 95556, 27683, 50981, 98036, 39022, 91430, 92492, 66696, 94621, 59726, 88780, 99111, 49540, 79382, 94369, 20443, 48897, 20756, 12634, 88746, 98844, 78644, 67089, 58002, 29055, 54502, 29802, 36237, 69798, 76801, 99414, 43697, 39988, 59660, 66830, 63770, 94087, 4127, 63618, 90409, 7088, 3578, 37627, 48883, 81682, 78318, 2127, 92948, 42455, 35554, 51043, 41153, 21065, 7164, 58315, 4097, 36036, 15954, 81919, 24058, 33974, 57533, 64248, 52577, 98394, 94659, 52530, 99841, 21436, 34294, 16414, 28322, 11754, 18539, 91909, 628, 71021, 26697, 68401, 47806, 76779, 97296, 98811, 11801, 20090, 40173, 69004, 89218, 35475, 31262, 9999, 97984, 12374, 1325, 28711, 82021, 51571, 92928, 65643, 16485, 45607, 45662, 18567, 18132, 79493, 19283, 66687, 63369, 55606, 8881, 38382, 78841, 62409, 74396, 15041, 90991, 61026, 2711, 48120, 99585, 65218, 35220, 37996, 37606, 62726, 62671, 3407, 93254, 43677, 40864, 52027, 42689, 94350, 97673, 96581, 41649, 34229, 41191, 83436, 63814]
Tree:
None

Fitness:
[0.908800340933305, 0.5465232265856519]