Generation:
12

Phenotype:
def p():
  x = 0.0
  index = 39
  if abs(sum(main[-index:]) - sum(opposite[-index:])) > 1000:
    x = (x + 0.0001)
  return x
XXX_output_XXX = p()

Genotype:
[95775, 66049, 12588, 72492, 21204, 20319, 22930, 8098, 21356, 15993, 14770, 8595, 94006, 18100, 61689, 6219, 13844, 95009, 7260, 29405, 448, 52526, 40511, 92783, 25865, 48718, 12677, 56389, 52429, 53742, 14431, 94138, 56313, 10060, 91789, 53256, 72626, 41379, 88779, 90457, 88302, 36504, 69206, 37347, 2946, 13035, 83600, 38342, 32956, 21079, 26283, 53897, 52008, 82193, 57502, 47778, 62078, 64784, 8158, 28120, 85571, 45973, 75553, 61191, 9171, 88561, 10430, 23043, 25388, 36040, 8333, 31069, 44414, 89895, 86475, 74659, 24638, 67429, 10355, 59499, 69352, 41044, 98827]
Tree:
None

Fitness:
[0.908800340933305, 0.5465232265856519]