Generation:
12

Phenotype:
def p():
  x = 0.0
  index = 17
  if abs(sum(main[:-index]) - sum(opposite[:-index])) > 1000:
    x = (x + 0.001)
  return x
XXX_output_XXX = p()

Genotype:
[73903, 47483, 65992, 8943, 75854, 59556, 53494, 26303, 6823, 67573, 28696, 4436, 64705, 28048, 94196, 86101, 31741, 92774, 92795, 26919, 36474, 83419, 3721, 30334, 21608, 57407, 48404, 51559, 37504, 53294, 88059, 64743, 70386, 68965, 83608, 94680, 64368, 32281, 67915, 64873, 90345, 93333, 28729, 30397, 41732, 55132, 61018, 33885, 35638, 99658, 93989, 17097, 27868, 2694, 14900, 28908, 78435, 30155, 79371, 34875, 55501, 98742, 1250, 16660, 75310, 41971, 88778, 42729, 81650, 91913, 76933, 70233, 55248, 27885, 77481, 26392, 64572, 59121, 42162, 82215, 49533, 31241, 53277, 72313, 79368, 43900, 71800, 34165, 31947]
Tree:
None

Fitness:
[0.9041125079906244, 0.5467148070717152]