Generation:
12

Phenotype:
def p():
  x = 0.0
  index = 14
  if abs(sum(main[:-index]) - sum(opposite[:-index])) > 1000:
    x = (x + 0.0000001)
  return x
XXX_output_XXX = p()

Genotype:
[23422, 22391, 65992, 21652, 7664, 59556, 30978, 137, 23455, 67573, 11902, 75136, 62001, 56388, 79362, 9886, 23804, 12449, 3349, 58228, 99011, 37681, 31750, 86376, 51462, 97322, 37596, 14233, 53164, 32304, 45367, 29716, 68158, 10691, 51451, 84949, 51876, 62167, 78604, 28004, 3319, 29645, 88772, 87499, 98915, 29569, 62908, 28554, 71881, 35784, 9853, 42733, 32427, 29296, 48279, 4266, 93529, 50100, 94235, 99756, 1397, 21200, 21328, 58028, 87602, 44164, 80044, 58750, 86848, 87269, 35667, 8786, 82842, 78683, 85080, 70784, 15758, 58852, 36610, 7585, 91019, 14058, 28093, 71749, 71939, 531, 87564, 13662, 95231, 91973, 13683, 1922, 77472, 65181, 25928, 72452, 55278, 66830, 4718, 18581, 76732, 60808, 91338, 10012, 23415, 84275, 84219, 62, 73122, 6931, 27375, 77880, 93681, 65530, 94452, 61741, 91218]
Tree:
None

Fitness:
[0.908800340933305, 0.5465232265856519]