Generation:
12

Phenotype:
def p():
  x = 0.0
  index = 44
  if main[index] < 1:
    if main[index] < main[index] + 0.5:
      x = (x - 0.7)
  else:
    if main[index] < opposite[index] + 8:
      x = (x + 0.5)
    else:
      x = (x + 0.0001)
  index = 20
  if sum(opposite[-index:]) < opposite[index] + sum(opposite[-index:]) - main[index]:
    x = (x - 0.4)
  return x
XXX_output_XXX = p()

Genotype:
[69106, 82688, 32269, 53839, 67568, 26804, 84243, 49220, 99428, 3370, 4427, 53260, 94847, 26894, 45387, 32888, 31698, 54490, 55106, 83011, 98792, 81203, 55814, 17488, 83844, 57199, 72950, 18513, 24875, 21526, 45131, 94196, 65992, 8943, 3132, 59556, 14349, 70990, 23455, 67573, 93900, 995, 47865, 76267, 99315, 5525, 76971, 1284, 22000, 3099, 13671, 58436, 30239, 93131, 18727, 39739, 10521, 58876, 41476, 35099, 95027, 69430, 46760, 2025, 26500, 42476, 60079, 17923, 7608, 39082, 14542, 36859, 80866, 56896, 1951, 6338, 76913, 29884, 64630, 84520, 80538, 97033, 88432, 93663, 56081, 72278, 21325, 85996, 24529, 27168, 40491, 28757, 14201, 53862, 26034, 43102, 84247, 95301, 61279, 25564, 16261, 17933, 79766, 20808, 88335, 17662, 61051, 18212, 84377, 54046, 55466, 23458, 35676, 48962, 99688, 85610, 15559, 92466, 62518, 9112, 32551, 3578, 66819, 48592, 28765, 55858, 44869, 72861, 6555, 84097, 92736, 56437, 70175, 96582, 32995, 70826, 42915, 10618, 90709, 83612, 78353, 6701, 87933, 73519, 13161, 41260, 6001, 2656, 13276, 47434, 49852, 35236, 71338, 94879, 59752, 64640, 92813, 62689, 87001, 33703, 28704, 43014, 27456, 17699, 72174, 32398, 81320, 91771, 63052, 69774, 70782, 49761, 29075, 82342, 27724, 43211, 44807, 9666, 89199, 72595, 53481, 28703, 57877, 8518, 94479, 76209, 61730, 9216, 95012, 64154, 5842, 95402, 96740]
Tree:
None

Fitness:
[0.9801832516513957, 0.5441822275836424]