Generation:
12

Phenotype:
def p():
  x = 0.0
  index = 14
  if abs(sum(main[:-index]) - sum(opposite[:-index])) > 1000:
    x = (x + 0.000001)
  return x
XXX_output_XXX = p()

Genotype:
[59298, 31710, 65992, 80418, 7664, 66192, 53494, 95991, 5653, 33478, 27492, 88321, 53260, 94847, 26894, 34785, 56867, 31698, 54490, 88336, 68897, 98792, 24951, 88512, 17488, 99322, 57199, 72950, 18513, 24875, 33670, 28048, 94196, 29822, 55105, 15500, 54422, 9093, 10404, 12857, 32527, 68457, 2449, 94950, 27716, 76245, 10695, 79231, 28696, 16838, 88460, 60997, 33011, 40673, 73997, 43632, 2839, 99028, 76076, 80628, 24160, 12238, 65747, 23249, 49339, 26995, 77911, 7820, 21224, 38722, 75244, 93574, 96791, 31654, 78698, 66861, 79547, 48086, 18575, 84551, 63992, 10017, 76539, 52985, 59589, 13782, 68012, 15056, 34514, 14414, 76664, 61492, 14344, 89840, 64507, 15822, 19578, 56874, 1393, 28813, 37340, 43333]
Tree:
None

Fitness:
[0.908800340933305, 0.5465232265856519]