Generation:
12

Phenotype:
def p():
  x = 0.0
  index = 12
  if abs(sum(main[:-index]) - sum(opposite[:-index])) > 1000:
    x = (x + 0.000001)
  return x
XXX_output_XXX = p()

Genotype:
[39324, 84876, 65992, 8886, 76308, 22650, 4372, 34957, 24957, 62743, 81132, 62401, 79867, 7475, 26394, 58065, 53767, 65020, 15548, 60765, 38208, 90020, 31706, 66246, 99750, 32481, 17581, 45552, 28989, 60773, 47613, 69369, 11291, 65746, 58608, 36532, 39789, 59143, 45631, 35696, 40969, 72574, 74425, 36910, 13900, 95670, 82885, 82533, 45437, 20396, 2324, 21097, 73290, 37375, 7522, 96765, 25628, 44368, 35374, 67563, 60790, 40668, 60639, 11767, 20308, 82210, 90144, 44910, 50049, 93675, 17823, 18894, 36165, 77703, 49910, 41909, 3316, 85249, 82315, 74824, 75340, 66414, 25493, 64921, 61250, 32001, 98313, 7853, 58769, 85630, 33655, 21695, 72905, 77808, 74044, 7875, 22349, 51890, 62213, 54966, 58919, 91388, 16855, 43348, 45284, 48986, 25576, 31590, 19032, 7953, 51078, 56276, 10483, 41104, 85153, 8392, 48742, 25078, 37025, 34858, 38612, 8724, 48368, 5827, 36331, 52980, 41973, 27609, 9900, 80379, 80394, 52649, 86281, 28324, 90715, 31705, 34653, 30863, 94813, 14821, 86286, 27664, 94403, 21813, 55611, 67558, 2826, 69269, 76115, 12892, 99374, 43449, 78781, 17828, 9858, 78919, 45395, 67116, 31881, 51989, 78518, 94421, 90512, 36914, 7349, 69401, 97058, 70921, 62182, 38549, 76526, 28685, 78455, 13369, 51771, 81962, 1024, 17052, 82803, 72437, 61869, 46786, 616, 63941, 77144, 1525, 14742, 91860, 62538, 79594, 48444, 1798, 24785, 58158, 71989, 71092, 35900, 97712, 26903, 92990, 5883, 13976, 49003, 68264, 64275, 71095, 62563, 46058, 67645, 4095, 34020, 69929, 17301, 9890, 52064, 73056, 7404, 25881, 45331, 15631, 98734, 16893, 160, 65432, 35252, 7535, 34778, 14768, 47576, 89198, 57451, 98628, 53798, 17224, 38804, 22988, 95169, 86635, 54644, 83389, 590, 71029, 48229, 1901, 6902, 76326, 5667, 24880, 85089, 38549, 90232, 63678, 94346, 30684, 37156, 42628, 58470, 26562, 22926, 28828, 75943, 66084, 37069, 53436, 87247, 45758, 22343, 96313, 26966, 78429, 31493, 59778, 29961, 51059, 59604, 64531, 89868, 29198, 75769, 4187, 71188, 89931, 43997, 62919, 99214, 59843, 98346, 73327, 28968, 3878, 90495, 10885, 78680, 27818, 95717, 69657, 71539, 40001, 95035, 23566, 7861, 37068, 54272, 39080, 97150, 81716, 82991, 37169, 37728, 33071, 46260, 60212, 54019]
Tree:
None

Fitness:
[0.908800340933305, 0.5465232265856519]