Generation:
12

Phenotype:
def p():
  x = 0.0
  index = 39
  if abs(sum(main[-index:]) - sum(opposite[-index:])) > 1000:
    x = (x + 0.6)
  return x
XXX_output_XXX = p()

Genotype:
[88361, 66049, 83920, 15358, 21204, 33126, 6240, 40578, 13008, 93988, 83152, 84683, 61457, 20319, 22930, 8098, 17636, 69848, 14770, 8595, 38615, 28201, 56477, 98359, 32681, 18675, 65713, 467, 22030, 28379, 44637, 39175, 6382, 6973, 85770, 45821, 91778, 89349, 93616, 6298, 68166, 52208, 57934, 679, 29504, 11723, 39616, 54599, 37532, 21369, 94931, 32775, 45606, 15615, 27855, 46764, 27497, 86834, 58625, 13842, 29844, 13447, 77510, 86346, 66703, 47726, 96975, 45859, 11673, 1368, 66776, 3270, 84541, 5011, 59274, 62219, 9711, 73863, 35698, 39852, 38216, 12013, 80940, 29135, 32695]
Tree:
None

Fitness:
[0.908800340933305, 0.5465232265856519]