Generation:
12

Phenotype:
def p():
  x = 0.0
  index = 39
  if abs(sum(main[-index:]) - sum(opposite[-index:])) > 1000:
    x = (x + 0.0000001)
  return x
XXX_output_XXX = p()

Genotype:
[23422, 66049, 12588, 30629, 21204, 20319, 22930, 8098, 33478, 69848, 89078, 73008, 53495, 2848, 8212, 13678, 719, 6362, 77455, 17824, 35884, 89837, 1589, 22335, 79390, 76596, 22634, 18839, 87767, 99074, 96053, 99441, 47133, 8384, 29131, 97402, 70632, 17386, 79478, 507, 55858, 11400, 645, 28034, 56758, 89696, 96817, 88051, 85171, 23436, 67884, 3686, 10331, 27699, 8946, 83935, 6526, 77708, 80150, 9067, 2493, 59332, 29364, 24715, 99376, 43714, 19633, 89842, 36790, 51801, 2388, 481, 20075, 99778, 61084, 10349, 69888, 56929, 49880, 67921, 45730, 26165, 25236, 88810, 29066, 29689, 41806, 64139, 17734, 62523, 28123, 8039, 55608, 12077, 41246, 11283, 30501, 48022, 84217, 62934, 10937, 2408, 36802, 96760, 23735, 12266, 4159, 93400, 45136, 61828, 93260, 86464, 37006, 89347, 97876, 68572, 86892, 68236, 3298, 57484, 79968, 30082, 84502, 95329, 3085, 73207, 38390, 40145, 41445, 68452, 86229, 31263, 27318, 66079, 1316, 48088, 73335, 19631, 53834, 25950, 46502, 93028, 94339, 27916, 21380, 13527, 44104, 89509, 19318, 79945, 58599, 95543, 91411, 52535, 63662, 88082, 73460, 23866, 36249, 19045, 65322, 40206, 47582, 82429, 59010, 3653, 16003, 59662, 72349, 40962, 47606, 41112, 78604, 78201, 49845, 74038, 1528, 42455, 48418, 69371, 52576, 80217, 39884, 63610, 98505, 31584, 12765, 24111, 59318, 72811, 70778, 55137, 33641, 5692, 48416, 45003, 55521, 27544, 47374, 13294, 27340, 82282, 95665, 78215, 44620, 84608, 21097, 3720, 35931, 68144, 47013, 45694, 54436, 34312, 81607, 96229, 4065, 60422, 41278, 96625, 96810, 67402, 28791, 4220, 27011, 44145, 5004, 9428, 5510, 12620, 33440, 75960, 51491, 14567, 37395, 90201, 47456, 60750, 54282, 17110, 42370, 19276, 95422, 95613, 21286, 61868, 63720, 9129, 54356, 8172, 80754, 12868, 66681, 40843, 26103, 76667, 7110, 82681, 45062, 14642, 54272, 13115, 71520, 81978, 38788, 41956, 29002, 76846, 32550, 38627, 23168, 65053, 71009, 45330, 48897, 20465, 31809, 18045, 59014, 61297, 37090, 63265, 42895, 36442, 42299, 5312, 80943, 92259, 53504, 97421, 21697, 26339, 50402, 26181, 63070, 77802, 92638, 9656, 46219, 7901, 77590, 56584]
Tree:
None

Fitness:
[0.908800340933305, 0.5465232265856519]