Generation:
1

Phenotype:
def p():
  x = 0.0
  index = 31
  if abs(sum(main[:-index]) - sum(opposite[:-index])) > 500:
    x = (x - 0.7)
  index = 49
  if main[index] + main[index] + main[index] - sum(main[-index:]) - sum(main[:-index]) > opposite[index]:
    x = (x - 0.6)
  index = 43
  if abs(sum(main) - sum(opposite)) > 1000:
    x = (x + 0.1)
  index = 43
  if sum(opposite[-index:]) > main[index]:
    x = (x + 0.000001)
  index = 1
  if sum(opposite[:-index]) - sum(main[:-index]) + main[index] < opposite[index] - sum(main[-index:]) + main[index]:
    x = (x - 0.7)
  index = 38
  if sum(opposite[-index:]) > opposite[index]:
    x = (x + 0.001)
  index = 11
  if sum(opposite[:-index]) < main[index]:
    x = (x - 0.6)
  index = 0
  if sum(main[-index:]) > opposite[index] - sum(main[-index:]):
    x = (x - 0.7)
  return x
XXX_output_XXX = p()

Genotype:
[45069, 5559, 83847, 48883, 26959, 83058, 45958, 67531, 65591, 7762, 87975, 45564, 30660, 15350, 6424, 47044, 31112, 22503, 29050, 18156, 77146, 740, 95312, 5713, 51544, 15796, 59426, 80350, 52360, 66556, 99121, 1463, 80531, 7251, 95920, 57220, 94469, 81048, 68356, 19913, 47898, 13369, 28867, 40555, 78187, 51565, 73166, 78991, 53799, 63383, 34068, 77438, 1974, 92576, 96242, 73177, 39841, 75768, 42837, 37560, 85482, 8773, 72488, 7466, 30193, 40333, 90230, 15505, 86446, 75131, 14104, 668, 5389, 96303, 72831, 51649, 62375, 54102, 24890, 23513, 57544, 78805, 39708, 70843, 27509, 81922, 91666, 45917, 75427, 99272, 42548, 87411, 89390, 62026, 30106, 71143, 64030, 51117, 13244, 96353, 66388, 73274, 84811, 74808, 85149, 79294, 47700, 56338, 78831, 64598, 45716, 83045, 41701, 96962, 88636, 74442, 18391, 14033, 3187, 50434, 42514, 1817, 93547, 99172, 22041, 84609, 47179, 11904, 60878, 45006, 52084, 66626, 31108, 48973, 88219, 72507, 62139, 30854, 42022, 15317, 22172, 709, 41861, 48736, 99409, 93819, 10162, 27533, 90976, 82350, 72961, 42536, 85086, 11022, 14731, 89314, 60296, 83313, 17414, 87415, 97097, 38524, 18299, 9172, 40602, 9045, 7902, 74464, 63974, 76235, 68120, 70813, 52876, 54952, 45239, 88915, 47956, 53945, 85254, 33161, 13433, 5944, 22598, 67126, 76572, 48290, 91058, 87547, 84589, 89507, 50097, 60373, 4324, 19248, 23758, 54759, 403, 23845, 25209, 17328, 33905, 64782, 17993, 90967, 41018, 29136, 38519, 89521, 12758, 80507, 43671, 34097, 98848, 610, 45918, 28757, 75399, 19602, 39815, 4597, 16427, 50442, 33827, 80323, 39819, 63991, 93416, 38766, 16985, 15166, 12158, 86472, 40267, 38862, 95189, 36254, 59878, 9027, 55651, 50833, 31159, 66075, 3388, 63976, 53521, 76177, 78855, 24825, 45087, 46063, 17023, 40685, 99765, 34766, 58144, 84422, 60856, 51198, 9758, 34049, 54461, 65701, 81230, 86225, 38354, 90468, 58471, 46640, 81672, 23517, 3797, 75782, 40155, 12532, 37121, 69425, 18566, 39085, 33037, 48306, 81097, 39081, 50129, 93043, 75069, 59038, 64598, 52407, 94978, 62927, 75756, 11333, 80702, 85774, 88117, 87065, 76269, 87588, 4896, 25887, 33280, 67506, 35503, 61953, 67365, 63599, 33793, 93010, 96323, 5885, 63199, 6482, 3203, 33785, 44286, 73262, 83042, 38669, 66158, 55513, 28672, 46821, 28039, 25056, 92304, 6983, 86674, 39428, 42148, 37049, 4417, 55731, 63887, 92857, 82486, 97151, 29121, 74386, 280, 73780, 10810, 70773, 53335, 85047, 79093, 84003, 54384, 64212, 10889, 86666, 4508, 52049, 73377, 93634, 20396, 62993, 24193, 57580, 54486, 80613, 42321, 88182, 99591, 6067, 4727, 11770, 57505, 17228, 8619, 90670, 65791, 8009, 42936, 13395, 25878, 56879, 27325, 53489, 20322, 83325, 3297, 95047, 29151, 80000, 63178, 40854, 15276, 864, 27626, 24518, 19506, 86029, 4834, 44162, 4876, 80528, 64423, 52521, 23497, 45716]
Tree:
None

Fitness:
[0.06741573033707865, 0.49104887537529146]