Generation:
60

Phenotype:
def p():
  x = 0.0
  index = 27
  n = 26
  b = 7
  c = sum(opposite[-index:])
  if abs(sum(main[:-index]) - sum(opposite[-index:])) > 500:
    x = 0.3
  index = 34
  n = 50
  b = 42
  c = sum(opposite[-index:])
  if c > main[b]:
    x = (x * 0.3)
  index = 39
  n = 31
  b = 43
  c = opposite[7]
  if c > sum(opposite[:-index]) - opposite[b]:
    x = (x / 0.7)
  return x
XXX_output_XXX = p()

Genotype:
[47463, 37528, 53681, 77076, 34656, 29231, 58064, 64266, 35911, 28879, 43263, 94697, 59712, 70050, 89560, 65219, 60756, 81297, 66360, 37602, 16993, 13176, 14875, 24065, 48602, 10193, 45126, 99600, 63573, 38991, 9822, 59712, 32414, 38428, 90368, 66708, 85742, 66360, 47113, 14676, 51684, 31345, 40996, 71239, 11415, 35992, 41155, 45295, 96092, 27096, 90017, 54997, 68397, 92713, 75853, 71705, 87721, 47993, 68629, 67986, 9717, 32934, 54933, 34344, 30938, 70572, 74823, 27779, 17522, 76216, 98469, 72157, 49674, 32972, 91592, 78935, 66894, 15082, 66360, 47113, 20794, 11426, 86455, 37710, 16807, 6117, 29785, 4460, 15213, 38991, 69027, 44624, 5649, 92709, 57883, 79249, 43263, 94697, 5017, 70050, 57476, 79990, 85848, 20251, 66360, 47113, 76800, 11426, 12412, 88181, 89903, 13721, 13477, 77174, 63573, 38991, 7532, 94607, 11958, 33970, 8692, 73943, 83981, 41007, 18241, 41906, 14378, 43263, 85323, 42968, 70050, 38428, 76665, 85848, 81297, 66360, 47113, 14676, 25605, 86455, 22682, 89903, 10193, 47869, 33741, 63573, 38991, 9822, 51626, 30146, 1843, 97809, 73943, 55351, 3967, 77383, 52551, 60616, 26497, 74835, 63927, 38636, 7980, 56857, 44391, 64633, 81448, 57334, 97889, 4079, 30184, 98475, 81589, 23769, 96302, 373, 10268, 67055, 76438, 5913, 77650, 34364, 70834, 51798, 52960, 92165, 80659, 93085, 98881, 56885, 18075, 23645, 43939, 40156, 57668, 90137, 35647, 85136, 84009, 7569, 98088, 76297, 97430, 12191, 55214, 55864, 34869, 57034, 69473, 27074, 48908, 19509]
Tree:
None

Fitness:
[0.9011506276150628, 0.5054485826865489]