Generation:
60

Phenotype:
def p():
  x = 0.0
  index = 27
  n = 46
  b = 13
  c = sum(opposite[-index:])
  if abs(sum(main[-index:]) - sum(opposite[:-index])) > 100:
    x = 0.8
  index = 46
  n = 2
  b = 10
  c = sum(opposite[:-index]) - opposite[b]
  if opposite[0] < opposite[b] + 0:
    x = (x - 0.9)
  return x
XXX_output_XXX = p()

Genotype:
[41199, 24391, 53681, 77076, 34656, 34173, 96538, 88343, 93241, 79051, 81309, 58841, 15604, 70050, 45040, 79990, 82733, 20251, 66360, 44007, 76800, 78262, 22843, 63923, 35600, 75235, 31579, 87721, 96092, 79016, 67986, 52145, 58677, 88641, 74080, 45749, 64, 2615, 39627, 11721, 42730, 15077, 74778, 64268, 27779, 18674, 75878, 98469, 73069, 19420, 32972, 99686, 38620, 66894, 15082, 66360, 47113, 45484, 12846, 86455, 37710, 16807, 39819, 29785, 1471, 15213, 38991, 69027, 8552, 19059, 76678, 57883, 79249, 43263, 73373, 5017, 75780, 57476, 79990, 41637, 20251, 66360, 47113, 76800, 11426, 4147, 26388, 2963, 13721, 46321, 40730, 68652, 38991, 81776, 94607, 11958, 33970, 31072, 75918, 94852, 98469, 72157, 49674, 32972, 50896, 78935, 39415, 15082, 8274, 20217, 13547, 41311, 26973, 34325, 82454, 44034, 12068, 90913, 87557, 5121, 15705, 62057, 66172, 39563, 41078, 24850, 76706, 41960, 3759, 34150, 21492, 43702, 35543, 86217, 2795, 57956, 2375, 5813, 59111, 31663, 78858, 61207, 517, 83305, 15710, 12322, 84374, 8497, 32193, 52032, 75363, 64114, 1034, 28942, 70451, 37805, 58877, 82516, 4301, 34541, 996, 73750, 70530, 29438, 57350, 25514, 97088, 84512, 49075, 13473, 51714, 53216, 18666, 4903, 99347, 7982, 69090, 97480, 11673, 7433, 64486, 40036, 62003, 97151, 85759, 92683, 47378, 87372, 87345, 37043, 19457, 23544, 5927, 68428, 4106, 20474, 77140, 86291, 20346, 84103, 38944, 2114, 26541, 33217, 29653, 2880, 18757, 19037, 87011, 55464, 92859, 75130, 48833, 42601, 73202, 6999, 45184, 25988, 16002, 47016, 81651, 42611, 49455, 60899, 71296, 91534, 55242, 56867, 47942, 4616, 94024, 70010, 92826, 75762, 79276, 37374, 94316, 43749, 91845, 68378, 65095, 58530, 15108, 57780, 45037, 29337, 81455, 72688, 47912, 80903, 10994, 27826, 17418, 71520, 14192]
Tree:
None

Fitness:
[0.42076359832635984, 0.5059135472687456]