Generation:
60

Phenotype:
def p():
  x = 0.0
  index = 27
  n = 10
  b = 42
  c = opposite[41]
  if opposite[50] < main[37] + 3:
    x = (x + 0.8)
  index = 24
  n = 32
  b = 44
  c = sum(main[-index:])
  if abs(sum(main) - sum(opposite)) > 5000:
    x = (x - 1.0)
  return x
XXX_output_XXX = p()

Genotype:
[47463, 16936, 53681, 94120, 34656, 30130, 90484, 8541, 92709, 51080, 79249, 43263, 94697, 77089, 9083, 57476, 79990, 74395, 61573, 40996, 77427, 20436, 2486, 50871, 50046, 50114, 50002, 69251, 44841, 67368, 70050, 45040, 79990, 68629, 2968, 73737, 87269, 9717, 32934, 54933, 34344, 30938, 70572, 74823, 27779, 17522, 76216, 98469, 72157, 49674, 32972, 91592, 78935, 66894, 15082, 66360, 47113, 20794, 11426, 86455, 37710, 16807, 6117, 29785, 4460, 15213, 38991, 69027, 44624, 5649, 92709, 57883, 79249, 43263, 94697, 5017, 70050, 57476, 79990, 85848, 20251, 66360, 47113, 76800, 11426, 12412, 88181, 89903, 13721, 13477, 77174, 63573, 38991, 7532, 94607, 11958, 33970, 8692, 73943, 83981, 41007, 18241, 41906, 14378, 43263, 85323, 42968, 70050, 38428, 76665, 85848, 81297, 66360, 47113, 14676, 25605, 86455, 22682, 89903, 10193, 47869, 33741, 63573, 38991, 9822, 51626, 30146, 1843, 97809, 73943, 55351, 3967, 77383, 52551, 60616, 26497, 74835, 63927, 38636, 7980, 56857, 44391, 64633, 81448, 57334, 97889, 4079, 30184, 98475, 81589, 23769, 96302, 373, 10268, 67055, 76438, 5913, 77650, 34364, 70834, 51798, 52960, 92165, 80659, 93085, 98881, 56885, 18075, 23645, 43939, 40156, 57668, 90137, 35647, 85136, 84009, 7569, 98088, 76297, 97430, 12191, 55214, 55864, 34869, 57034, 69473, 27074, 48908, 19509]
Tree:
None

Fitness:
[0.4121338912133891, 0.5064327673992214]