Generation:
60

Phenotype:
def p():
  x = 0.0
  index = 27
  n = 39
  b = 34
  c = sum(main[-index:])
  if abs(sum(main[:-index]) - sum(opposite[-index:])) > 500:
    x = 0.9
  index = 29
  n = 43
  b = 43
  c = main[b] - sum(opposite[-index:]) + main[b] - sum(opposite[-index:]) - sum(main[-index:]) + sum(opposite[:-index])
  if abs(sum(main[:-index]) - sum(opposite[:-index])) > 5000:
    x = (x / 0.7)
  return x
XXX_output_XXX = p()

Genotype:
[13469, 14729, 53681, 6127, 34656, 29892, 85464, 85401, 66436, 33690, 31953, 82848, 84814, 70050, 35888, 76665, 85848, 81297, 66360, 12348, 14676, 71151, 63881, 7408, 40996, 11721, 42730, 2486, 71705, 24370, 86152, 40996, 11721, 24086, 35992, 71705, 3816, 79766, 68629, 90017, 40996, 68397, 92713, 35992, 55828, 87721, 96092, 68629, 67986, 52145, 89348, 88641, 95331, 85952, 44408, 3412, 70572, 74823, 27779, 22450, 31028, 98469, 72157, 49674, 12134, 50896, 78935, 69776, 15082, 8274, 35255, 25098, 17682, 26973, 72153, 47817, 14498, 12068, 47578, 87557, 752, 21072, 62057, 46938, 39563, 72262, 72062, 76706, 41960, 3759, 34150, 94964, 73319, 35543, 86217, 2795, 57956, 2375, 5813, 59111, 31663, 78858, 61207, 517, 83305, 97281, 51433, 38391, 65231, 32193, 94611, 75363, 64114, 1034, 81699, 70451, 37805, 58877, 10340, 4301, 34541, 996, 73750, 71160, 29438, 57350, 51274, 97088, 84512, 49075, 13473, 51714, 53216, 18666, 4903, 99347, 7982, 69090, 97480, 11673, 11882, 64486, 40036, 58118, 97151, 38713, 92683, 47378, 87372, 87345, 37043, 7243, 23544, 5927, 68428, 84702, 20474, 99653, 22994, 56646, 84103, 90669, 2114, 17543, 33217, 29653, 2880, 18757, 19037, 87011, 55464, 92859, 75130, 66407, 42601, 73202, 6999, 2139, 26689, 81025, 23955, 81651, 42611, 49455, 60899, 71296, 91534, 55242, 56867, 47942, 4616, 94024, 70010, 92826, 33152, 79276, 37374, 94316, 43749, 91845, 68960, 65095, 58530, 15108, 2362, 45037, 29337, 81455, 72688, 71133, 80903, 58809, 27826, 17418, 71520, 14192]
Tree:
None

Fitness:
[0.9011506276150628, 0.5054485826865489]