Generation:
60

Phenotype:
def p():
  x = 0.0
  index = 2
  n = 50
  b = 37
  c = sum(main[:-index])
  if abs(sum(main[-index:]) - sum(opposite[:-index])) > 1000:
    x = (x - 1.0)
  index = 6
  n = 1
  b = 6
  c = sum(opposite[-index:]) + sum(main[-index:]) - sum(opposite[-index:])
  if abs(sum(main) - sum(opposite)) > 1000:
    x = 0.3
  return x
XXX_output_XXX = p()

Genotype:
[27951, 39100, 53681, 77076, 33662, 67674, 22592, 29836, 40429, 37611, 81309, 67126, 5017, 70050, 16126, 79990, 68629, 40003, 73737, 87269, 92212, 32934, 54933, 34344, 34426, 70572, 74823, 27779, 95471, 75878, 98469, 73069, 49674, 32972, 91592, 78935, 66894, 15082, 66360, 47113, 20364, 56411, 96340, 37710, 42395, 6117, 29785, 77512, 15213, 38991, 93275, 37531, 5649, 76678, 57883, 79249, 43263, 94697, 5017, 70050, 57476, 79990, 85848, 7271, 66360, 47113, 76800, 11426, 4147, 88181, 89903, 13721, 13477, 50301, 63573, 38991, 7532, 94607, 11958, 45412, 21638, 66360, 61882, 14676, 11426, 86455, 22682, 55968, 10193, 92044, 24194, 63573, 71705, 87721, 96092, 68629, 67986, 52145, 89348, 88641, 565, 54933, 36491, 3412, 70572, 74823, 27779, 17522, 31028, 98469, 72157, 49674, 32972, 50896, 78935, 69776, 15082, 8274, 35255, 25098, 17682, 26973, 72153, 47817, 14498, 12068, 47578, 87557, 752, 21072, 62057, 46938, 39563, 72262, 72062, 76706, 41960, 3759, 34150, 94964, 73319, 35543, 86217, 2795, 57956, 2375, 5813, 59111, 31663, 78858, 61207, 517, 83305, 97281, 51433, 38391, 65231, 32193, 94611, 75363, 64114, 1034, 81699, 70451, 37805, 58877, 10340, 4301, 34541, 996, 73750, 71160, 29438, 57350, 51274, 97088, 84512, 49075, 13473, 51714, 53216, 18666, 4903, 99347, 7982, 69090, 97480, 11673, 11882, 64486, 40036, 58118, 97151, 38713, 92683, 47378, 87372, 87345, 37043, 7243, 23544, 5927, 68428, 84702, 20474, 99653, 22994, 56646, 84103, 90669, 2114, 17543, 33217, 29653, 2880, 18757, 19037, 87011, 55464, 92859, 75130, 66407, 42601, 73202, 6999, 2139, 26689, 81025, 23955, 81651, 42611, 49455, 60899, 71296, 91534, 55242, 56867, 47942, 4616, 94024, 70010, 92826, 33152, 79276, 37374, 94316, 43749, 91845, 68960, 65095, 58530, 15108, 2362, 45037, 29337, 81455, 72688, 71133, 80903, 58809, 27826, 17418, 71520, 14192]
Tree:
None

Fitness:
[0.9184100418410042, 0.5037568892246568]