Generation:
60

Phenotype:
def p():
  x = 0.0
  index = 8
  n = 50
  b = 10
  c = sum(opposite[:-index])
  if opposite[b] < main[34] + 8:
    x = (x - 1.0)
  index = 50
  n = 44
  b = 6
  c = sum(main[-index:]) + sum(opposite[-index:]) - main[31]
  if abs(sum(main) - sum(opposite)) > 5000:
    x = 0.1
  index = 24
  n = 39
  b = 37
  c = sum(main[:-index])
  if abs(sum(main[-index:]) - sum(opposite[-index:])) > 100:
    x = 0.4
  index = 19
  n = 47
  b = 13
  c = sum(main[:-index])
  if c > opposite[b]:
    x = (x * 0.7)
  return x
XXX_output_XXX = p()

Genotype:
[11573, 49981, 53681, 77076, 87473, 81348, 22592, 29836, 57895, 61431, 81309, 21833, 5017, 67399, 12333, 79990, 68629, 2968, 73737, 87269, 40189, 32934, 57731, 34344, 50279, 59479, 74823, 58416, 17522, 76216, 98469, 98218, 49674, 32972, 91592, 78935, 66894, 74569, 66360, 47113, 20794, 81562, 64444, 37710, 16807, 50422, 29785, 4460, 15213, 38991, 69027, 44624, 5649, 67932, 78271, 79249, 43263, 90350, 5017, 70050, 57476, 79990, 85848, 20251, 66360, 47113, 76800, 53768, 12412, 88181, 77975, 28166, 13477, 77174, 63573, 93948, 88779, 94607, 11958, 97450, 67717, 73943, 11426, 86455, 4687, 38805, 10193, 16235, 77174, 51121, 45559, 63109, 32209, 65197, 96916, 15968, 26329, 74121, 46973, 4456, 71212, 64242, 31012, 71214, 91588, 24932, 66677, 41485, 35203, 68909, 61498, 38270, 47204, 67071, 13004, 60740, 55045, 88775, 42284, 50684, 97794, 21786, 11721, 16957, 35992, 71705, 87721, 96092, 68629, 90017, 41541, 68397, 18956, 79027, 71705, 87721, 96092, 68629, 67986, 52145, 89348, 88641, 565, 19451, 36491, 3412, 70572, 74823, 27779, 17522, 15218, 98469, 55572, 49674, 32972, 50896, 98486, 72899, 15082, 8274, 35255, 30069, 7024, 6905, 66403, 47817, 14498, 22287, 47578, 87557, 752, 21072, 62057, 46938, 39563, 72262, 72062, 17823, 41960, 3759, 34150, 94964, 73319, 35543, 86217, 2795, 56236, 2375, 5813, 59111, 31663, 78858, 61207, 517, 83305, 97281, 51433, 38391, 87484, 32193, 94611, 75363, 64114, 1034, 81699, 70451, 37805, 58877, 48045, 4301, 34541, 21525, 73750, 71160, 29438, 57350, 2801, 97088, 84512, 49075, 13473, 69844, 53216, 18666, 4903, 99347, 7982, 69090, 97480, 11673, 11882, 99501, 40036, 58118, 97151, 38713, 79656, 47378, 87372, 87345, 24509, 7243, 23544, 5927, 68428, 72018, 20474, 99653, 22994, 1995, 84103, 90669, 2114, 44972, 33217, 29653, 2880, 18757, 91422, 87011, 55464, 92859, 75130, 66407, 7474, 73202, 6999, 2139, 26689, 27308, 23955, 81651, 42611, 49455, 12692, 24643, 91534, 55242, 56867, 47942, 4616, 94024, 70010, 92826, 33152, 79276, 37374, 30339, 43749, 91845, 68960, 65095, 58530, 15108, 2362, 45037, 29337, 81455, 72688, 71133, 80903, 39625, 27826, 17418, 71520, 14192]
Tree:
None

Fitness:
[0.9568514644351465, 0.5028574019327549]