Generation:
60

Phenotype:
def p():
  x = 0.0
  index = 27
  n = 9
  b = 13
  c = opposite[b]
  if main[4] < main[11] + 1:
    x = 0.7
  index = 10
  n = 8
  b = 31
  c = main[b] * sum(main[:-index]) - sum(main[:-index])
  if sum(main[:-index]) > opposite[b]:
    x = (x * 0.5)
  return x
XXX_output_XXX = p()

Genotype:
[81042, 24391, 96429, 77076, 34656, 34173, 43512, 88343, 93241, 79051, 59893, 58841, 15604, 70050, 6532, 79990, 82733, 20251, 46620, 97196, 35600, 75235, 31579, 87721, 96092, 88911, 99991, 52145, 89348, 88641, 74080, 46224, 30638, 50612, 39627, 11721, 60654, 15077, 42341, 42363, 86152, 26871, 44536, 45291, 56772, 68629, 77324, 40996, 19217, 92713, 49144, 51163, 87721, 81399, 45415, 79524, 19245, 45829, 92981, 35868, 87910, 56896, 11721, 44820, 35992, 71705, 42363, 96092, 98705, 20449, 99445, 35868, 90017, 40996, 11721, 44820, 35992, 71705, 42363, 96092, 98705, 20449, 40996, 68397, 92713, 35992, 71705, 87721, 96092, 68629, 67986, 52145, 89348, 88641, 565, 54933, 36491, 3412, 70572, 74823, 27779, 17522, 31028, 98469, 72157, 49674, 32972, 50896, 78935, 69776, 15082, 8274, 35255, 25098, 17682, 26973, 72153, 47817, 14498, 12068, 47578, 87557, 752, 21072, 62057, 46938, 39563, 72262, 72062, 76706, 41960, 3759, 34150, 94964, 73319, 35543, 86217, 2795, 57956, 2375, 5813, 59111, 31663, 78858, 61207, 517, 83305, 97281, 51433, 38391, 65231, 32193, 94611, 75363, 64114, 1034, 81699, 70451, 37805, 58877, 10340, 4301, 34541, 996, 73750, 71160, 29438, 57350, 51274, 97088, 84512, 49075, 13473, 51714, 53216, 18666, 4903, 99347, 7982, 69090, 97480, 11673, 11882, 64486, 40036, 58118, 97151, 38713, 92683, 47378, 87372, 87345, 37043, 7243, 23544, 5927, 68428, 84702, 20474, 99653, 22994, 56646, 84103, 90669, 2114, 17543, 33217, 29653, 2880, 18757, 19037, 87011, 55464, 92859, 75130, 66407, 42601, 73202, 6999, 2139, 26689, 81025, 23955, 81651, 42611, 49455, 60899, 71296, 91534, 55242, 56867, 47942, 4616, 94024, 70010, 92826, 33152, 79276, 37374, 94316, 43749, 91845, 68960, 65095, 58530, 15108, 2362, 45037, 29337, 81455, 72688, 71133, 80903, 58809, 27826, 17418, 71520, 14192]
Tree:
None

Fitness:
[0.8938284518828452, 0.5055763633858961]