Generation:
60

Phenotype:
def p():
  x = 0.0
  index = 27
  n = 26
  b = 39
  c = sum(opposite[-index:])
  if abs(sum(main[:-index]) - sum(opposite[-index:])) > 500:
    x = (x + 0.4)
  return x
XXX_output_XXX = p()

Genotype:
[65256, 2508, 33004, 62101, 34656, 13592, 58064, 89426, 51957, 19893, 43263, 8327, 59712, 70050, 38428, 72993, 85848, 81297, 56896, 35413, 58207, 35992, 71705, 42363, 96092, 71705, 42363, 96092, 23520, 81309, 51066, 5017, 70050, 45040, 79990, 85848, 70050, 86086, 28317, 85848, 33934, 32846, 47113, 14676, 69356, 67863, 85848, 10237, 66360, 57999, 14676, 69356, 88455, 53287, 31489, 56465, 39477, 37092, 90017, 25159, 66359, 92713, 23646, 40024, 15096, 23282, 34491, 41230, 85401, 49069, 63332, 69861, 85323, 42968, 48721, 38428, 76665, 85848, 31884, 66360, 58513, 76836, 25605, 86455, 67695, 89903, 10193, 47869, 33741, 63573, 38991, 9822, 51626, 30146, 1843, 97809, 73943, 55351, 3967, 77383, 52551, 60616, 26497, 74835, 63927, 38636, 7980, 56857, 44391, 64633, 81448, 57334, 97889, 4079, 30184, 98475, 81589, 23769, 96302, 373, 10268, 67055, 76438, 5913, 77650, 34364, 70834, 51798, 52960, 92165, 80659, 93085, 98881, 56885, 18075, 23645, 43939, 40156, 57668, 90137, 35647, 85136, 84009, 7569, 98088, 76297, 97430, 12191, 55214, 55864, 34869, 57034, 69473, 27074, 48908, 19509]
Tree:
None

Fitness:
[0.9011506276150628, 0.5054485826865489]