Generation:
1

Phenotype:
def p():
  x = 0.0
  index = 11
  n = 2
  b = 16
  c = sum(main[:-index])
  if sum(opposite[-index:]) * main[22] / sum(main[-index:]) < sum(opposite[:-index]) * sum(main[:-index]):
    x = (x + 0.3)
  return x
XXX_output_XXX = p()

Genotype:
[79306, 56241, 43984, 82972, 52949, 88084, 37793, 71183, 37093, 81966, 1815, 17656, 71039, 98511, 73031, 84182, 97617, 8543, 72056, 34430, 59723, 34147, 60187, 1014, 74992, 88295, 75675, 54694, 98162, 15377, 38576, 99242, 46020, 22415, 50087, 56726, 3360, 74454, 25473, 58901, 96962, 89402, 47585, 16400, 33452, 4509, 9969, 61020, 13133, 6940, 79634, 62025, 79847, 37083, 73677, 72530, 22042, 44341, 24632, 49249, 23868, 76958, 58519, 4004, 28539, 88760, 5024, 85585, 14798, 95924, 56376, 74815, 26405, 76146, 66045, 34678, 66347, 26200, 18004, 32870, 2696, 63689, 87476, 2372, 80193, 37087, 87970, 36372, 65865, 98071, 52877, 87794, 95183, 8960, 54575, 56563, 73208, 99200, 33554, 74364, 17456, 74315, 97323, 99202, 5102, 71148, 94175, 51102, 75906, 18764, 82489, 94726, 90621, 77315, 93719, 51585, 33268, 57995, 42027, 28805, 30797, 96719, 4622, 77013]
Tree:
None

Fitness:
[1.0, 0.5]