Generation:
60

Phenotype:
def p():
  x = 0.0
  index = 18
  if main[index] < 1:
    if main[index] > main[index] + 0.6:
      x = (x + 0.01)
  else:
    if main[index] < opposite[index] + 7:
      x = (x + 0.7)
    else:
      x = (x + 0.0000001)
  return x
XXX_output_XXX = p()

Genotype:
[51995, 48348, 42532, 52112, 6102, 8651, 54006, 15768, 83318, 68347, 26056, 9061, 92295, 63988, 84477, 97327, 3274, 18604, 82712, 12288, 51670, 26056, 42391, 92295, 32114, 84477, 38807, 99546, 13742, 40158, 31195, 31300, 27205, 32468, 40220, 19404, 61627, 91200, 19771, 58564, 19602, 47026, 18512, 58104, 79691, 15961, 14863, 40158, 70584, 53415, 93953, 32361, 98197, 45699, 33067, 66917, 46096, 62621, 58774, 85669, 29291, 39126, 18604, 24119, 81889, 26056, 65781, 92295, 32114, 84477, 38807, 3274, 18604, 47000, 15961, 19968, 40158, 20545, 31300, 96453, 15288, 40220, 64449, 40989, 19681, 28102, 53852, 40375, 70584, 79645, 93119, 45691, 44672, 24399, 46432, 78041, 75590, 85669, 29291, 39126, 40285, 10202, 53507, 2145, 52318, 62549, 23987, 89100, 61044, 8782, 82826, 73043, 60957, 75745, 80241, 33431, 3328, 79636, 72087, 74468, 29709, 29864, 38239, 3959, 11852, 35920, 93944, 98580, 82213, 97746, 99543, 56220, 22335, 8669, 76978, 59910, 2361, 560, 41043, 9812, 36191, 32257]
Tree:
None

Training fitness:
[0.8314606741573034, 0.5444924412398661]
Test fitness:
[0.0, 0.5]