Generation:
60

Phenotype:
def p():
  x = 0.0
  index = 18
  if main[index] < 1:
    if main[index] < main[index] + 0.6:
      x = (x + 0.01)
  else:
    if main[index] < opposite[index] + 7:
      x = (x + 0.7)
    else:
      x = (x + 0.01)
  return x
XXX_output_XXX = p()

Genotype:
[24642, 48348, 42532, 52112, 6102, 8651, 29317, 15768, 83318, 68347, 26056, 65781, 92295, 32114, 84477, 38807, 3274, 18604, 24866, 81285, 23878, 26056, 47468, 92295, 32114, 84477, 97327, 3274, 18604, 47000, 81889, 85196, 93953, 19771, 58564, 19602, 87832, 18512, 75201, 54793, 84089, 31746, 49202, 37324, 90281, 87604, 31671, 10029, 43134, 53807, 93647, 63095, 25826, 32114, 96453, 7416, 3274, 95203, 63346, 83321, 70584, 88856, 93953, 45691, 6940, 79920, 46432, 71255, 96453, 7416, 51039, 25529, 6358, 83321, 70584, 88856, 93953, 45691, 68566, 34819, 46432, 78041, 75590, 85669, 29291, 39126, 40285, 10202, 53507, 2145, 52318, 62549, 23987, 89100, 61044, 8782, 82826, 73043, 60957, 75745, 80241, 33431, 3328, 79636, 72087, 74468, 29709, 29864, 38239, 3959, 11852, 35920, 93944, 98580, 82213, 97746, 99543, 56220, 22335, 8669, 76978, 59910, 2361, 560, 41043, 9812, 36191, 32257]
Tree:
None

Training fitness:
[0.8314606741573034, 0.5444924412398661]
Test fitness:
[0.0, 0.5]