Generation:
60

Phenotype:
def p():
  x = 0.0
  index = 18
  if main[index] < 1:
    if opposite[index] < main[index] + 0.6:
      x = (x - 0.01)
  else:
    if main[index] < opposite[index] + 7:
      x = (x + 0.7)
    else:
      x = (x + 0.1)
  return x
XXX_output_XXX = p()

Genotype:
[58958, 19386, 42532, 86838, 6102, 8651, 94305, 64609, 49958, 68347, 64989, 65781, 63693, 32114, 34539, 38807, 3274, 18604, 47000, 45942, 85779, 71317, 22406, 28237, 23878, 93029, 18512, 75201, 54793, 84089, 75970, 89661, 52890, 90281, 44441, 6358, 6102, 8651, 6899, 33472, 55043, 8651, 23077, 66874, 27869, 18819, 92119, 80427, 35532, 8651, 80188, 15768, 27869, 71735, 87528, 95547, 70584, 72348, 44006, 48601, 6940, 34819, 68707, 78041, 31434, 78041, 5557, 85669, 29291, 39126, 40285, 10202, 53507, 71292, 52318, 62549, 23987, 89100, 85027, 27534, 82826, 79285, 60957, 75745, 9487, 33431, 8651, 6899, 15768, 27869, 48711, 89521, 85521, 70584, 40220, 96453, 7416, 19681, 15772, 53852, 40285, 10202, 53507, 2145, 52318, 62549, 23987, 89100, 61044, 8782, 82826, 73043, 60957, 75745, 80241, 33431, 3328, 79636, 72087, 74468, 29709, 29864, 38239, 3959, 11852, 35920, 93944, 98580, 82213, 97746, 99543, 56220, 22335, 8669, 76978, 59910, 2361, 560, 41043, 9812, 36191, 32257]
Tree:
None

Training fitness:
[0.8314606741573034, 0.5444924412398661]
Test fitness:
[0.0, 0.5]