Generation:
1

Phenotype:
def p():
  x = 0.0
  index = 9
  if sum(opposite[-index:]) < sum(main) / 52 + main[index]:
    x = (x - 0.0001)
  index = 0
  if abs(sum(main[:-index]) - sum(opposite[:-index])) > 1000:
    x = (x - 0.00001)
  index = 32
  if main[index] < 1:
    if main[index] > opposite[index] + 0.0000001:
      x = (x + 0.0000001)
  else:
    if opposite[index] < opposite[index] + 0:
      x = (x + 0.00001)
    else:
      x = (x + 0.3)
  return x
XXX_output_XXX = p()

Genotype:
[95061, 96179, 72586, 25071, 84457, 54619, 40424, 66963, 64494, 67057, 82002, 61188, 64223, 6150, 67960, 92201, 63054, 29539, 66467, 73996, 81670, 4836, 79488, 44810, 62181, 14699, 30523, 47007, 76082, 11584, 19311, 98520, 42422, 42614, 3434, 25083, 40288, 1868, 94064, 16251, 49427, 57475, 12200, 66506, 24258, 53998, 92696, 77067, 26426, 99240, 79358, 66993, 15062, 33349, 97422, 65536, 69197, 44247, 67983, 37311, 86589, 59490, 4097, 11854, 45365, 92398, 70386, 10547, 24629, 44005, 44274, 82104, 14844, 54403, 52172, 7017, 39934, 63844, 81046, 14331, 86093, 45431, 35893, 6621, 69160, 58301, 4820, 92510, 7475, 19053, 99109, 82951, 91458, 47327, 37541, 87519, 86081, 23833, 61938, 34685, 11756, 83156, 90660, 30020, 47310, 20326, 21605, 84743, 1123, 5510, 42886, 17166, 80383, 3388, 94032, 62033, 45043, 70690, 24906, 44274, 52897, 14844, 36315, 52172, 65007, 39934, 63302, 81046, 74278, 86093, 45431, 35893, 6621, 69160, 17440, 35666, 3089, 7475, 30551, 99109, 2836, 91458, 94197, 21044, 87519, 86081, 23833, 61938, 34685, 47262, 83156, 90660, 30020, 17688, 74463, 88916, 84743, 1123, 5510, 42886, 11809, 80383, 3388, 94032, 99663, 45043, 70690, 24906, 9304, 59699, 58098, 13592, 26877, 6732, 98450, 78283, 42245, 5544, 401, 61961, 4746, 27681, 15463, 65531, 87891, 15814, 65198, 70673, 32579, 26564, 89700, 87060, 59345, 68575, 66752, 51904, 65972, 14440, 65368, 29883, 4349, 45587, 44567, 76207, 34571, 75131, 39701, 18189, 22499, 54795, 2629, 70925, 24092, 67749, 29549, 48457, 51797, 98877, 1882, 60226, 44378, 80116, 27608, 95505, 52680, 37108, 23288]
Tree:
None

Fitness:
[0.9801255230125523, 0.5015600178428322]