Generation:
44

Phenotype:
def p():
  x = 0.0
  index = 1
  if opposite[index] > main[index] + sum(main[-index:]):
    x = (x + 0.8)
  return x
XXX_output_XXX = p()

Genotype:
[61771, 92198, 82884, 13161, 18253, 52102, 19937, 43105, 52102, 4286, 60355, 7401, 12762, 85588, 4620, 41872, 63862, 27006, 56797, 15015, 68483, 4579, 26249, 11360, 50625, 89402, 95836, 45464, 9119, 21316, 72074, 25889, 42659, 61747, 8067, 26575, 25723, 85675, 5000, 12361, 84628, 50699, 22347, 81830, 24999, 1682, 43942, 1775, 95351, 99914, 55406, 81085, 78339, 36149, 24483, 89490, 34967, 22364, 51368, 63096, 75192, 79664, 63804, 95894, 87039, 1228, 52797, 59220, 20365, 24309, 14705, 82863, 78298, 29474, 87768, 51188, 85777, 75255, 12526, 89175, 4053, 68689, 25803, 17649, 73296, 35071, 52271, 27328, 18690, 37114, 39576, 11651, 56204, 35756]
Tree:
None

Fitness:
[0.6348314606741573, 0.6160286588898136]