Generation:
44

Phenotype:
def p():
  x = 0.0
  index = 1
  if opposite[index] > main[index] + sum(main[-index:]):
    x = (x + 0.6)
  return x
XXX_output_XXX = p()

Genotype:
[59437, 92198, 82884, 13161, 18253, 52102, 19937, 43105, 58648, 4286, 13631, 7401, 33490, 85588, 83928, 41872, 63862, 27006, 83915, 43776, 24259, 56797, 13326, 79390, 72694, 37425, 29832, 80504, 68844, 94562, 77425, 26252, 48831, 74530, 5739, 30205, 82604, 82221, 73420, 87100, 58855, 29925, 98487, 69369, 75688, 12896, 29764, 42944, 91339, 17985, 36480, 56260, 13769, 72909, 42226, 99894, 57656, 45108, 28964, 80171, 2997, 81585, 5425, 60922, 74996, 11941, 15494, 88451, 48252, 8457, 88757, 76337, 26252, 31972, 80264, 12179, 95561, 12091, 97587, 84890, 53736, 65594, 86754, 44157, 10761, 22103, 89578, 60910, 53522, 32338, 98840, 99592, 45041, 19533, 18758, 26787, 48162, 43477, 32042, 23643, 80848, 80177, 24109, 34560, 98105, 17735, 75659, 68280, 58654, 32864, 27367, 52166, 69613, 76427, 91909, 34938, 96077, 91088, 57373, 58857, 58511, 35534, 73987, 50531, 48455, 37564, 33591, 85205, 34056, 763, 63937, 63279, 32029, 25617, 28177, 59351, 32882, 5217, 94992, 91387, 68829, 47400, 42383, 80700, 1996, 59214, 60518, 25105, 64920, 20236, 71334, 5851, 7119, 11038, 57335, 35372, 88253, 66428, 8416, 97388, 95267, 91248, 69924, 50697, 55293, 27256, 96215, 38546, 99516, 76732, 7075, 18283, 77617, 4722, 50928, 81979, 3652, 71248, 30754, 38195, 53914, 80208, 36507, 21617, 95903, 63088, 2094, 49054, 43769, 83584, 64995, 27210, 86456, 62921, 51625, 68372, 86312, 69073, 82356, 97089, 30312, 13794, 19638]
Tree:
None

Fitness:
[0.6348314606741573, 0.6160286588898136]