Generation:
44

Phenotype:
def p():
  x = 0.0
  index = 1
  if opposite[index] > main[index] + sum(main[-index:]):
    x = (x + 0.9)
  return x
XXX_output_XXX = p()

Genotype:
[84505, 96461, 82884, 13161, 18253, 52102, 19937, 18253, 52102, 4286, 80397, 7401, 12762, 27844, 4620, 41872, 91962, 57364, 37022, 63866, 19529, 83600, 66083, 31671, 97601, 82074, 67139, 21765, 93035, 82327, 66190, 86442, 65776, 44409, 67040, 49516, 18048, 50818, 26917, 33915, 55649, 62832, 48146, 57271, 5328, 84566, 24668, 9789, 74079, 93816, 44629, 42401, 65572, 12439, 80411, 35393, 1699, 29325, 43421, 91328, 61921, 99253, 97084, 22916, 19108, 3619, 83811, 86714, 63457, 97769, 7863, 37288, 59693, 35556, 36879, 85245, 99555, 83191, 74966, 45871, 15697, 82194, 93983, 11635, 42823, 67387, 34949, 52761, 51443, 31504, 4574, 90864, 44597, 8884, 82944, 75006, 16255, 42166, 83448, 93188, 38309, 46377, 83619, 98527, 96389, 44225, 36157, 63147, 37929, 1202, 81185, 1212, 61055, 90156, 45680, 95284, 96847, 63624, 81220, 90106, 19277, 17586, 71806, 5129, 71080, 61351, 55351, 73426, 77757, 11054, 19467, 48916, 10662, 52955, 34229, 39099, 3870, 28940, 32225, 3886, 39460, 78266, 94304, 68744, 47027, 87301, 82273, 14533, 63453, 56628, 90894, 93809, 96953, 19626, 49189, 1356, 2234, 35295, 11517, 99852, 18472, 9994, 41040, 84736, 20592, 24282, 52876, 5901, 81424, 13837, 97962, 68897, 14343, 86163, 94057, 10778, 55334, 44945, 64881, 33653, 56270, 80522, 31402, 95875, 49705, 23014, 62526, 7933]
Tree:
None

Fitness:
[0.6348314606741573, 0.6160286588898136]