Generation:
44

Phenotype:
def p():
  x = 0.0
  index = 1
  if opposite[index] > main[index] + sum(main[-index:]):
    x = (x + 1.0)
  return x
XXX_output_XXX = p()

Genotype:
[84505, 96461, 82884, 13161, 18253, 52102, 59357, 18253, 83134, 65654, 70068, 73669, 48556, 27844, 82408, 94608, 91962, 57364, 13791, 63866, 54749, 71090, 90479, 64527, 69079, 50766, 74996, 11941, 28932, 88451, 48252, 65756, 92410, 27101, 99439, 51186, 45008, 47583, 52313, 53736, 65594, 85122, 44157, 10761, 22103, 89578, 60910, 53522, 69964, 45731, 83110, 84881, 94667, 13369, 83110, 67824, 63481, 20072, 5494, 50336, 74445, 21862, 4099, 75945, 9957, 66496, 1031, 31860, 58685, 76665, 63708, 37369, 9809, 40473, 79234, 55662, 68138, 65765, 68044, 18180, 49281, 25241, 33450, 59920, 72633, 52823, 7269, 5661, 31637, 91154, 65340, 23202, 39499, 26611, 73382, 59137, 39789, 32887, 75967, 14465, 5620, 99253, 79479, 69578, 13482, 1708, 95101, 71879, 34100, 14906, 26228, 67022, 32611, 81303, 92860, 30190, 27926, 64620, 68870, 30216, 68727, 51403, 51067, 54819, 7722, 47535, 82397, 9385, 31508, 71059, 94105, 98541, 43715, 28341, 90430, 1721, 61619, 92762, 71788, 60371, 11251, 95221, 97596, 71940, 83586, 30582, 23902, 91755, 24192, 26483, 40213, 22943, 75521]
Tree:
None

Fitness:
[0.6348314606741573, 0.6160286588898136]