Generation:
44

Phenotype:
def p():
  x = 0.0
  index = 1
  if opposite[index] > main[index] + sum(main[-index:]):
    x = (x + 0.6)
  return x
XXX_output_XXX = p()

Genotype:
[61771, 92198, 82884, 13161, 18253, 52102, 19937, 43105, 52102, 4286, 13631, 7401, 33490, 85588, 83928, 41872, 63862, 27006, 48187, 72059, 59349, 43776, 24259, 56797, 37032, 56257, 73568, 98214, 27008, 11526, 51073, 90479, 83600, 31037, 43776, 24259, 63573, 29788, 1895, 91641, 46239, 84789, 62638, 99437, 69834, 5438, 38036, 47583, 9744, 82410, 52779, 58262, 27705, 3085, 63306, 94550, 46843, 54380, 30522, 4606, 83786, 66450, 57616, 82671, 3623, 60659, 2981, 2069, 37040, 58958, 47102, 49071, 25745, 13548, 59655, 80964, 67856, 66800, 85416, 60639, 13765, 57811, 48430, 93090, 93904, 292, 57644, 10022, 68344, 15369, 5921, 76480, 11838, 76274, 41364, 58800, 5013, 47918, 41299, 53442, 34505, 91848, 17071, 10953, 73902, 94723, 62974, 29842, 56982, 49519, 54077, 35474, 82440, 83266, 53754, 82804, 70, 86553, 84279, 76288, 17934, 88894, 22409, 88901, 5436, 21249, 26453, 28287, 54379, 55988, 32156, 39897, 86872, 48567, 29085, 75419, 97548, 94819, 59092, 69164, 18078, 75320, 37098, 32866, 16140, 80412, 69255]
Tree:
None

Fitness:
[0.6348314606741573, 0.6160286588898136]