Generation:
44

Phenotype:
def p():
  x = 0.0
  index = 1
  if opposite[index] > main[index] + sum(main[-index:]):
    x = (x + 0.8)
  return x
XXX_output_XXX = p()

Genotype:
[61771, 92198, 82884, 13161, 18253, 52102, 22869, 63295, 52102, 4286, 13404, 7401, 12762, 85588, 4620, 41872, 63862, 27006, 56797, 13326, 20794, 26240, 56081, 4197, 23904, 60537, 86252, 33791, 53225, 81191, 33256, 45441, 85615, 8124, 18253, 52102, 36757, 10235, 25699, 18989, 20868, 37917, 39141, 17798, 17013, 77299, 93659, 51629, 70515, 57565, 47432, 45532, 673, 92139, 4039, 28619, 19654, 68093, 69571, 22381, 37021, 16, 23987, 76385, 64334, 82065, 3820, 69383, 3109, 95003, 48304, 44819, 53826, 6596, 79360, 26079, 51615, 51022, 54098, 24593, 43989, 4622, 84112, 52374, 60249, 34965, 80708, 58018, 9359, 9398, 14986, 91504, 35488, 56820, 56814, 96176, 84036, 42616, 36127, 66861, 77489]
Tree:
None

Fitness:
[0.6348314606741573, 0.6160286588898136]