Generation:
44

Phenotype:
def p():
  x = 0.0
  index = 1
  if opposite[index] > main[index] + sum(main[-index:]):
    x = (x + 0.8)
  return x
XXX_output_XXX = p()

Genotype:
[78022, 92198, 82884, 13161, 18253, 52102, 22869, 63295, 29858, 4286, 80397, 7401, 12762, 85588, 4620, 41872, 63862, 27006, 56797, 21697, 51668, 18253, 52102, 36757, 80397, 7401, 85458, 9533, 4620, 72311, 39268, 72304, 98209, 74996, 93203, 88451, 91297, 5056, 66083, 75486, 24259, 56797, 10425, 56257, 59712, 92069, 45632, 74247, 76229, 31067, 20501, 23904, 5668, 53176, 65111, 95663, 6833, 25602, 90479, 19056, 82896, 28391, 5650, 63935, 37439, 24112, 90310, 13073, 72557, 36966, 28804, 41800, 65845, 31144, 30198, 69243, 24949, 1273, 17907, 30959, 55290, 70409, 68495, 17060, 41391, 90204, 82547, 83792, 14813, 95672, 88039, 23660, 76312, 83244, 75807, 70922, 70932, 19885, 7729, 42426, 85355, 6399, 66954, 79164, 37090, 24710, 24237, 5256, 49223, 3069, 44922, 57400, 25831, 8298, 11384, 35436, 23478, 63804, 66726, 75433, 86006, 31431, 20046, 95911, 97463, 36090, 88752, 44446, 28020, 17367, 27658, 43257, 84695, 66500, 28122, 53803, 23407, 93845, 63954, 34421, 25310, 50776, 35811, 55779, 75650, 46062, 4449, 95659, 2698, 7992, 20438, 80504, 86508, 35683, 67795, 18573, 11304, 61824, 93944, 30754, 37689, 93475, 14669, 9590, 49671, 70775, 61049, 87852, 19075, 17340, 79284, 59256, 47347, 8895, 64494, 34078, 55755, 66435, 84294, 49722, 17556, 78637, 67197, 56928, 34127, 65385, 33934, 75769, 44461]
Tree:
None

Fitness:
[0.6348314606741573, 0.6160286588898136]