Generation:
44

Phenotype:
def p():
  x = 0.0
  index = 1
  if opposite[index] > main[index] + sum(main[-index:]):
    x = (x + 0.6)
  return x
XXX_output_XXX = p()

Genotype:
[61771, 83037, 46856, 41210, 18253, 52102, 19937, 43105, 48332, 4286, 37309, 72109, 33490, 29958, 83928, 41872, 63862, 27006, 91179, 75041, 63997, 75135, 20868, 52408, 17506, 11744, 49318, 58581, 32800, 26789, 30471, 929, 22044, 47210, 64238, 20752, 3658, 42495, 49481, 13831, 32916, 94912, 61229, 22724, 35113, 87004, 18190, 76383, 70932, 19885, 20235, 31400, 85355, 71724, 46662, 79164, 23999, 52587, 83193, 74909, 16867, 5897, 83197, 75486, 63867, 99857, 7401, 29526, 93495, 4620, 8385, 51892, 72304, 76453, 3790, 48187, 16006, 91400, 64410, 77065, 63919, 5257, 39117, 50836, 43328, 24331, 95195, 18205, 60798, 19860, 43048, 98826, 46873, 61717, 74606, 48440, 88569, 51583, 49088, 54105, 69344, 90231, 50535, 35062, 19700, 52903, 67253, 87250, 16451, 79183, 39822, 71051, 29481, 66154, 21360, 27731, 41797, 70447, 58757, 71198, 38847, 23974, 5431, 32966, 64505, 30729, 71876, 42209, 29561, 99688, 62419, 75192, 24054, 83273, 47543, 58385, 80778, 69338, 44084, 8712, 78396, 45575, 70510, 11123, 66352, 5695, 42933, 455, 77401, 56117, 34916, 19167, 57097, 464, 51608, 48320, 11314, 72170, 18787, 75305, 68571, 86312, 29908, 62438, 61085, 63390, 8433, 4822, 17437, 10801, 50451, 4309, 73037, 70197, 32713, 99040, 5860, 73594, 71372, 79776, 89345, 91724, 97645, 24681, 66875, 70718, 53607, 68797, 53436, 35685, 24811, 69938, 86877, 89762, 38030, 60981, 80348, 84720, 28595, 88987, 16709, 42705, 80711, 25347, 42341, 65921, 8085, 29736, 38493, 19156, 51394, 22783, 17718, 94797, 30032, 12033, 18047, 54211, 11503, 6123, 18037, 63376, 8504, 61172, 9991, 21075, 75264, 80235, 61080, 45672, 72655, 69091, 92124, 32184, 72875, 20721, 65352, 82180, 25573, 76822, 14239, 5390, 95744, 65521, 90066, 27570, 9087, 10696, 45084, 61504, 85172, 90742, 26581, 33487, 16726, 2726, 64712, 14765, 43073, 36913, 17707, 19939, 31513, 2259, 16728, 37029, 5728, 43555, 18879, 32365, 24683, 76558, 31267]
Tree:
None

Fitness:
[0.6348314606741573, 0.6160286588898136]