Generation:
44

Phenotype:
def p():
  x = 0.0
  index = 0
  if main[index] < 1:
    if opposite[index] > main[index] + 0.001:
      x = (x - 0.9)
  else:
    if main[index] < main[index] + 3:
      x = (x + 0.000001)
    else:
      x = (x - 0.8)
  index = 48
  if main[index] < 1:
    if opposite[index] < opposite[index] + 0.6:
      x = (x - 0.4)
  else:
    if opposite[index] > main[index] + 7:
      x = (x + 0.00001)
    else:
      x = (x - 0.000001)
  index = 51
  if abs(sum(main) - sum(opposite)) > 1000:
    x = (x + 0.4)
  index = 37
  if abs(sum(main) - sum(opposite)) > 5000:
    x = (x - 0.5)
  index = 25
  if abs(sum(main) - sum(opposite)) > 5000:
    x = (x - 0.000001)
  index = 45
  if main[index] < 1:
    if main[index] < main[index] + 0.8:
      x = (x - 0.8)
  else:
    if main[index] > opposite[index] + 4:
      x = (x - 0.1)
    else:
      x = (x - 0.001)
  return x
XXX_output_XXX = p()

Genotype:
[26355, 57765, 6967, 11304, 93392, 51104, 6274, 89493, 13832, 74996, 20169, 35054, 25261, 28864, 93414, 65963, 66422, 50625, 42813, 56253, 75268, 9119, 21316, 72074, 25889, 42659, 61747, 73387, 80397, 25753, 12762, 58225, 4620, 11927, 85072, 27138, 36757, 68097, 7401, 29526, 93495, 4620, 99239, 91962, 18412, 66313, 43776, 91021, 32017, 48252, 33487, 49375, 16195, 13754, 12961, 51193, 60397, 10761, 22103, 89578, 90553, 31729, 52124, 61530, 32909, 73091, 53225, 56766, 43322, 81133, 30509, 27101, 3498, 4238, 99699, 95614, 6443, 45702, 46921, 86052, 96610, 93158, 71448, 71742, 6480, 4107, 3259, 26686, 91636, 64984, 15801, 82385, 68410, 67803, 95424, 73829, 23756, 40371, 34934, 79172, 38901, 43547, 68271, 82893, 65053, 69095, 33192, 83978, 58684, 62420, 8746, 59511, 23680, 22380, 25199, 20111, 60929, 89027, 72034, 92308, 69339, 92110, 40536, 96199, 15429, 14132, 58711, 64817, 63079, 38869, 51037, 76335, 74319, 92440, 53568, 85513, 85581, 51589, 20759, 69446, 99091, 63125, 33672, 76146, 62602, 27526, 87240, 88522, 26527, 45845, 6748, 94115, 97429, 81938, 20818, 31560, 76427, 14959, 4522, 32426, 42930, 51532, 23059, 84374, 99326, 21710, 29453, 77347, 21976, 60171, 53400, 63534, 59042, 76625, 6686, 31297, 34851, 11653, 86892, 6491, 15864, 20731, 1396, 98166, 37728, 15130, 99985, 7667, 86265, 32353, 49626, 45043, 30843, 30874, 99931, 49977, 72726, 88698, 31476, 55779, 17235, 82887, 19523, 72694, 9240, 86173, 80559, 76956, 69314, 71143, 30519, 25704, 34060, 89510, 54433, 64035, 40579, 54235, 97534, 808, 46519, 1455, 10729, 83068, 98688, 84748, 41430, 39696, 63618, 44086, 24795, 36937, 22374, 29518, 57433, 89893, 71513, 62359, 21972, 78998, 77239, 76392, 94467, 97210, 89464, 58086, 74431, 30292, 88334, 86272, 37759, 9460, 84984, 26398, 90997, 29352, 63641, 57974, 54241, 12166, 42031, 71394, 47613, 15963, 48910, 79960, 36998, 83698, 22345, 2560, 17370, 23595, 50615, 26102, 65930, 30937, 35279, 60517, 35409, 35855, 69729, 40447, 2933, 70439, 61295, 71710, 19915, 52199, 11086, 22936, 96492, 91442, 50353, 56790, 67461, 3361, 58238, 73373, 52195, 43079, 83949, 97829, 26003, 13375, 71390, 26422, 45455, 34762, 88577, 39828, 19725, 43038, 23144, 12541, 65659, 22814, 6707, 42957, 64476, 82486, 50044, 21217, 61777, 10371, 37272, 25970, 16627, 3054, 27992, 4432, 64795, 2296, 23094, 34734, 80722, 43946, 28497, 2934, 15762, 19822, 1939, 97465, 46034, 12503, 88529, 95983, 47489, 96698, 18584, 43101, 34572, 56154, 50846, 1588, 44486, 29818, 63934, 30483, 66335, 77236, 89844, 36404, 25395, 13399, 65493, 14182, 28339, 84971, 28411, 99756, 9254, 65321, 64914, 42819, 85040, 37670, 95258, 51847, 98854, 25209, 98174, 23730, 94092, 94355, 57870, 6761, 69985, 85421, 31455, 32461, 50350, 9679, 57136, 71476, 48435, 27837, 24081, 34767, 4982, 52710, 88431, 10604, 32173, 285, 74522, 40211, 52637, 73976, 37932, 45020, 92632, 64788, 18772, 64579, 78724, 32736, 57651, 75488, 79829, 7187, 65108, 58706, 41807, 45657, 28685, 61667, 20555, 12460, 3180, 22949, 50970, 72457, 33476, 75019, 22644, 94670, 54543, 27781, 6794, 4516, 69049, 93785, 29019, 54450, 95861, 19823, 36283, 26910, 96553, 80020, 79146, 76139, 1418, 92825, 59603, 44519, 70933, 96736, 84136, 20616, 86990, 89194, 76896, 94821, 22116, 45211, 42453, 34785, 12146, 70085, 1937, 35859, 30440, 72417, 2986, 28529, 78601, 75948, 56452, 42864, 2722, 23002, 33007, 94505, 33031, 49062, 76485, 6184, 57091, 84270, 75374]
Tree:
None

Fitness:
[0.848314606741573, 0.583408808212451]