Generation:
44

Phenotype:
def p():
  x = 0.0
  index = 13
  if main[index] < 1:
    if opposite[index] < main[index] + 0.001:
      x = (x + 0.1)
  else:
    if opposite[index] > main[index] + 1:
      x = (x - 0.00001)
    else:
      x = (x + 0.01)
  index = 11
  if main[index] < 1:
    if opposite[index] > main[index] + 0.4:
      x = (x - 1.0)
  else:
    if opposite[index] < main[index] + 1:
      x = (x - 0.000001)
    else:
      x = (x + 0.8)
  index = 44
  if abs(sum(main[:-index]) - sum(opposite[-index:])) > 500:
    x = (x + 0.0000001)
  return x
XXX_output_XXX = p()

Genotype:
[64718, 7528, 70638, 69307, 40989, 5804, 5391, 48793, 88488, 37956, 12458, 49318, 90044, 21503, 56626, 30471, 929, 62802, 47210, 55221, 20752, 77859, 42495, 49481, 29088, 46697, 87994, 6265, 55599, 36431, 76337, 72163, 13326, 96661, 5739, 3745, 82604, 82221, 26944, 32292, 33376, 29925, 73498, 28969, 75688, 17602, 29764, 42944, 91339, 17985, 36480, 56260, 13769, 72909, 42226, 99894, 57656, 45108, 28964, 80171, 2997, 81585, 5425, 46549, 81943, 62218, 86456, 19928, 57845, 32201, 60287, 29493, 49078, 82949, 86091, 64949, 78633, 99159, 3306, 79302, 74205, 75355, 13490, 14570, 24791, 13323, 59189, 66260, 95469, 67206, 32369, 83551, 81822, 23916, 32443, 76758, 56852, 13139, 61626, 58807, 88453, 2706, 57381, 73531, 21224, 73408, 28062, 43234, 48497, 15956, 84624, 11084, 58021, 31412, 8249, 7521, 54009, 81023, 80586, 36477, 80704, 73494, 25036, 69388, 18780, 55989, 92594, 91515, 78570, 31483, 11323, 63510, 42958, 197, 11274, 38502, 71593, 16197, 41590, 25885, 42267, 62236, 78729, 26529, 55635, 68421, 79094, 76654, 81610, 16008, 67145, 69143, 4017, 82140, 19521, 33378, 40407, 7439, 70383, 60355, 52757, 67793, 30079, 87223, 42507, 72885, 91586, 6957, 32922, 76488, 29655, 91413, 60670, 74858, 8526, 52040, 75359, 21177, 36293, 11593, 98226, 11387, 13908, 16333, 91045, 2360, 75823, 39312, 11859, 18596, 36661, 14271, 58354, 69257, 69765, 61274, 73748, 95087, 20775, 60210, 29328, 76908, 98820, 58210, 45205, 66219, 48432, 41463, 87690, 31819, 97633, 55799, 54001, 45822, 97415, 76998, 72909, 54913, 16358, 71345, 43109, 41070, 81883, 875, 72997, 48151, 44680, 81312, 39364, 17969, 32763, 20968, 31589, 63358, 60777, 52611, 65686, 45789, 34331, 589, 50443, 7480, 80583, 73856, 48567, 34885, 3115, 39074, 99367, 79767, 62569, 19020, 1719, 79998, 28539, 8685, 61153, 76827, 87298, 23429, 37500, 96203, 983, 9543, 66821, 16968, 94422, 43874, 34552, 17520, 59750, 78046, 11397, 91634, 71316, 28232, 57999, 41225, 25428, 43169, 49950, 41120, 68967, 67067, 80642, 61988, 51303, 73648, 11008, 51615, 57722, 74280, 73473, 59067, 48128, 50669, 24119, 82947, 50364, 49503, 53117, 40464, 14798, 49536, 30503, 89014, 13757, 43155, 84619, 90940, 78753, 82450, 87350, 16700, 22804, 56776, 62973, 72556, 22085, 31287, 25640, 67700, 27405, 86785, 14265, 18978, 80646, 13424, 57380, 36013, 62172, 60956, 52335, 80690, 45888, 75954, 32661, 39233, 50462, 15925, 11302, 3553, 89456, 53543, 73506, 93443, 87146, 19138, 11727, 51486, 16547, 82576, 20971, 44835, 85924, 23610, 15261, 41182, 73480, 39341, 18161, 74497, 45633, 65980, 94707, 64460, 56821, 12172, 83734]
Tree:
None

Fitness:
[0.8595505617977528, 0.5776423314092141]