Generation:
44

Phenotype:
def p():
  x = 0.0
  index = 1
  if opposite[index] > main[index] + sum(main[-index:]):
    x = (x + 0.6)
  return x
XXX_output_XXX = p()

Genotype:
[27967, 80793, 29832, 28060, 18253, 52102, 3589, 43105, 52102, 4286, 37309, 7401, 33490, 85588, 83928, 41872, 63862, 27006, 48187, 29832, 16967, 18253, 52102, 36757, 54067, 7401, 29526, 82045, 4620, 69521, 58156, 72304, 76453, 6520, 54749, 74938, 92924, 70071, 6099, 8615, 41021, 85104, 83302, 780, 34950, 71060, 12524, 63589, 80804, 90479, 22642, 66083, 43776, 24259, 56797, 62285, 21506, 90479, 78924, 60271, 28492, 82260, 86694, 12558, 95997, 56257, 73568, 98214, 27008, 11526, 56126, 85361, 83600, 31037, 93064, 2058, 29992, 75117, 86355, 61353, 8431, 62638, 99437, 69834, 5438, 96655, 97066, 21561, 50026, 76316, 16482, 51401, 88123]
Tree:
None

Fitness:
[0.6348314606741573, 0.6160286588898136]