Generation:
44

Phenotype:
def p():
  x = 0.0
  index = 1
  if opposite[index] > sum(main[-index:]) + main[index]:
    x = (x + 0.3)
  return x
XXX_output_XXX = p()

Genotype:
[60808, 11996, 91584, 16967, 18253, 60292, 36757, 80397, 80978, 29526, 93495, 4620, 32208, 91962, 72304, 76453, 3790, 29832, 84264, 82191, 27008, 10414, 51073, 90479, 83600, 9085, 96311, 76995, 61305, 18301, 20794, 31423, 72017, 48825, 78784, 20361, 85949, 25888, 6809, 16823, 43776, 24259, 69606, 71932, 65657, 58990, 17602, 29764, 4265, 34016, 75847, 36480, 56260, 13769, 72909, 42226, 99894, 55329, 45108, 28964, 95185, 80760, 81585, 82230, 75336, 81943, 82320, 83600, 82492, 68252, 77022, 78063, 11681, 357, 24259, 80487, 16106, 93439, 55290, 70409, 17675, 17060, 41391, 88480, 82547, 66214, 22043, 95672, 93341, 5308, 38259, 63272, 18190, 40348, 70932, 73576, 76790, 92436, 85355, 46420, 49217, 79164, 1121, 24710, 24237, 40103, 79948, 74760, 80962, 42478, 25831, 8298, 73325, 36496, 92482, 12449, 29123, 22378, 73284, 11035, 53518, 90084, 73654, 40783, 69778, 82017, 85521, 58772, 72810, 1949, 14763, 43479, 4731, 98918, 42932, 35761, 86882, 73216, 3016, 98313, 49190, 32602, 40379, 68934, 38495, 34106, 27035, 88953, 87627, 90470, 15187, 17275, 12168, 89106, 78339, 3618, 80204, 13829, 48861, 78284, 77718, 69003, 90132, 27872, 37326, 71776, 65013, 34805, 92415, 78116, 99384, 35517, 73837, 49703, 92281, 26488, 29815, 57110, 14698, 45008, 18970, 97184, 46089, 86884, 31354, 13748, 85335, 89947, 6994, 35850, 45386, 73395, 34464, 60532, 12855, 56367, 34201, 65692, 79008, 9235, 8600, 15936, 9134, 24841, 65106, 62657, 2226, 89605, 78072, 20510, 37916, 77605, 14039, 9996, 93375, 368, 16237, 60642, 75678, 31305, 3873, 13374, 65965, 33478, 62735, 50086, 98898, 10765, 69649, 73976, 42022, 75299, 79546, 77578, 41098, 47337, 84159, 9534]
Tree:
None

Fitness:
[0.6348314606741573, 0.6160286588898136]