Generation:
60

Phenotype:
def p():
  x = 0.0
  index = 36
  if abs(sum(main) - sum(opposite)) > 5000:
    x = (x + 0.2)
  return x
XXX_output_XXX = p()

Genotype:
[62897, 59066, 45912, 82290, 35344, 39426, 68087, 35344, 39426, 68087, 47539, 84790, 73413, 29511, 17760, 57712, 12126, 19490, 56291, 29554, 77815, 41902, 9195, 84413, 34863, 1251, 37811, 33586, 53617, 33120, 56901, 32866, 93564, 57292, 56856, 72423, 60235, 19901, 80096, 67429, 64509, 83526, 90227, 9381, 69329, 77205, 85018, 84661, 13761, 86808, 79971, 8827, 89460, 86310, 11456, 83070, 8598, 39260, 71655, 56763, 11867, 31236, 85198, 57253, 91218, 52561, 78041, 35320, 45877, 69103, 55713, 35555, 17286, 40105, 9538, 4562, 51473]
Tree:
None

Training fitness:
[0.9741935483870968, 0.6818738179590315]
Test fitness:
[0.7435897435897436, 0.5799114170602204]