Generation:
60

Phenotype:
def p():
  x = 0.0
  index = 36
  if abs(sum(main) - sum(opposite)) > 5000:
    x = (x + 0.2)
  return x
XXX_output_XXX = p()

Genotype:
[62897, 59066, 45912, 82290, 35344, 39426, 68087, 35344, 38704, 68087, 47539, 5050, 86178, 58743, 16533, 24530, 69079, 42342, 98784, 54579, 96828, 71720, 95444, 79573, 8247, 487, 67421, 49553, 69922, 18944, 73601, 20013, 36213, 17711, 51735, 91045, 64966, 49545, 51155, 4323, 91978, 33669, 80123, 36085, 42900, 99731, 10010, 42652, 18831, 1185, 2949, 63387, 29466, 5282, 3010, 40690, 38784, 29373, 25443, 29101, 52549, 22962, 23259, 6506, 47406, 8567, 60287, 93474, 65010, 31518, 40699, 38802, 3853, 23024, 38847, 26339, 41922, 28492, 12684, 82844, 91665, 69067, 24099, 62847, 86354, 83489, 73029, 18989, 35166, 60610, 38059, 93813, 24476, 84692, 38678, 43283, 15015, 10076, 83559, 53290, 8340, 35742, 13284, 44131, 76973, 68896, 20942, 95433, 43763, 71115, 47712, 32644, 47670, 28569, 42531, 86186, 55905, 77734, 17702, 71884, 13158, 60781, 49527, 96143, 94854, 88117, 34567, 3766, 3757, 81083, 91109, 19955, 80612, 36643, 7642, 48498, 55077, 8874, 22300, 61280, 4204, 81161, 30404, 48244, 81690, 99019, 47749, 40303, 17775, 9628, 19286, 92110, 78963, 41769, 26898, 42499, 76805, 43115, 71909, 17511, 48062, 31976, 46165, 9782, 80728, 27393, 5166, 17975, 94511, 6953, 98766, 84063, 27685, 3518, 17238, 31252, 82451, 6933, 49645, 91793, 53412, 52821, 19370, 36286, 77412, 80733, 72218, 61926, 81226, 74891, 52282, 85838, 71140, 81924, 37123, 65109]
Tree:
None

Training fitness:
[0.984375, 0.6805471797372202]
Test fitness:
[0.7435897435897436, 0.5799114170602204]