Generation:
60

Phenotype:
def p():
  x = 0.0
  index = 44
  if main[index] < 1:
    if opposite[index] < opposite[index] + 0.001:
      x = (x - 0.3)
  else:
    if opposite[index] < opposite[index] + 6:
      x = (x + 0.8)
    else:
      x = (x + 0.000001)
  return x
XXX_output_XXX = p()

Genotype:
[70061, 91465, 74900, 53296, 35248, 88397, 61877, 9345, 74155, 14260, 6155, 78328, 9199, 71617, 19603, 55266, 62508, 43277, 66520, 83281, 82021, 70972, 7242, 65295, 52743, 74598, 94181, 49964, 25408, 79180, 51702, 75385, 98331, 190, 99543, 47422, 24239, 8657, 35178, 99160, 58691, 89150, 20842, 54736, 4306, 8141, 74243, 6078, 72152, 39772, 91161, 84760, 23532, 69900, 85453, 89485, 79392, 18708, 82842, 31871, 74749, 79132, 57176, 79824, 33169, 56924, 6228, 60027, 69075, 37631, 34961, 14709, 68911, 59216, 1864, 17181, 20472, 85972, 12309, 78331, 28289, 57756, 7313, 84891, 12283, 95649, 23284, 54893, 10194, 5050, 86178, 58743, 16533, 24530, 69079, 42342, 98784, 54579, 96828, 71720, 95444, 79573, 8247, 487, 67421, 49553, 69922, 18944, 73601, 20013, 36213, 17711, 51735, 91045, 64966, 49545, 51155, 4323, 91978, 33669, 80123, 36085, 42900, 99731, 10010, 42652, 18831, 1185, 2949, 63387, 29466, 5282, 3010, 40690, 38784, 29373, 25443, 29101, 52549, 22962, 23259, 6506, 47406, 8567, 60287, 93474, 65010, 31518, 40699, 38802, 3853, 23024, 38847, 26339, 41922, 28492, 95561, 82296, 1345, 8638, 79576, 14242, 21020, 93653, 43339, 15686, 53965, 32848, 80422, 35289, 66752, 19764, 25163, 8444, 94455, 60735, 79761, 55410, 59890, 83150, 87267, 95488, 57356, 9016, 49797]
Tree:
None

Training fitness:
[1.0, 0.5418647922265867]
Test fitness:
[0.0, 0.5]