Generation:
7

Phenotype:
def p():
  x = 0.0
  index = 31
  if abs(sum(main) - sum(opposite)) > 5000:
    x = (x + 0.0000001)
  index = 47
  if abs(sum(main) - sum(opposite)) > 1000:
    x = (x - 0.9)
  return x
XXX_output_XXX = p()

Genotype:
[35985, 62686, 85677, 68641, 12927, 79872, 24679, 75151, 12888, 83760, 64768, 36460, 96611, 62313, 49321, 68838, 5109, 70910, 55649, 32515, 65466, 82809, 87493, 19259, 87617, 77117, 50344, 30825, 53060, 8992, 18777, 46568, 47987, 91091, 17594, 77755, 40366, 38640, 46751, 33947, 71301, 45029, 70115, 82522, 69929, 61014, 82899, 43576, 68871, 68178, 21969, 57006, 15388, 34653, 41939, 82691, 91948, 11536, 57368, 7652, 29534, 93190, 3570, 41241, 58112, 77397, 32775, 65084, 54005, 49519, 33504, 34188, 14257, 34912, 77424, 9304, 40718, 90531, 15804, 22061, 72609, 99189, 36884, 28620, 25262, 49083, 4405, 87399, 68558, 78781, 70592, 82535, 47978, 86977, 54481, 13318, 34642, 93458, 87780, 46401, 73243, 63706, 7978, 6867, 76366, 14348, 8474, 22370, 30684, 39884, 61766, 4163, 24374, 93887, 81547, 31316, 3131, 80499, 70434, 19027, 62261, 16107, 67947]
Tree:
None

Fitness:
[0.9784739982949702, 0.8479730586270389]