Generation:
7

Phenotype:
def p():
  x = 0.0
  index = 13
  if abs(sum(main) - sum(opposite)) > 1000:
    x = (x + 0.9)
  return x
XXX_output_XXX = p()

Genotype:
[83039, 98351, 12456, 15388, 28249, 54513, 56215, 24666, 78834, 45598, 67070, 14102, 78319, 6020, 5778, 1922, 80833, 70284, 66368, 23630, 40658, 1961, 24828, 92413, 3192, 36395, 8806, 82735, 77379, 65065, 17376, 52073, 81476, 1070, 73301, 76749, 65775, 2553, 15782, 86272, 54929, 17475, 22250, 1533, 12672, 59152, 28375, 38737, 49362, 4360, 2889, 6840, 5091, 6850, 67502, 50879, 77441, 22851, 77747, 21326, 19805, 1251, 5371, 25418, 8047, 95767, 43555, 35033, 32131, 91062, 17385, 28186, 89651, 19060, 38734, 99845, 45469, 52037, 66585, 453, 81863, 6540, 832, 5630, 74070, 47624, 88261, 77539, 87880, 31821, 5375, 66704, 58190, 29922, 88932, 76362, 40047, 69543, 92268, 53947, 49559, 87978, 75493, 41953, 59463, 57314, 14602, 30103, 72542, 60476, 10700, 82546, 8929, 28184, 38657, 72392, 7875, 11712, 87166]
Tree:
None

Fitness:
[0.9927536231884058, 0.6224329116279981]