Generation:
7

Phenotype:
def p():
  x = 0.0
  index = 21
  if abs(sum(main) - sum(opposite)) > 1000:
    x = (x + 0.01)
  return x
XXX_output_XXX = p()

Genotype:
[83039, 41375, 12456, 15388, 34653, 54513, 56215, 24666, 81160, 50453, 26639, 40035, 11570, 39380, 98661, 68958, 95847, 81784, 65110, 77081, 61151, 8853, 93110, 47940, 12130, 82039, 67502, 50879, 77441, 52550, 77747, 21326, 19805, 1251, 5371, 25418, 8047, 95767, 43555, 35033, 32131, 91062, 17385, 28186, 89651, 19060, 38734, 99845, 45469, 52037, 66585, 453, 81863, 6540, 832, 5630, 74070, 47624, 88261, 77539, 87880, 31821, 5375, 66704, 58190, 29922, 88932, 76362, 40047, 69543, 92268, 53947, 49559, 87978, 75493, 41953, 59463, 57314, 14602, 30103, 72542, 60476, 10700, 82546, 8929, 28184, 38657, 72392, 7875, 11712, 87166]
Tree:
None

Fitness:
[0.9927536231884058, 0.6224329116279981]