Generation:
7

Phenotype:
def p():
  x = 0.0
  index = 21
  if abs(sum(main) - sum(opposite)) > 1000:
    x = (x + 0.3)
  return x
XXX_output_XXX = p()

Genotype:
[83714, 41375, 12456, 15388, 34653, 54513, 82691, 37698, 11536, 57368, 64557, 46957, 81320, 12074, 87429, 46094, 93548, 19091, 48926, 81752, 8206, 14564, 31170, 39547, 48814, 67639, 83983, 25212, 39481, 30391, 9199, 18717, 17994, 14965, 37344, 2081, 4814, 12231, 63453, 80819, 36531, 47987, 91091, 26903, 12392, 48076, 38640, 46751, 33947, 71301, 41613, 70115, 82522, 69929, 61014, 84864, 53374, 68871, 68178, 21969, 96235, 94318, 41703, 87510, 59193, 61513, 10542, 48306, 35002, 99898, 40449, 75136, 82002, 87083, 94302, 93755, 71791, 56444, 26815, 55167, 56884, 71980, 41734, 2939, 57696, 8725, 76965, 58113, 30068, 9497, 27794, 78277, 60654, 33333, 60311, 26532, 1972, 67604, 95366, 13959, 44496, 25154, 10233, 38677, 67196, 32811, 93153, 15305, 74129, 75200, 77148, 67847, 46315]
Tree:
None

Fitness:
[0.9927536231884058, 0.6224329116279981]