Generation:
7

Phenotype:
def p():
  x = 0.0
  index = 21
  if abs(sum(main) - sum(opposite)) > 1000:
    x = (x + 0.3)
  return x
XXX_output_XXX = p()

Genotype:
[83714, 41375, 12456, 15388, 34653, 54513, 82691, 37698, 11536, 57368, 86861, 29534, 93190, 3570, 18213, 58112, 77397, 25669, 65084, 54005, 49519, 33504, 34188, 14257, 34912, 77424, 9304, 40718, 90531, 15804, 22061, 72609, 79473, 36884, 78188, 25262, 49083, 4405, 87399, 68558, 78781, 70592, 43000, 47978, 68615, 54481, 91910, 34642, 93458, 87780, 46401, 73243, 63706, 7978, 6867, 76366, 14348, 8474, 71933, 7351, 39884, 61766, 4163, 24374, 93887, 81547, 31316, 3131, 80499, 70434, 19027, 62261, 16107, 85121]
Tree:
None

Fitness:
[0.9927536231884058, 0.6224329116279981]