Generation:
7

Phenotype:
def p():
  x = 0.0
  index = 34
  if abs(sum(main) - sum(opposite)) > 1000:
    x = (x + 0.2)
  return x
XXX_output_XXX = p()

Genotype:
[35985, 86365, 39908, 52215, 50838, 79872, 41737, 52194, 12888, 41559, 64768, 17510, 64006, 55655, 87727, 56446, 3048, 90793, 54058, 59886, 85474, 68093, 29820, 94779, 90544, 86350, 93259, 8555, 62956, 68772, 53226, 93335, 93343, 64390, 52453, 98854, 77081, 61151, 8853, 93110, 76268, 12130, 82039, 67502, 50879, 77441, 52550, 77747, 21326, 19805, 1251, 5371, 25418, 8047, 95767, 43555, 35033, 32131, 91062, 17385, 28186, 89651, 19060, 38734, 99845, 45469, 52037, 66585, 453, 81863, 6540, 832, 5630, 74070, 47624, 88261, 77539, 87880, 31821, 5375, 66704, 58190, 29922, 88932, 76362, 40047, 69543, 92268, 53947, 49559, 87978, 75493, 41953, 59463, 57314, 14602, 30103, 72542, 60476, 10700, 82546, 8929, 28184, 38657, 72392, 7875, 11712, 87166]
Tree:
None

Fitness:
[0.9927536231884058, 0.6224329116279981]