Generation:
7

Phenotype:
def p():
  x = 0.0
  index = 14
  if abs(sum(main) - sum(opposite)) > 10000:
    x = (x - 0.00001)
  return x
XXX_output_XXX = p()

Genotype:
[98808, 5319, 69148, 47350, 46762, 1224, 47975, 79385, 24611, 642, 90112, 71715, 67639, 36576, 66718, 39649, 3863, 9199, 18717, 84752, 89323, 86190, 18012, 42483, 12231, 63453, 80819, 20957, 47987, 91091, 26903, 12392, 48076, 38640, 46751, 55773, 71301, 56670, 62956, 11699, 50295, 93335, 93343, 64390, 52453, 65110, 77081, 61151, 8853, 93110, 47940, 12130, 82039, 65909, 98545, 51811, 24750, 31397, 81056, 58755, 77202, 98735, 79182, 43100, 60669, 70073, 45761, 45934, 3107, 83764, 59883, 95161, 66239, 78629, 87633, 55516]
Tree:
None

Fitness:
[0.9735720375106565, 0.969888418214605]