Generation:
7

Phenotype:
def p():
  x = 0.0
  index = 20
  if main[index] < 1:
    if main[index] < main[index] + 0.01:
      x = (x - 0.0001)
  else:
    if opposite[index] > opposite[index] + 8:
      x = (x - 0.0001)
    else:
      x = (x + 0.2)
  return x
XXX_output_XXX = p()

Genotype:
[40437, 84367, 49416, 46324, 81556, 89927, 56215, 24666, 81160, 15909, 26639, 40035, 1642, 85833, 98661, 68958, 95847, 28867, 20840, 96039, 66342, 54470, 29166, 81871, 74354, 17286, 36804, 11772, 53608, 218, 89052, 32621, 30267, 33531, 38773, 7933, 96722, 13708, 7844, 82377, 14056, 28227, 5686, 88798, 45598, 67070, 15849, 78319, 20519, 5778, 1922, 98050, 71962, 31361, 23630, 40658, 1961, 24828, 6438, 3192, 36395, 8806, 9524, 13630, 65065, 1944, 52073, 81476, 79465, 73301, 76749, 65775, 2553, 15782, 31349, 54929, 45128, 82772, 1533, 15620, 43461, 28375, 28167, 49362, 53694, 2889, 6840, 1807, 6850, 67502, 50879, 10516, 25746, 59458, 21326, 67944, 1251, 68872, 30352, 8047, 95767, 88796, 35033, 32131, 91062, 17385, 40485, 89651, 19060, 38734, 99845, 45469, 52037, 66585, 15134, 57508, 57469, 832, 21117, 74070, 47624, 88261, 77539, 87880, 55622, 5375, 3239, 58190, 43734, 79175, 76362, 79323, 69543, 92268, 53947, 49559, 87978, 5784, 41953, 59463, 57314, 67687, 80412, 1841, 45189, 28227, 5686, 88798, 67801, 67070, 14102, 78319, 6020, 5778, 1922, 75246, 70284, 66368, 23630, 40658, 1961, 24828, 92413, 3192, 36395, 8806, 82735, 97087, 65065, 17376, 52073, 81476, 1070, 73301, 30866, 65775, 81155, 15782, 86272, 54929, 17475, 22250, 1533, 12672, 59152, 28375, 38737, 49362, 4360, 2889, 63252, 5091, 6850, 67502, 50879, 77441, 22851, 77747, 64569, 19805, 1251, 5371, 25418, 8047, 95767, 28697, 35033, 32131, 91062, 17385, 11661, 89651, 19060, 38734, 99845, 45469, 52037, 66585, 453, 65230, 6540, 832, 5630, 74070, 47624, 88261, 77539, 87880, 31821, 5375, 66704, 58190, 29922, 88932, 76362, 40047, 69543, 92268, 53947, 49559, 87978, 75493, 41953, 59463, 57314, 14602, 30103, 72542, 60476, 10700, 82546, 8929, 36057, 38657, 72392, 7875, 11712, 87166]
Tree:
None

Fitness:
[0.9972293265132139, 0.5405207125976005]