Generation:
7

Phenotype:
def p():
  x = 0.0
  index = 25
  if main[index] < 1:
    if main[index] > opposite[index] + 0.3:
      x = (x - 0.000001)
  else:
    if opposite[index] < main[index] + 8:
      x = (x + 0.01)
    else:
      x = (x + 0.000001)
  return x
XXX_output_XXX = p()

Genotype:
[35985, 86365, 28696, 90127, 13857, 74981, 21136, 54144, 65695, 58424, 16681, 62785, 81027, 67485, 17038, 57688, 57446, 75477, 52122, 25153, 3802, 63733, 14296, 25596, 97046, 72587, 7265, 45851, 30915, 31643, 25820, 17951, 21418, 39783, 55533, 99573, 10034, 94821, 9336, 38255, 64357, 59003, 42399, 1598, 43886, 86517, 72060, 14405, 48972, 90272, 27894, 75678, 10579, 79814, 48509, 90554, 57574, 26358, 21392, 17395, 12893, 37626, 55490, 90209, 30804, 28766, 16500, 7037, 27680, 35863, 3262, 84185, 63921, 56995, 55838, 89521, 58990, 89204, 70458, 26550, 33069, 76094, 52894, 6473, 61500, 22129, 26509, 6840, 6175, 88225, 18297, 45173, 47555, 33411, 46599, 79135, 20806, 11731, 48459, 52994, 4978, 56109, 15450, 96545, 49297, 35388, 75053, 76633, 34353, 41717, 71333, 17582, 1044, 35829, 8209, 31512, 64005, 92614, 4028, 41979, 63105, 72689, 71658, 35783]
Tree:
None

Fitness:
[0.9982949701619779, 0.5201005097514857]