Generation:
60

Phenotype:
def p():
  x = 0.0
  index = 42
  if main[index] < 1:
    if opposite[index] > opposite[index] + 0.00001:
      x = (x + 0.01)
  else:
    if opposite[index] < main[index] + 5:
      x = (x - 0.7)
    else:
      x = (x + 0.000001)
  index = 8
  if abs(sum(main) - sum(opposite)) > 5000:
    x = (x + 1.0)
  return x
XXX_output_XXX = p()

Genotype:
[37681, 55268, 8773, 39300, 43086, 38999, 47018, 84127, 23785, 40754, 70448, 35637, 86825, 37715, 55262, 78355, 25481, 20620, 40248, 88225, 72868, 57273, 60494, 80469, 27125, 5770, 90594, 51247, 88736, 95755, 36007, 89464, 47317, 18350, 8060, 28012, 25481, 34394, 60197, 73647, 70357, 17576, 3058, 9453, 56901, 5770, 54921, 97215, 68684, 2785, 7273, 60012, 3011, 80199, 54054, 10047, 76629, 66712, 20396, 24464, 23727, 64670, 46948, 58272, 80966, 25863, 98731, 77603, 73165, 63956, 65715, 38543, 27187, 22680, 25871, 23808, 94073, 19505, 25279, 5005, 83597, 37461, 73137, 92542, 33420, 87964, 99745, 72154, 36468, 10047, 76629, 49270, 20396, 9908, 27488, 53087, 24262, 31032, 80468, 75878, 61051, 22075, 27968, 18127, 98187, 99162, 87103, 12389, 36947, 41113, 38853, 36007, 45801, 14229, 18350, 8060, 82853, 25481, 47465, 88991, 22146, 74466, 67587, 64474, 28461, 12579, 5770, 54921, 50779, 89456, 2785, 7273, 3691, 51176, 80199, 54054, 10047, 76629, 66712, 20396, 41854, 49609, 64670, 76542, 79160, 75103, 25863, 34323, 77603, 48038, 63956, 65715, 38543, 71681, 28396, 7470, 23808, 37715, 90822, 52318, 5005, 49839, 15808, 73137, 25313, 77870, 54181, 85794, 78491, 85715, 809, 66635, 50096, 96763, 25359, 19813, 5446, 43468, 67720, 73031, 13291, 19806, 66659]
Tree:
None

Training fitness:
[0.9021966527196653, 0.5054489926780976]
Test fitness:
[0.603125, 0.5109014296956977]