Generation:
60

Phenotype:
def p():
  x = 0.0
  index = 45
  if opposite[index] > opposite[index]:
    x = (x + 0.00001)
  index = 23
  if abs(sum(main[-index:]) - sum(opposite[-index:])) > 100:
    x = (x + 0.0000001)
  return x
XXX_output_XXX = p()

Genotype:
[49193, 61597, 87281, 34283, 58389, 87964, 99745, 50049, 19752, 82165, 43579, 95202, 15058, 63376, 46342, 18179, 61686, 67344, 57958, 35342, 5446, 66710, 31200, 43579, 73526, 26549, 63376, 80468, 75878, 61051, 40009, 27968, 88550, 98187, 66573, 87103, 12389, 72983, 87275, 38853, 36007, 45801, 14229, 18350, 8060, 82853, 25481, 47465, 88991, 22146, 74466, 67587, 64474, 28461, 12579, 5770, 54921, 50779, 89456, 2785, 7273, 3691, 51176, 80199, 54054, 10047, 76629, 66712, 20396, 41854, 49609, 64670, 76542, 79160, 75103, 25863, 34323, 77603, 48038, 63956, 65715, 38543, 71681, 28396, 7470, 23808, 37715, 90822, 52318, 5005, 49839, 15808, 73137, 25313, 77870, 54181, 85794, 78491, 85715, 809, 66635, 50096, 96763, 25359, 19813, 5446, 43468, 67720, 73031, 13291, 19806, 66659]
Tree:
None

Training fitness:
[0.9568514644351465, 0.5028574019327549]
Test fitness:
[0.9510416666666667, 0.499130487058412]