Generation:
1

Phenotype:
def p():
  x = 0.0
  index = 30
  n = 20
  b = 31
  c = main[43] - sum(main[:-index])
  if abs(sum(main) - sum(opposite)) > 10000:
    x = 0.3
  index = 4
  n = 37
  b = 29
  c = sum(main[-index:])
  if c > main[b]:
    x = 0.3
  return x
XXX_output_XXX = p()

Genotype:
[44216, 70142, 12349, 4566, 63168, 52710, 15677, 73397, 79438, 56511, 86156, 19841, 45271, 30730, 76288, 83393, 2436, 15146, 22881, 73600, 6145, 19607, 98980, 79562, 16276, 43874, 10816, 4102, 91990, 41956, 37769, 99325, 76845, 44290, 81508, 63732, 90614, 16558, 60168, 88960, 74862, 59957, 38153, 78553, 13465, 44311, 84328, 83590, 45838, 44188, 19160, 12759, 87979, 83769, 95235, 56615, 27598, 85096, 69528, 5832, 85861, 24703, 9212, 43716, 64031, 3970, 16376, 73673, 18212, 25138, 14140, 48556, 6862, 39537, 13465, 44311, 84328, 83590, 45838, 44188, 19160, 12759, 87979, 83769, 95235, 56615, 27598, 85096, 69528, 5832, 85861, 24703, 9212, 43716, 64031, 3970, 16376, 73673, 18212, 25138, 14140, 48556, 6862, 39537, 763, 58613, 74710, 16405, 51760, 80296, 7237, 57510, 83604, 58820, 27196, 56782, 79178, 61608, 50182, 96743, 67423, 49715, 3462, 69052, 743, 83233, 37499, 91297, 67101, 26828, 72805, 65238, 33039, 43639, 66190, 26497, 81316, 60334, 4790, 8587, 76238, 39201, 91331, 28427, 56049, 71578, 20756, 44216, 39686, 26547, 40024]
Tree:
None

Fitness:
[0.9774131685489026, 0.8612556038822945]