Generation:
60

Phenotype:
def p():
  x = 0.0
  index = 14
  if abs(sum(main) - sum(opposite)) > 5000:
    x = (x + 0.01)
  return x
XXX_output_XXX = p()

Genotype:
[56144, 80871, 55236, 95496, 78846, 25416, 3625, 77254, 74550, 58965, 98250, 57231, 86447, 27075, 78430, 66217, 96060, 14804, 2836, 34513, 28162, 21013, 57846, 37456, 88492, 1541, 8257, 56938, 19272, 82464, 79960, 26844, 22219, 54415, 90521, 12736, 60967, 95598, 44219, 30289, 18913, 73786, 6168, 72862, 50552, 57085, 77655, 56394, 27046, 20136, 43774, 45996, 87748, 1147, 56710, 62784, 26207, 56261, 77940, 59741, 96745, 77842, 59379, 21153, 35110, 29917, 73510, 49349, 6261, 54101, 54552, 8964, 13487, 8334, 7590, 56070, 74962, 9134, 63762, 64817, 85455, 68774, 97502, 94009, 92956, 66744]
Tree:
None

Training fitness:
[0.9805194805194806, 0.6848933831905968]
Test fitness:
[0.7435897435897436, 0.5799114170602204]