Generation:
60

Phenotype:
def p():
  x = 0.0
  index = 14
  if abs(sum(main[:-index]) - sum(opposite[:-index])) > 1000:
    x = (x + 1.0)
  return x
XXX_output_XXX = p()

Genotype:
[37194, 80871, 55236, 41670, 78846, 49686, 50756, 86447, 7219, 13293, 9926, 44399, 78430, 8540, 21502, 899, 34013, 78770, 3116, 2776, 92015, 86529, 13413, 17419, 94825, 19465, 28265, 2391, 83727, 64291, 37799, 7852, 67778, 16710, 97191, 95210, 4352, 89916, 1737, 4406, 51588, 28938, 51991, 32362, 98517, 77260, 98139, 51755, 36425, 59762, 83760, 35013, 25308, 30088, 21068, 62818, 2906, 32446, 25894, 4715, 12324, 98904, 88915, 64653, 87667, 6390, 16363, 77822, 96829, 78225, 81280, 43148, 25894, 79924, 46667, 83953, 61421, 41830, 75137, 5870, 86094, 92739, 574, 25792, 81290, 15737, 56054, 27372, 73126, 30241, 69157, 87661, 16985, 42304, 57866, 97122, 87417, 26789, 45072, 90355, 81085, 52631, 96092, 7617, 94865, 10930, 41504, 6507, 31477, 78114, 21059, 47420, 46160, 21662, 80961, 88079, 23601, 6998, 42835, 68887, 4476, 35446, 11175, 20209, 51435, 19424, 12423, 82742, 87343, 93955, 90694, 45084, 61711, 78996, 58245, 37056, 75381, 62669, 35668, 20435, 95597, 74372, 11033, 61966, 46480, 64318, 87186, 43025, 53559, 98629, 25572, 73104, 42577, 81175, 22997, 60285, 52233, 47267, 61256, 13083, 59061, 90805, 55727, 78186, 30386, 33047, 9445, 80534, 40926, 94295, 52831, 75913, 98492, 22747, 46455, 25773, 74863, 34947, 90060, 58763, 46326, 10888, 11098, 34253, 80456, 29672, 20233, 10108, 41414, 90712, 2805, 43121, 58497, 2045, 99992, 28699, 88826, 23120, 76831, 61743, 86265, 11809, 81781, 94524, 53129, 32568, 36971, 9363, 52492, 82410, 98381, 78194, 93454, 94042, 4345, 94915, 75324, 55222, 25262, 74047, 33146, 55193, 87961, 4329, 63029, 16460, 83730, 70080, 85574, 49718, 38582, 86276, 84069, 25646, 46145, 26474, 83568, 14643, 56821, 6362, 57930, 81668, 33758, 51437, 21232, 447, 2970, 57996, 7761, 3054, 7621, 90011, 61494, 548, 77060, 9824, 49119, 19209, 87370, 60695, 86505, 60871, 40449, 58375, 97157, 35646, 93537, 16708, 88264, 16670, 55478, 44215, 82262, 66661, 7572, 95879, 89114, 89036, 28080, 45393, 39211, 29243, 36168, 70715, 18295, 47454, 21938, 483, 77687, 67651, 70980, 72614]
Tree:
None

Training fitness:
[0.9863945578231292, 0.5563671057870798]
Test fitness:
[0.0, 0.5]