Generation:
60

Phenotype:
def p():
  x = 0.0
  index = 50
  if main[index] < 1:
    if opposite[index] < opposite[index] + 0.00001:
      x = (x + 0.0001)
  else:
    if main[index] < main[index] + 7:
      x = (x + 0.00001)
    else:
      x = (x - 0.7)
  index = 27
  if abs(sum(main) - sum(opposite)) > 5000:
    x = (x + 0.0001)
  index = 21
  if main[index] < 1:
    if opposite[index] > main[index] + 0.0000001:
      x = (x + 0.0000001)
  else:
    if main[index] > opposite[index] + 8:
      x = (x - 0.1)
    else:
      x = (x + 0.4)
  index = 15
  if main[index] < 1:
    if main[index] < main[index] + 0.5:
      x = (x - 0.00001)
  else:
    if main[index] < main[index] + 4:
      x = (x + 0.001)
    else:
      x = (x + 0.4)
  index = 4
  if abs(sum(main[-index:]) - sum(opposite[-index:])) > 100:
    x = (x - 0.9)
  index = 4
  if main[index] < 1:
    if opposite[index] > main[index] + 1.0:
      x = (x + 0.6)
  else:
    if main[index] < main[index] + 2:
      x = (x - 0.0000001)
    else:
      x = (x - 0.01)
  return x
XXX_output_XXX = p()

Genotype:
[28758, 28510, 97447, 53804, 36260, 1052, 59865, 55431, 28567, 38866, 18318, 96307, 97907, 388, 86476, 85977, 31308, 7074, 54319, 93324, 47761, 37284, 11196, 64017, 60117, 77911, 78992, 36051, 78361, 73058, 39903, 8780, 61378, 61233, 22406, 23776, 50730, 66480, 66044, 4204, 83149, 76648, 84325, 77350, 97394, 20393, 88376, 95620, 74220, 29018, 62235, 53804, 30992, 9002, 59865, 89714, 28567, 58248, 18318, 80154, 42912, 388, 80430, 85977, 31308, 7074, 54319, 93324, 16276, 37284, 39812, 33251, 60117, 26734, 78992, 29598, 71761, 4964, 61012, 1187, 63994, 73807, 66106, 38155, 50709, 73580, 53534, 67082, 73673, 64800, 16755, 39637, 91901, 15390, 31177, 6143, 72925, 49039, 49584, 87961, 97861, 44389, 98983, 80244, 23391, 50212, 55021, 36811, 5251, 59551, 55606, 1390, 92056, 25464, 59374, 16492, 50816, 66793, 5221, 92206, 14223, 9356, 11820, 29441, 64129, 93547, 28614, 33935, 22362, 62897, 2708, 99242, 14108, 86096, 41757, 88517, 65679, 77824, 18237, 7843, 49085, 89484, 6118, 835, 2814, 63851, 94500, 23688, 26854, 7912, 49429, 14860, 55022, 78082, 88596, 31971, 44541, 30822, 95940, 24374, 56929, 11083, 64002, 90812, 67051, 47019, 35075, 92994, 64855, 52432, 11542, 20887, 83439, 63897, 64284, 47959, 41806, 62752, 27472, 92861, 89060, 73486, 18592, 79379, 58561, 73100, 80430, 84841, 78643, 70286, 33994, 81688, 45400, 50032, 14634, 42585, 84283, 74202, 24369, 30601, 3496, 72032, 5635, 11789, 54274, 21987, 29083, 87189, 11321, 65024, 80463, 18624, 97489, 34906, 71329, 75909, 18832, 95058, 13505, 61855, 61495, 28915, 64981, 46791, 22478, 20735, 69009, 39860, 69967, 2332, 11295, 81277, 62644, 3513, 87367, 50092, 89104, 22724, 79647, 51971, 52709, 5167, 42127, 59692, 40082, 94220, 60438, 90669, 31248, 62691, 36942, 33609, 6523, 22164, 77107, 70432, 46104, 68743, 86415, 26376, 63495, 19706, 94053, 99354, 38130, 90229, 68625, 20341, 76499, 73048, 71313, 18964, 21169, 6758, 77742, 96985, 11064, 421, 66283, 36318, 99842, 81338, 58101, 50856, 35132, 79078, 14497, 33270, 59122, 71902, 37003, 74743, 86163, 80899, 75656, 43416, 56790, 6025, 40289, 93938, 86070, 30661, 15688, 65935, 10754, 42112, 45168, 5528, 20361, 41753, 32826, 56846, 42704, 3285, 84841, 53705, 84099, 17470, 49789, 47982, 6252, 97872, 86255, 18217, 70574, 56261, 87260, 64881, 65190, 79428, 1166, 44260, 40503, 51312, 60014, 55002, 80787, 91104, 70358, 67120, 8193, 87104, 34054, 20712, 3500, 59604, 85783, 85185, 25849, 59684, 53881, 91416, 52983, 84624, 55959, 68967, 11193, 44233, 24512, 49581, 61393, 65269, 35032, 54664, 96263, 12418, 46555, 55907, 35735, 47990, 59245, 30404, 24629, 45258, 9942, 86583, 28959, 68875, 18246, 28086, 58341, 50219, 45101, 11251, 8646, 6613, 86967, 16715, 21105, 37665, 28728, 2760, 80441, 84988, 71082, 83991, 54473, 89666, 63511, 20900, 57420, 75797, 12963, 7001, 43672, 66931, 12502, 83549, 53287, 24231, 81351, 54113, 45731, 73501, 40943, 16808, 39191, 60072, 31292, 49181, 45166, 73792, 59819, 78232, 87462, 33303, 89123, 14058, 40369, 15129, 54414, 99785, 70870, 4799, 50723, 75774, 96797, 87060, 73099, 71064, 13015, 17838, 67708, 35902, 93732, 90903, 95679, 15969, 44704, 79010, 79142, 20745, 97641, 37228, 11218, 95446, 78387, 29865, 59111, 48351, 4664, 4190, 96717, 97020, 67823, 8409, 1369, 99473, 69002, 29916, 62685, 12531, 66929, 10962, 76336, 85723, 56967, 2702, 67309, 15948, 33274, 58901, 57796, 44952]
Tree:
None

Training fitness:
0.08844686490957651
Test fitness:
-0.006416389454209312