Generation:
60

Phenotype:
def p():
  x = 0.0
  index = 35
  if abs(sum(main[:-index]) - sum(opposite[-index:])) > 1000:
    x = (x - 0.9)
  return x
XXX_output_XXX = p()

Genotype:
[37514, 39463, 47256, 38632, 79283, 94974, 79684, 53831, 84936, 73788, 84245, 30510, 67758, 51355, 52645, 49014, 67476, 96578, 14733, 68951, 81975, 42040, 79010, 35629, 44061, 35627, 49773, 10088, 6823, 5035, 22584, 25442, 50296, 36798, 21724, 89380, 29321, 35179, 96259, 57624, 65031, 93066, 65898, 98433, 41332, 81925, 9249, 86951, 56894, 64780, 72520, 47052, 85691, 51328, 21732, 94832, 88239, 13386, 14770, 5670, 94136, 26516, 60924, 24195, 67795, 46456, 160, 48512, 64354, 34898, 76608, 61611, 98571, 38895, 43639, 17046, 77513, 56500, 24372, 3301, 77677, 17605, 33864, 83216, 75194, 75541, 97644, 87705, 12540, 40214, 86395, 19068, 35971, 58748, 51070, 55534, 89671, 44984, 43473, 41635, 72021, 53199, 17253, 46992, 20597, 47534, 56573, 8699, 99556, 23605, 72123, 30811, 36916, 24022, 97447, 20785, 22898, 92465, 53263, 29139, 84879, 45088, 13661, 76393, 32374, 45035, 87731, 52248, 55256, 67689, 56026, 87429, 31797, 86031, 29366, 82077, 45937, 52469, 25019, 41383, 27459, 34955, 99407, 69593, 26522, 70507, 92501, 83761, 15189, 59109, 1705, 75181, 36053, 2880, 66483, 37558, 61028, 79040, 74597, 86295, 25352, 26610, 93552, 16194, 15985, 94629, 35411, 18332, 70352, 7496, 1572, 54370, 36052, 95218, 73815, 78440, 84246, 17622, 31292, 46569, 31843, 3731, 88971, 11271, 72460, 9940, 81521, 46181, 38766, 41094, 9001, 69321, 65928, 96278, 95972, 21256, 50116, 90061, 29179, 60095, 84414, 57053, 2615, 93221, 59001, 69391, 28015, 25198, 18802, 75838, 22, 44120, 34169, 29761, 10358, 44834, 75443, 56418, 93512, 13408, 26077, 62383, 65641, 40856, 15871, 25832, 90342, 56663, 16281, 14409, 34645, 48373, 55065, 45931, 6450, 85001, 22061, 61853, 34385, 84367, 20438, 46235, 34824, 8110, 98055, 55844, 45638, 82938, 63770, 13012, 17583, 41434, 78613, 46231, 45540, 66582, 22799, 564, 33849, 99053, 52471, 9010, 45289, 14806, 52718, 89591, 53082, 70795, 48516, 93966, 94310]
Tree:
None

Training fitness:
[0.1588235294117647, 0.9777289836888331]
Test fitness:
[0.08, 0.9769970723546633]