Generation:
60

Phenotype:
def p():
  x = 0.0
  index = 47
  if main[index] < 1:
    if main[index] < main[index] + 0.0001:
      x = (x + 0.6)
  else:
    if main[index] > opposite[index] + 1:
      x = (x + 0.8)
    else:
      x = (x - 0.01)
  return x
XXX_output_XXX = p()

Genotype:
[64436, 35703, 71600, 99748, 93231, 87776, 50223, 5188, 37764, 20851, 24064, 34891, 71938, 95920, 77981, 95351, 30730, 12525, 81565, 56069, 84149, 27477, 26872, 22293, 53544, 86446, 50353, 98397, 28274, 11377, 49872, 14382, 71633, 46398, 68215, 76887, 95075, 79554, 57848, 92807, 94872, 37336, 61758, 61723, 86122, 79636, 76178, 27364, 19686, 2998, 45921, 58241, 53935, 67128, 3503, 82399, 96366, 7533, 81672, 22547, 18050, 74183, 66188, 43431, 53726, 68476, 99553, 36085, 23004, 94986, 76911, 67228, 15467, 31471, 93372, 36562, 66641, 45760, 48760, 51480, 97344, 79176, 1302, 9850, 76595, 31050, 35632, 46339, 54960, 86905, 2605, 45700, 68324, 77570, 30170, 81584, 85099, 32922, 25596, 49871, 7248, 75075, 65672, 90389, 61766, 42656, 34857, 15042, 72530, 25888, 93941, 94125, 55390, 39582, 37531, 36088, 65399, 13341, 39721, 45878, 57819, 13653, 96677, 83243, 61194, 78981, 50842, 57562, 52230, 83632, 48491, 29896, 89886, 58733, 66174, 43429, 53003, 58981, 74104, 12164, 14688, 77441, 21406, 26025, 78847, 93708, 96874, 36096, 51429, 57319, 37125, 27101, 60435, 97912, 23993, 65307, 28138, 36942, 36049, 90364, 15135, 37607, 99048, 19048, 30159, 75899, 10260, 57640, 79789, 20752, 26418, 62716, 23277, 29324, 3731, 15935, 7285, 52315, 72525, 52655, 84462, 4321, 9131, 18299, 79, 80729, 66525, 12049, 64543, 52290, 52614, 21938, 61686, 36029, 7919, 30017, 72456, 88906, 62748, 81206, 90633, 14653, 71682, 4663, 11205, 67734, 22103, 3376, 20371, 30899, 46595, 86730, 12831, 49411, 84400, 25103, 67092, 51342, 9826, 88478, 77175, 15227, 90552, 46165]
Tree:
None

Training fitness:
[0.16774193548387098, 0.9721873693015475]
Test fitness:
[0.058823529411764705, 0.9761606022584692]