Generation:
60

Phenotype:
def p():
  x = 0.0
  index = 19
  if abs(sum(main) - sum(opposite)) > 1000:
    x = (x - 0.4)
  return x
XXX_output_XXX = p()

Genotype:
[28350, 76665, 47256, 2980, 40943, 56736, 42993, 85674, 1865, 21625, 9443, 87939, 82161, 70213, 68944, 64593, 87622, 70060, 4717, 3128, 72350, 40778, 81050, 14598, 30148, 50671, 13004, 3869, 29046, 96542, 97288, 85586, 8353, 71807, 67638, 27483, 29906, 84273, 35569, 41359, 28612, 14384, 63378, 60945, 38154, 5279, 4589, 70990, 40281, 7489, 86146, 11442, 78311, 95658, 79899, 43202, 67234, 80458, 52723, 1725, 50631, 94776, 70777, 69139, 41654, 46901, 36905, 45154, 73241, 67748, 26532, 83768, 15479, 62923, 97427, 56625, 36143, 93334, 54318, 29358, 75894, 903, 74525, 46801, 82053, 365, 63964, 82619, 48726, 24768, 19527, 74432, 47831, 15422, 7616, 40565, 84380, 91133, 41822, 51635, 75216, 3343, 6320, 48005, 23761, 91079, 88945, 30850, 7437, 39281, 20159, 23772, 72940, 2355, 88430, 68787, 80369, 74154, 31168, 65983, 37127, 27435, 2982, 95993, 12594, 30894, 46486, 98389, 60924, 22736, 56756, 29054, 35925, 92244, 95257, 83500, 46658, 99832, 21922, 74167, 97290, 13401, 76787, 96196, 73908, 30944, 35914, 27062, 96814, 48587, 60149, 78856, 51924, 21019, 20653, 15581, 11078, 90829, 18687, 99236, 10377, 57967, 99857, 27183, 31929, 55227, 71537, 31631, 74296, 16155, 82419, 1821, 60987, 37710, 79062, 52035, 75856, 44291, 9929, 56559, 15055, 54716, 15066, 35432, 86752, 86679, 3617, 75388, 29582, 75207, 96327, 97628, 39777, 5745, 64715, 69223, 23337, 39608, 81341, 11570, 97418, 21116, 93215, 61106, 67496, 11168, 36307, 37709, 17942, 58007, 10857, 43542, 19176, 39647, 70527]
Tree:
None

Training fitness:
[0.1797752808988764, 0.9691551652028441]
Test fitness:
[0.14285714285714285, 0.9569217900460059]