Generation:
60

Phenotype:
def p():
  x = 0.0
  index = 47
  if abs(sum(main[-index:]) - sum(opposite[-index:])) > 1000:
    x = (x - 0.7)
  return x
XXX_output_XXX = p()

Genotype:
[22194, 79223, 17124, 26186, 27295, 35901, 90918, 27244, 62998, 65448, 32329, 1500, 38909, 73454, 48039, 11246, 38515, 48005, 48978, 91079, 88945, 62534, 7437, 39281, 20159, 23772, 6934, 14803, 88430, 68787, 80369, 48010, 66473, 65983, 37127, 27435, 2982, 95993, 12594, 30894, 37208, 98389, 60924, 22736, 7861, 29054, 35925, 92244, 11526, 83500, 46658, 99832, 21922, 20368, 97290, 14406, 76787, 96196, 73908, 30944, 7955, 27062, 70903, 21646, 60149, 8883, 1899, 19686, 20653, 15581, 57411, 90829, 54150, 99236, 10377, 57967, 50172, 27183, 31929, 55227, 71537, 31631, 47403, 16155, 82419, 36068, 80651, 37710, 79062, 99874, 75856, 25344, 9929, 56559, 7532, 54716, 15066, 35432, 95616, 86679, 29529, 48094, 29582, 75207, 96327, 24485, 39777, 5745, 78195, 69223, 23337, 39608, 66455, 80758, 97418, 21116, 93215, 61106, 92717, 11168, 953, 46144, 24267, 58007, 10857, 43542, 19176, 38876, 70527]
Tree:
None

Training fitness:
[0.18120805369127516, 0.964659138435801]
Test fitness:
[0.09032258064516129, 0.9707235466332079]