Generation:
60

Phenotype:
def p():
  x = 0.0
  index = 29
  if main[index] < 1:
    if main[index] < opposite[index] + 0.0001:
      x = (x - 0.00001)
  else:
    if opposite[index] < opposite[index] + 1:
      x = (x - 0.1)
    else:
      x = (x + 0.0001)
  index = 31
  if opposite[index] < opposite[index]:
    x = (x + 0.0000001)
  return x
XXX_output_XXX = p()

Genotype:
[69474, 54317, 64817, 62322, 9233, 53960, 4297, 3994, 8557, 89267, 63555, 63858, 67489, 3137, 39207, 45791, 6187, 40934, 1890, 52019, 60424, 32475, 5699, 69916, 87837, 29503, 347, 48465, 42241, 66764, 19456, 98515, 3965, 20597, 7724, 24392, 31629, 95342, 22024, 1384, 67809, 37484, 80306, 45761, 4983, 42000, 7954, 80208, 52077, 73785, 43461, 88939, 48618, 37790, 96729, 44236, 8911, 69370, 76738, 47521, 96642, 29273, 70705, 89014, 79130, 54954, 82114, 15342, 13830, 30635, 32118, 43527, 29560, 18566, 57506, 13392, 88086, 61765, 85516, 83636, 51304, 97342, 32998, 35500, 74679, 92072, 74190, 55102, 41284, 43722, 32856, 39475, 88496, 98047, 97326, 99830, 62675, 21040, 38510, 11316, 77250, 97502, 12889, 76576, 97033, 89636, 36871, 15699, 39254, 41636, 36976, 82678, 71414, 24338, 26739, 98315, 60623, 76428, 90907, 79126, 57632, 85716, 90806, 79741, 75749, 22722, 31788, 53953, 44425, 11302, 45189, 60723, 7970, 24758, 60094, 68822, 2215, 48966, 63839, 52401, 67515, 47636, 78301, 43609, 44049, 58096, 43981, 72064, 6574, 40643, 42894, 19372, 58926, 98585, 57552, 10710, 57274, 76886, 91227, 76254, 71415, 19194, 56686, 60109, 13288, 72198, 47193, 32736, 37050, 3872, 30870, 77799, 89278, 84046, 8382, 51806, 41588, 97766, 14876, 78564, 68927, 45589, 53938, 80295, 58141, 77718, 44338, 79608, 47241, 45409, 4876, 76753, 28856, 38397, 48858, 44396, 86404, 91585, 37718, 87258, 26360, 71776, 55736, 70301, 19743, 13664, 68584, 73121, 90607, 95912, 19552, 48445, 82462, 62289, 75296, 97347, 84078, 97380, 72878, 92538, 22246, 27678, 93988, 89317, 14506, 96303, 47538, 86703, 2526, 90120, 31722, 62369, 8354, 77409, 42492, 41212, 80734, 90620, 8424, 87065, 7186, 23123, 38580, 88718, 64881, 12377, 13970, 91174, 86468, 30345, 93140, 99561, 70965, 6465, 70657, 12425, 84794, 75137, 85313, 53361, 9291, 1737, 47423, 43571, 81274, 87607, 54560, 75354, 12459, 95774, 70377, 81392, 56925, 84651, 47798, 9714, 58467, 99370, 13686, 46195, 56761, 50519, 80224, 62087, 89715, 84392, 65882, 2354, 23056, 58672, 3010, 51962, 4993, 46506, 21668, 92331, 49730, 62796, 26833, 85619, 83422, 85647, 94560, 38733, 67546, 93726, 78473, 75790, 31527, 17236, 79823, 57823, 66862, 33282, 31344, 49023, 60729, 4619, 96274, 58091, 6614, 38482, 160, 69932, 8534, 65229, 59837, 63669, 16133, 34731, 22942, 44904, 4747, 14026, 9903, 51170, 78963, 20510, 48102, 88188, 30113, 48030, 82232, 76899, 1985, 12268, 91500, 7039, 46191, 60163, 84161, 13699, 93051, 86083, 57390, 86062, 27383, 5527, 61566, 95209, 65889, 891, 13684, 30651, 9598, 28443, 92315, 64743, 14008, 53270, 60817, 40481, 89578, 27683, 72984, 66016, 12873, 70728, 20499, 375, 94822, 14081, 13581, 79040, 11205, 24924, 43121, 71500, 94687, 66811, 95205, 69765, 49320, 38961, 87348, 4729, 92503, 17717, 34444, 98524, 42307, 21528, 75077, 82886, 39837, 33088, 85554, 23588, 87083, 52927, 36260, 20043, 94610, 54162, 59842, 72533, 21435, 58681, 81725, 55025, 9886, 25183, 13212, 89153, 91039, 77823, 18875, 11864, 74975, 31150, 93745, 84532, 87688, 9337, 48728, 30879, 7832, 373, 76557, 12842, 43112, 65553, 39625, 34122, 83040, 7340, 15773, 14724, 12751, 92108, 76809, 8521]
Tree:
None

Training fitness:
[0.189873417721519, 0.9604767879548306]
Test fitness:
[0.09954751131221719, 0.9628816394813886]