Generation:
60

Phenotype:
def p():
  x = 0.0
  index = 8
  if main[index] < 1:
    if opposite[index] > main[index] + 0.01:
      x = (x + 0.9)
  else:
    if main[index] < main[index] + 8:
      x = (x + 0.3)
    else:
      x = (x + 0.7)
  return x
XXX_output_XXX = p()

Genotype:
[72309, 48765, 91764, 93268, 90644, 96248, 93668, 23331, 26786, 72853, 55822, 2462, 71775, 17684, 69540, 34438, 90644, 96248, 98144, 88508, 26786, 72289, 35526, 2462, 31829, 1742, 43213, 29509, 38242, 45711, 93337, 38324, 35305, 24280, 38753, 97245, 39176, 32307, 77241, 37252, 43920, 62040, 86958, 801, 19475, 68090, 91841, 91598, 17779, 20551, 57868, 67330, 6914, 88239, 45734, 83757, 41655, 6817, 881, 64226, 83071, 26746, 20543, 64797, 80505, 12173, 10573, 97474, 61541, 53009, 64045, 41085, 62676, 13688, 37538, 44500, 60533, 50065, 8452, 4103, 88017, 85412, 25408, 45664, 69721, 84788, 34824, 56722, 77797, 18907, 34710, 84428, 21965, 99422, 62234, 10950, 98998, 5256, 91336, 33548, 64613, 18131, 65779, 7431, 13546, 28648, 55294, 94000, 48361, 99990, 89924, 4025, 99739, 86636, 93636, 52702, 30452, 41958, 79264, 52202, 68218, 17377, 79700, 97425, 52394, 63196, 46506, 83034, 40335, 20080, 29704, 97348, 45867, 53095, 19604, 48228, 81679, 75654, 85186, 56715, 79715, 67142, 16001, 4365, 2414, 20057, 95160, 82626, 30142, 29403, 53770, 74017, 62220, 68726, 83861, 95116, 73870, 88380, 51247, 52122, 90105, 98188, 75581, 46232, 93750, 55240, 30374, 51026, 21668, 79559, 60504, 33731, 75539, 60393, 66611]
Tree:
None

Training fitness:
[0.22485207100591717, 0.9490798828941865]
Test fitness:
[0.18235294117647058, 0.9352781263069846]