Generation:
60

Phenotype:
def p():
  x = 0.0
  index = 40
  if abs(sum(main[-index:]) - sum(opposite[-index:])) > 1000:
    x = (x - 0.001)
  return x
XXX_output_XXX = p()

Genotype:
[14576, 87158, 58880, 48983, 63428, 86808, 25150, 57370, 34320, 67733, 67565, 21716, 96957, 85299, 86770, 75438, 50665, 6310, 88706, 96251, 83898, 60297, 38172, 71441, 34760, 91222, 7312, 18081, 92392, 22791, 31572, 29002, 29207, 69854, 15846, 21997, 96546, 10387, 44425, 11530, 77041, 39100, 75183, 70419, 19099, 98584, 14849, 57486, 99905, 50548, 93535, 7119, 25905, 95230, 4493, 51255, 28231, 33497, 97439, 11797, 53099, 31689, 40853, 77693, 59191, 95669, 93320, 40016, 57239, 8374, 58872, 99472, 3755, 27389, 50704, 42906, 91432, 90533, 59012, 63843, 8430, 33804, 52597, 17691, 95018, 15773, 61469, 93835, 16498, 28874, 24007, 96820, 5383, 32134, 49001, 690, 61169, 10768, 69404, 2148, 38182, 21911, 57217, 39102, 91430, 84295, 29585, 4375]
Tree:
None

Training fitness:
[0.22702702702702704, 0.941133416980343]
Test fitness:
[0.16062176165803108, 0.944374738603095]