Generation:
60

Phenotype:
def p():
  x = 0.0
  index = 9
  if abs(sum(main[-index:]) - sum(opposite[:-index])) > 5000:
    x = (x - 0.00001)
  return x
XXX_output_XXX = p()

Genotype:
[85490, 86793, 32676, 32923, 17793, 46470, 23788, 8714, 33535, 8199, 85735, 80594, 49718, 46384, 6715, 10652, 69052, 54894, 75086, 19306, 75293, 14487, 99072, 88930, 86548, 60356, 75790, 3078, 6427, 26346, 43502, 34717, 36423, 99732, 78265, 15148, 13821, 1174, 20502, 74603, 23722, 77260, 80130, 60590, 32539, 34671, 97777, 78766, 97825, 68145, 78262, 69522, 44121, 515, 4899, 34835, 78412, 52821, 39217, 68458, 25490, 45009, 5402, 75275, 67055, 47649, 82027, 6891, 77537, 39207, 60216, 21985, 16029, 8975, 77005, 98896, 13159, 92866, 86366, 45426, 66358, 91141, 58487, 90228, 94685, 64107, 19405, 12209, 61036, 38226, 79089, 63324, 4267, 57584, 78323, 36943, 86761, 43908, 31683, 75047, 34465, 28101, 8211, 36809, 81967, 91807, 93201, 52336, 81066, 74192, 36980, 4796, 48813, 64862, 32532, 11107, 18264, 58997, 72270, 25179, 94153, 54629, 12512, 5366, 1304, 47475, 86152, 1330, 65884, 11339, 87002, 32254, 27607, 72130, 34928, 87838]
Tree:
None

Training fitness:
[0.27607361963190186, 0.9332915098285236]
Test fitness:
[0.1411042944785276, 0.9321413634462569]