Generation:
60

Phenotype:
def p():
  x = 0.0
  index = 39
  if abs(sum(main[-index:]) - sum(opposite[:-index])) > 5000:
    x = (x - 0.0001)
  return x
XXX_output_XXX = p()

Genotype:
[66624, 70860, 90380, 60595, 93639, 39495, 27244, 62998, 98485, 32329, 66225, 68051, 88780, 81580, 11246, 69637, 60399, 16093, 13624, 23457, 89133, 25661, 97166, 80532, 9881, 46165, 1004, 60822, 17012, 37902, 25993, 81571, 8488, 92685, 35364, 12016, 11924, 23399, 75608, 76646, 39808, 96856, 6826, 60951, 54377, 12999, 80210, 87256, 96580, 1333, 36675, 7727, 55769, 15942, 44760, 19338, 96054, 98884, 21897, 36841, 78755, 39908, 20368, 56825, 19151, 80588, 4051, 74604, 10263, 87909, 9150, 11938, 38707, 7906, 15927, 57208, 23316, 64858, 10950, 31724, 19279, 4051, 74604, 10263, 87909, 83690, 11938, 40665, 94312, 79391, 49850, 76781, 62542, 60204, 48394, 77062, 9074, 24846, 63885, 39430, 48439, 22790, 8149, 14920, 91495, 86197, 92235, 72751, 90044, 99440, 42775, 87193, 38407, 17704, 30719, 21685, 24988, 73004, 55788, 27315, 75930, 29872, 80585, 36336, 70146, 53095, 39300, 27911, 25294, 79030, 31607, 41573, 73439, 7372, 21016, 20276, 56871, 98466, 27500, 75155, 12973, 91196, 71714, 54174, 50054, 26645, 12200, 77794, 97420, 38618, 14264, 55066, 81251, 24048, 75728, 81948, 3810, 3805, 39021, 99849, 15548, 8933, 15246, 12766, 90042, 74390, 47, 20041, 48099, 11765, 53718, 42162, 65766, 74677, 40657, 60986, 44908, 99525, 77427, 15204]
Tree:
None

Training fitness:
[0.28125, 0.9225219573400251]
Test fitness:
[0.21951219512195122, 0.897741530740276]