Generation:
60

Phenotype:
def p():
  x = 0.0
  index = 28
  if abs(sum(main[-index:]) - sum(opposite[:-index])) > 1000:
    x = (x - 1.0)
  return x
XXX_output_XXX = p()

Genotype:
[14760, 85125, 37408, 16351, 59152, 40815, 58400, 50308, 94505, 63638, 75895, 62063, 36495, 48697, 81768, 33445, 21513, 96856, 55897, 56781, 38532, 63710, 70401, 13205, 50151, 38469, 59824, 84679, 63836, 84126, 82474, 39577, 37718, 85768, 48222, 10199, 98276, 47569, 4215, 22721, 86590, 66381, 3113, 43329, 3139, 77003, 55419, 26513, 72632, 42321, 21996, 29798, 30489, 15424, 80255, 90442, 24251, 43067, 98719, 21067, 39441, 66561, 57828, 64977, 30400, 78566, 85985, 74336, 4620, 756, 79287, 77170, 97952, 83047, 87267, 10488, 99882, 95243, 50617, 40704, 25436, 36632, 95728, 72702, 60138, 34817, 77968, 54938, 21773, 11678, 68187, 45968, 32002, 51735, 10200, 95849, 55403]
Tree:
None

Training fitness:
[0.2848101265822785, 0.9138435800920117]
Test fitness:
[0.2062780269058296, 0.8985780008364701]