Generation:
60

Phenotype:
def p():
  x = 0.0
  index = 44
  if abs(sum(main[:-index]) - sum(opposite[:-index])) > 50:
    x = (x - 1.0)
  return x
XXX_output_XXX = p()

Genotype:
[98819, 44345, 7820, 2527, 93904, 94125, 31802, 88225, 9443, 3675, 82161, 56751, 50308, 94505, 63638, 3595, 12373, 5432, 31865, 78302, 64504, 68062, 39069, 19313, 29559, 93396, 65738, 37476, 12871, 49545, 58959, 71768, 9117, 11461, 8126, 34724, 48909, 32876, 78223, 37478, 69872, 21582, 84166, 66958, 50740, 68059, 64419, 78902, 74479, 9649, 26955, 66263, 96813, 62417, 88261, 83426, 22517, 31463, 15844, 21813, 34749, 37497, 57107, 91215, 46325, 30580, 34907, 45285, 99893, 69062, 68141, 81359, 14777, 79817, 63233, 39757, 13244]
Tree:
None

Training fitness:
[0.12307692307692308, 0.9951902969468842]
Test fitness:
[0.03723404255319149, 0.9947720618987872]