Generation:
60

Phenotype:
def p():
  x = 0.0
  index = 8
  if main[index] < 1:
    if main[index] < opposite[index] + 0.01:
      x = (x + 0.00001)
  else:
    if main[index] > opposite[index] + 0:
      x = (x - 0.6)
    else:
      x = (x + 1.0)
  return x
XXX_output_XXX = p()

Genotype:
[66660, 22781, 44820, 83413, 98808, 80588, 4051, 74604, 10263, 87909, 83690, 62002, 68950, 94312, 28119, 49850, 76781, 25659, 94136, 26767, 86156, 42311, 59036, 21643, 27663, 12898, 68839, 4215, 77729, 89202, 75657, 90098, 98494, 23446, 14331, 42999, 98789, 66029, 31248, 58286, 71611, 39863, 26811, 94111, 13132, 8911, 59128, 10084, 79918, 17568, 64337, 21321, 2159, 20685, 74912, 72987, 87026, 87040, 65650, 31893, 51848, 11451, 94483, 34733, 76575, 10453, 27176, 51940, 73523, 39771, 82661, 40503, 1258, 50684, 78015, 41534, 47005, 11264, 53993, 43865, 32990, 13821, 10274, 30571, 42917, 9065, 53757, 21957, 87710, 3113, 48343, 48667, 49501, 15097, 36471, 67490, 16383, 76599, 60581, 25126, 37176, 3839, 62629, 98449, 36348, 1852, 73363, 17431, 12806, 89740, 1968, 90828, 280, 28829, 20835, 91123, 64892, 18206, 91819, 15633, 48602, 20838, 64029, 22894, 75415, 98706, 82822, 86960, 43452, 49599, 52247, 67950, 82080, 52451, 57185, 59190, 17763, 52692, 39526, 89103, 32093, 7871, 44803, 71814, 35912, 5465, 61694]
Tree:
None

Training fitness:
[0.3502824858757062, 0.8986825595984944]
Test fitness:
[0.315, 0.8890631534922627]