Generation:
60

Phenotype:
def p():
  x = 0.0
  index = 26
  if sum(main) / 52 < sum(opposite) / 52:
    x = (x - 0.000001)
  index = 36
  if main[index] < 1:
    if opposite[index] > opposite[index] + 0.1:
      x = (x - 0.2)
  else:
    if main[index] < main[index] + 6:
      x = (x - 0.2)
    else:
      x = (x - 0.0001)
  return x
XXX_output_XXX = p()

Genotype:
[81127, 62965, 57089, 82763, 64090, 45043, 6035, 94606, 43901, 58827, 47267, 18367, 61729, 91136, 69163, 33992, 21779, 94808, 59409, 46541, 56566, 49859, 39831, 4447, 36528, 84106, 84066, 69971, 15479, 62923, 97427, 56625, 36143, 89738, 54318, 7807, 94185, 903, 36189, 46801, 82053, 365, 63964, 75561, 48726, 31032, 19527, 91600, 47831, 15422, 7616, 4074, 84380, 50771, 42871, 51635, 75216, 88098, 6320, 48005, 48978, 91079, 88945, 30850, 7437, 39281, 20159, 23772, 6934, 14803, 88430, 68787, 80369, 48010, 66473, 65983, 37127, 27435, 2982, 95993, 12594, 30894, 37208, 98389, 60924, 22736, 7861, 29054, 35925, 92244, 11526, 83500, 46658, 99832, 21922, 20368, 97290, 14406, 76787, 96196, 73908, 30944, 7955, 27062, 70903, 21646, 60149, 8883, 1899, 19686, 20653, 15581, 57411, 90829, 54150, 99236, 10377, 57967, 50172, 27183, 31929, 55227, 71537, 31631, 47403, 16155, 82419, 36068, 80651, 37710, 79062, 99874, 75856, 25344, 9929, 56559, 7532, 54716, 15066, 35432, 95616, 86679, 29529, 48094, 29582, 75207, 96327, 24485, 39777, 5745, 78195, 69223, 23337, 39608, 66455, 80758, 97418, 21116, 93215, 61106, 92717, 11168, 953, 46144, 24267, 58007, 10857, 43542, 19176, 38876, 70527]
Tree:
None

Training fitness:
[0.40718562874251496, 0.8632371392722711]
Test fitness:
[0.24873096446700507, 0.8747386030949393]