Generation:
60

Phenotype:
def p():
  x = 0.0
  index = 6
  if abs(sum(main) - sum(opposite)) > 10000:
    x = (x + 0.5)
  return x
XXX_output_XXX = p()

Genotype:
[92510, 31352, 84356, 78797, 24446, 86757, 94295, 63089, 11938, 11802, 11265, 6960, 88103, 84615, 77397, 76358, 25174, 83999, 14614, 56039, 19813, 41865, 6345, 98781, 71678, 92663, 92492, 51876, 44220, 71585, 10370, 84880, 59572, 12161, 67323, 22781, 15619, 91419, 88294, 26095, 56738, 62254, 84737, 7588, 26558, 75757, 21208, 37363, 50786, 91980, 57107, 33825, 46967, 69380, 9361, 75961, 49480, 78733, 32492, 32080, 38764, 19235, 17555, 24503, 11332, 24853, 5418, 93303, 39377, 34323, 74720, 18281, 21494, 67067, 41166, 22028, 75719, 95729, 12326, 44764, 49731, 78058, 38861, 13288, 55484, 40324, 7221, 84040, 7379, 57387, 34526, 14847, 44562, 60741, 78269, 66806, 68947]
Tree:
None

Training fitness:
[0.5149700598802395, 0.8094939355918026]
Test fitness:
[0.3785310734463277, 0.8237139272271017]