Generation:
60

Phenotype:
def p():
  x = 0.0
  index = 28
  if abs(sum(main) - sum(opposite)) > 5000:
    x = (x - 0.8)
  return x
XXX_output_XXX = p()

Genotype:
[99979, 69471, 9132, 28815, 40224, 32955, 91001, 68386, 69257, 69021, 66764, 34716, 70038, 3965, 60991, 14672, 30393, 71637, 53049, 74568, 78412, 46193, 72412, 99285, 59568, 23931, 86643, 91957, 65059, 37307, 94217, 72798, 24522, 84201, 33342, 89192, 66506, 98001, 5472, 60769, 73112, 89078, 77947, 18052, 59430, 70045, 77600, 41836, 49673, 48995, 90461, 2725, 62648, 35177, 89320, 92642, 7924, 88462, 79403, 65218, 94926, 69912, 40313, 54922, 7683, 95592, 70179, 58845, 26117, 71715, 45823, 78174, 18358, 30218, 39845, 67560, 72889, 71759, 42568, 96569, 46661, 37113, 32037, 52119, 31382, 93134, 54767, 9787, 51590, 23836, 15577, 31527, 14502, 79318, 89996, 86314, 69374, 11203, 95207, 38073, 92462, 55438, 77960, 59119, 88162, 97839, 3003, 50223, 30022, 67832, 18122, 39380, 31851]
Tree:
None

Training fitness:
[0.5217391304347826, 0.8063571727310749]
Test fitness:
[0.42857142857142855, 0.8020702634880803]