Generation:
60

Phenotype:
def p():
  x = 0.0
  index = 39
  if abs(sum(main) - sum(opposite)) > 10000:
    x = (x + 1.0)
  return x
XXX_output_XXX = p()

Genotype:
[75803, 2864, 36608, 83544, 11947, 2145, 46367, 82184, 58982, 4303, 77838, 13697, 62357, 4051, 74604, 64800, 60562, 67419, 35852, 11776, 13525, 2426, 35776, 72274, 82714, 51709, 6652, 65777, 47585, 58106, 88969, 22544, 8584, 11224, 16131, 29884, 5434, 12194, 37270, 30897, 56791, 39558, 42332, 25544, 27512, 33342, 21839, 60722, 6858, 59563, 75041, 83228, 22048, 56566, 49859, 44889, 66773, 19111, 31466, 11626, 58250, 18916, 33948, 35381, 4328, 86110, 95334, 25900, 58654, 28827, 30474, 10145, 83228, 56850, 86275, 65223, 83409, 42000, 17197, 90216, 60040, 66991, 95668, 10004, 50531, 77997, 93861, 45044, 31481, 36359, 29361, 60408, 16082, 588, 97854, 47161, 1780, 53294, 22591, 84874, 99768, 44010, 75198, 91818, 97001, 27147, 83521, 44013, 37857, 62496, 79723, 76517, 11939, 23718, 74691, 61640, 97811, 62806, 63552, 44139, 91685, 9446, 87438, 46413, 59658, 4606, 95527, 15268, 49424, 79500, 11252, 89644, 41498, 18977, 42446, 13027, 94578, 68470, 71472, 9064, 83737, 76812, 90704, 59752, 57122, 99503, 80173, 58077, 86593, 37173, 21180, 8033, 11372, 57864, 61587, 30439, 18661, 84053, 96609, 93147, 4193, 74940, 22611, 87787, 78387, 65530, 2771, 75618, 15733]
Tree:
None

Training fitness:
[0.5403726708074534, 0.8009201171058135]
Test fitness:
[0.3247422680412371, 0.8314512756168967]