Generation:
60

Phenotype:
def p():
  x = 0.0
  index = 27
  if main[index] < 1:
    if main[index] < main[index] + 0.000001:
      x = (x + 0.9)
  else:
    if opposite[index] < opposite[index] + 6:
      x = (x + 1.0)
    else:
      x = (x + 0.8)
  return x
XXX_output_XXX = p()

Genotype:
[85587, 80971, 35604, 33976, 48387, 67439, 27857, 44580, 30108, 76353, 34072, 26718, 58433, 78421, 66541, 23226, 14720, 41951, 71470, 29949, 1744, 98580, 22940, 65540, 65276, 23788, 8714, 14946, 8199, 47819, 80594, 57631, 21681, 41963, 17398, 72623, 32682, 94973, 18189, 86708, 76753, 93143, 32491, 80117, 14754, 45308, 50831, 87684, 87310, 40079, 13942, 44654, 18162, 18697, 18018, 84960, 45896, 34617, 13581, 76186, 19863, 28333, 46925, 47204, 54519, 73481, 43882, 78991, 68497, 17111, 72294, 89388, 14921, 64122, 40451, 71143, 39709, 13847, 89085, 97153, 82848, 72211, 27667, 70875, 67694, 79449, 92745, 38866, 30504, 86161, 40260, 75052, 73206, 44396, 31428, 94379, 65054, 51668, 12505, 45152, 86698, 30389, 81505, 63424, 1770, 89201, 21348, 86415, 11243, 31773, 49708, 50116, 97625, 12644, 76525, 30358, 43847, 56308, 39931, 19233, 79335, 39775, 22522, 33126, 43140, 18475, 42727, 36190, 13177, 67948, 69213, 85783, 31496, 52290, 71876, 34940, 68256, 70793, 47821, 82925, 40981, 92423, 54411, 42271, 11504, 17240, 80888, 37006, 22861, 95323, 40697, 83483, 31117, 45459, 3145, 61965, 8273, 71162, 25496, 85155, 20657, 29990, 2981, 33112, 88181, 36136, 77482, 44288, 59380, 92242, 3305, 88161, 20329, 25267, 23404, 81896, 68573, 12365, 77216, 28147, 74486, 65568, 4532, 71385, 24420, 64886, 2479, 98999, 14133, 98548, 24201, 29176, 48224, 37801, 90884, 27519, 71122, 43403, 17546, 9833, 39527, 23490, 23480, 18157, 33472, 30250, 88801, 75338, 44782, 46298, 25902, 87608, 79303, 77688, 43444, 57010, 33338, 63730, 50903, 92233, 3166, 11167, 42803, 26754, 43726, 21987, 54500]
Tree:
None

Training fitness:
[0.6071428571428571, 0.7766624843161857]
Test fitness:
[0.4177215189873418, 0.7804265997490589]