Generation:
60

Phenotype:
def p():
  x = 0.0
  index = 21
  if abs(sum(main) - sum(opposite)) > 1000:
    x = (x - 0.1)
  return x
XXX_output_XXX = p()

Genotype:
[83376, 73821, 49412, 38733, 52645, 49014, 34021, 95571, 36897, 93526, 45042, 2282, 41070, 49706, 53800, 29458, 41363, 46848, 45794, 69078, 66897, 88918, 64590, 99600, 18540, 81903, 4484, 38713, 53636, 76658, 11086, 57968, 29093, 11443, 14036, 67038, 99725, 55990, 21696, 46237, 67744, 52579, 998, 69940, 74420, 9558, 35615, 93609, 53375, 96160, 92205, 35796, 48148, 71374, 78733, 17895, 11288, 69201, 73537, 8079, 85559, 91165, 81132, 21799, 41203, 36959, 38834, 25434, 11837, 547, 55964, 64590, 6115, 90343, 14048, 54187, 86392, 62272, 38631, 1901, 67919, 90905, 15948, 28202, 71934, 86320, 68185, 31075, 59636, 20663, 31790, 45724, 73544, 73113, 27079, 41395, 51135, 37857, 50770, 19905, 86499, 56696, 10968, 52013, 93241, 65600, 91569, 91035, 26315, 73018, 10888, 46151, 1780, 99455, 99449, 7717, 8226, 92330, 67771, 86487, 70825, 81818, 68022, 31336, 31918, 20127, 58254, 50579, 94813, 73038, 18626, 18766, 14303, 35648, 69037, 95152, 91386, 81557, 95895, 30367, 90811, 2200, 67381, 41835, 95255]
Tree:
None

Training fitness:
[0.1357142857142857, 0.9821204516938519]
Test fitness:
[0.14213197969543148, 0.9590129652864909]