Generation:
60

Phenotype:
def p():
  x = 0.0
  index = 33
  if abs(sum(main[:-index]) - sum(opposite[-index:])) > 1000:
    x = (x - 0.01)
  return x
XXX_output_XXX = p()

Genotype:
[58387, 41169, 63724, 49142, 72989, 12951, 34148, 38991, 90852, 26068, 25743, 82165, 19158, 23242, 50570, 11963, 90049, 50154, 44377, 86848, 4037, 79, 21174, 10182, 43977, 17429, 56843, 85900, 38495, 74453, 22591, 34320, 89710, 23886, 48104, 69046, 44646, 37713, 75164, 362, 85032, 12172, 34007, 13413, 24447, 45432, 53170, 52127, 26781, 43001, 81751, 31789, 35360, 80925, 72423, 47748, 20246, 87664, 49948, 88802, 92923, 67359, 15822, 58474, 18076, 3650, 24015, 87338, 32951, 44059, 43376, 91397, 60972, 8735, 13714, 54246, 49534, 31458, 69968, 11847, 51176, 41545, 39017, 42269, 47006, 59928, 11612, 38822, 19933, 76940, 4441]
Tree:
None

Training fitness:
[0.15028901734104047, 0.9781472187369302]
Test fitness:
[0.06451612903225806, 0.9800292764533668]