Generation:
4

Phenotype:
def p():
  x = 0.0
  index = 43
  if opposite[index] > sum(main[:-index]):
    x = (x + 0.0000001)
  index = 41
  if main[index] < 1:
    if opposite[index] < main[index] + 0.5:
      x = (x - 0.4)
  else:
    if main[index] < opposite[index] + 3:
      x = (x - 0.7)
    else:
      x = (x - 0.0000001)
  index = 30
  if sum(main[-index:]) < sum(opposite[:-index]):
    x = (x - 0.9)
  index = 13
  if sum(opposite[-index:]) < opposite[index] - main[index]:
    x = (x + 0.01)
  return x
XXX_output_XXX = p()

Genotype:
[81468, 89264, 5773, 64045, 49105, 74203, 9394, 85023, 34016, 21879, 92078, 19121, 98478, 55024, 80213, 35066, 93320, 32285, 62943, 62149, 49478, 47498, 90421, 24425, 87649, 72206, 64279, 46273, 97321, 29500, 64855, 37808, 83073, 49707, 25377, 7225, 10410, 13298, 99858, 16935, 42762, 19201, 41257, 14617, 9678, 71932, 15597, 57184, 61168, 84960, 27635, 10346, 90001, 55709, 95484, 82240, 72397, 67519, 66358, 38932, 74434, 79989, 77536, 30072, 3558, 11510, 76820, 79487, 79928, 21100, 82259, 73701, 66269, 77640, 83085, 643, 68845, 92799, 43311, 20914, 36587, 19995, 15137, 61083, 86957, 74469, 46252, 13827, 71572, 84337, 80065, 73651, 42329, 89219, 58954, 34365, 83354, 10738, 99759, 53383, 16556, 63511, 84364, 4603, 58318, 20831, 31410, 70101, 10790, 30863, 55149, 23425, 69427, 59805, 57143, 36162, 64561, 78748, 84925, 39878, 20957, 34987, 28766, 85026, 4246, 75970, 36491, 74452, 24422, 40945, 3034, 99076, 10453, 76792, 84054, 54995, 18676, 87178, 46681, 61417, 68016, 31184, 46429, 3624, 86968, 69825, 25642, 49094, 44950, 79166, 16321, 35279, 47881, 85788, 76129, 97001, 21477, 72259, 6450, 81084, 43407, 22983, 98693, 20298, 8234, 26700, 90380, 43328, 74730, 63666, 55248, 66792, 60064, 42734, 22943, 73444, 84788, 23015, 57499, 5595, 4696, 52711, 75507, 70678, 24983, 96667, 11080, 82482, 82079, 5626, 17154, 21429, 66536, 71031, 328, 71246, 64066, 48873, 10990, 97172, 23108, 7110, 52569, 4121, 31395, 23917, 29523, 92197, 72026, 89840, 9399, 4051, 78089, 85757, 83474, 66766, 32941, 45949, 63702, 27417, 74064, 76853, 41011, 48714, 40144, 92462, 84263, 26743, 82271, 4978, 30638, 10369, 79343, 3776, 46846, 40043, 28847, 65088, 30540, 38510, 6506, 90, 33491, 98212, 88560, 1214, 11538, 81197, 70968, 39291, 63088, 47073, 77470, 14462, 79061, 28928, 8282, 64109, 33718, 23005, 46915, 63768, 28060, 98203, 73318, 16575, 75464, 20082, 86486, 1283, 88414, 72264, 50402, 37303, 4596, 52958, 92331, 21573, 89298, 53448, 43915, 68646, 37467, 43946, 70712, 25826, 43190, 81934, 27099, 26647, 40512, 17068, 23465, 847, 59817, 45713, 27379, 84745, 79261, 39125, 84249, 55099, 99078, 52784, 65421, 45182, 59248, 45787, 37389, 87757, 30409, 54342, 87615, 45963, 11274, 53227, 66965, 72130, 91149, 23132, 80785, 51890, 23322, 64400, 57232, 80756, 60912, 17469, 27564, 6317, 54921]
Tree:
None

Fitness:
0.019440163954668365