Generation:
17

Phenotype:
def p():
  x = 0.0
  index = 18
  n = 50
  b = 18
  c = sum(main[:-index])
  if opposite[b] > opposite[39] + 6:
    x = (x + 0.4)
  return x
XXX_output_XXX = p()

Genotype:
[79470, 83367, 15992, 82911, 34086, 20629, 79967, 68300, 26844, 30948, 5916, 93782, 22447, 55693, 70673, 75099, 96225, 22106, 45531, 90023, 82345, 43938, 6118, 93782, 33124, 55693, 4405, 75099, 35849, 34655, 91105, 1192, 64138, 90804, 40915, 28493, 96833, 36348, 55875, 86289, 81386, 95923, 61562, 93012, 13712, 67128, 12293, 68313, 14077, 37178, 71304, 49173, 2906, 48212, 23267, 25346, 26533, 76027, 71425, 87952, 68961, 13841, 67153, 75061, 89555, 62695, 64539, 62116, 82064, 39046, 25900, 10280, 72619, 37620, 87794, 74623, 16324, 22581, 20643, 25292, 40204, 10408, 82264, 21548, 57780, 68893, 66686, 82480, 4378, 18772, 92032, 44602, 72626, 52719, 59530, 6257, 64633, 47882, 70430, 58618, 93207, 5478, 79193, 35821, 30160, 35000, 67510]
Tree:
None

Fitness:
[0.9143405071382911, 0.593579989877462]