Generation:
17

Phenotype:
def p():
  x = 0.0
  index = 26
  n = 18
  b = 13
  c = opposite[b]
  if opposite[20] > opposite[b] + 2:
    x = 0.9
  return x
XXX_output_XXX = p()

Genotype:
[44890, 68318, 68052, 77687, 81371, 95968, 24498, 50180, 9448, 85329, 12607, 90377, 33973, 70051, 50357, 62613, 60992, 81390, 97368, 16306, 93782, 33124, 62600, 99098, 5061, 46435, 10481, 77472, 62337, 64619, 39508, 55629, 77431, 68665, 91392, 74416, 41587, 14073, 82686, 46400, 59395, 37865, 1817, 90741, 6902, 46986, 60418, 82101, 55835, 47912, 33258, 94338, 66301, 24460, 51118, 64660, 577, 82860, 92963, 18605, 55104, 97529, 15053, 40725, 42509, 84430, 94213, 23277, 37989, 91981, 96001, 19556, 87036, 17068, 44064, 86593, 97318, 15152, 53021, 13830, 35853, 67286, 90900, 65236, 31327, 90359, 26656, 75031, 63406, 69713, 83761, 24524, 85157, 44752, 60668, 32768, 46193, 74703, 2232, 1163, 65542, 3109, 25129, 58815, 47561, 92663, 51551, 68950, 10589, 52422, 52327, 50159, 95810, 96862, 1097, 53877, 45718, 38623, 13811, 54946, 65006, 70719, 83209, 60522, 1488, 89105, 3984, 17541, 69827, 53924, 1164, 68205, 19703, 47037, 95735, 41153, 18210, 15854, 9963, 94293, 58026, 41518, 49158, 99506, 41034, 10263, 63469, 10646, 30953, 7824, 8360, 37131, 47200, 97546, 35043, 46951, 12572, 49703, 6446, 53105, 1911, 37933, 41407, 55166, 19584, 94778, 6187, 90173, 96474, 32831, 76421, 81601, 51808, 60408, 37276, 35915, 7453, 85247, 52952, 81599, 20726, 11766, 411, 72399, 51642, 40796, 83050, 67527, 45013, 41973, 45722, 84088, 71673, 14079, 56086, 36269, 39447, 4639, 4315, 52318, 75101, 52408, 81763, 49811, 86902, 61366, 10065, 51234, 4188, 71010, 75050, 86010, 43903, 22154, 97637, 20345, 72042, 25033, 5795, 68631, 39864, 96575, 62537, 72869, 55227, 52184, 91462, 6137, 44710, 74749, 44020, 70555, 22556, 65210, 96093, 94822, 67659, 92204, 83707, 57759, 60509, 59348, 77202, 2935, 84961, 42692, 39078, 3891, 224, 97799, 55822, 41399, 56440, 28043, 22653, 84781, 42271, 65482, 41721, 71984, 53318, 13509, 16972, 85691, 85980]
Tree:
None

Fitness:
[1.0, 0.5557809330628803]