Generation:
17

Phenotype:
def p():
  x = 0.0
  index = 38
  n = 24
  b = 31
  c = main[25]
  if opposite[b] > opposite[1] + 6:
    x = (x + 0.8)
  return x
XXX_output_XXX = p()

Genotype:
[85933, 83367, 15992, 82911, 71591, 21767, 93456, 68300, 82345, 56599, 37609, 93782, 33124, 55693, 4405, 75099, 19177, 22106, 53601, 10337, 53476, 60696, 12992, 71850, 61611, 90680, 7832, 42639, 57816, 71888, 93248, 58825, 57364, 19028, 75019, 22128, 40145, 12699, 71724, 81538, 6757, 35767, 54106, 8469, 91114, 17341, 82281, 53934, 92478, 4381, 53716, 70462, 22141, 14553, 84267, 87428, 77902, 45983, 69666, 60043, 14722, 10616, 47923, 54386, 45003, 64630, 92296, 19679, 96926, 65688, 37477, 7001, 38528, 66452, 69106, 47221, 42305, 13389, 19465, 60661, 1219, 2948, 49921, 40224, 21369, 28474, 19939, 56601, 8525, 55222, 74139, 53091]
Tree:
None

Fitness:
[0.9578095035158747, 0.5811697957065513]