Generation:
17

Phenotype:
def p():
  x = 0.0
  index = 20
  n = 36
  b = 23
  c = opposite[b]
  if main[20] > main[b] + 2:
    x = (x + 0.3)
  return x
XXX_output_XXX = p()

Genotype:
[27921, 89480, 42600, 74296, 98756, 26172, 54249, 25072, 46280, 47601, 12607, 77377, 33973, 97934, 50357, 57260, 49642, 86686, 73242, 86148, 73916, 31505, 72477, 55693, 4405, 75099, 96225, 22106, 53601, 22687, 73210, 98912, 72445, 31825, 12354, 2446, 36461, 21255, 78326, 29041, 49153, 44355, 19460, 2872, 23816, 33343, 11847, 54347, 55569, 82377, 75394, 74129, 63262, 99456, 97767, 39768, 30066, 97674, 23534, 92971, 77242, 70837, 45365, 86124, 70923, 97849, 96534, 68869, 73127, 36980, 5463, 36081, 62415, 57061, 32125, 52666, 32535, 94428, 93760, 19936, 69865, 15234, 65642, 97621, 21183, 78215, 19534, 87883, 27816, 74946, 87017, 70960, 39687, 19417, 63053, 69728, 16736, 43675, 70186, 32282, 25470, 29281, 72564, 9410, 86599, 39527, 69826, 54448, 51943, 82934, 76041, 6041, 93814, 67176, 63927, 85413, 96874, 24627, 86358, 521, 41638, 39545, 69811, 32128, 66590, 75131, 23689, 11666, 75701, 34997, 35542, 80858, 66361, 40666, 49896, 48486, 45092, 87087, 96346, 70117, 74767, 64412, 8129, 62488, 95387, 15854, 12883]
Tree:
None

Fitness:
[0.9846580012784999, 0.5712674725797503]