Generation:
5

Phenotype:
def p():
  x = 0.0
  index = 26
  n = 26
  b = 9
  c = main[b] / sum(opposite[:-index]) - sum(opposite[:-index]) - main[38]
  if c > opposite[b]:
    x = 0.7
  return x
XXX_output_XXX = p()

Genotype:
[11629, 13370, 41072, 74028, 57503, 10654, 60971, 95746, 80742, 90317, 33953, 20152, 86161, 29336, 52439, 57218, 56152, 89295, 54685, 74671, 91825, 68876, 16039, 18864, 89535, 25199, 37857, 10318, 71354, 95561, 1752, 92202, 38293, 36425, 64080, 49316, 52358, 98953, 44060, 4129, 15773, 42398, 58843, 43429, 40307, 88990, 76914, 64837, 34772, 86966, 16188, 16941, 9387, 41023, 96476, 40029, 26396, 54546, 96238, 18371, 43823, 4492, 53931, 42422, 30768, 79462, 78929, 60218, 75210, 42685, 51139, 96811, 28878, 40121, 32047, 66889, 1864, 94056, 55337, 20612, 88342, 72358, 99167, 97668, 17367, 91924, 17253, 55866, 78000, 97356, 62187, 37797, 7573, 43705, 80070, 70058]
Tree:
None

Fitness:
[0.011235955056179775, 0.502215726808383]