Generation:
60

Phenotype:
def p():
  x = 0.0
  index = 20
  n = 24
  b = 50
  c = opposite[b] / sum(main[-index:]) * opposite[b] + sum(main[-index:]) + sum(main[:-index]) + main[b] / sum(opposite[-index:]) + main[b]
  if sum(main[:-index]) > opposite[36] + opposite[22]:
    x = (x - 0.8)
  index = 6
  n = 49
  b = 36
  c = opposite[b]
  if abs(sum(main) - sum(opposite)) > 5000:
    x = (x / 0.6)
  return x
XXX_output_XXX = p()

Genotype:
[85363, 15974, 44553, 71520, 32966, 75280, 9204, 16674, 10811, 70101, 39068, 21627, 50470, 83005, 36003, 23888, 65221, 49923, 56212, 41354, 30674, 67484, 17232, 20825, 55830, 7091, 96388, 28474, 6357, 61336, 79412, 59936, 52929, 93970, 87806, 70820, 498, 78960, 68983, 4144, 88651, 56212, 63779, 40751, 10969, 1041, 26763, 23476, 65576, 19774, 80620, 49976, 29148, 26462, 59171, 1582, 91964, 93761, 58852, 81059, 20538, 96740, 37039, 32155, 80398, 81327, 16817, 63656, 15793, 38205, 45318, 95776, 36345, 57870, 81308, 45445, 22045, 52180, 79873, 9940, 16474, 14185, 62291, 46831, 38038, 18768, 67484, 91580, 166, 88573, 86549, 32761, 28474, 36115, 97653, 77769, 23608, 25273, 65917, 34330, 41907, 70297, 498, 78960, 38858, 4144, 78343, 90985, 33619, 87118, 37018, 81801, 50404, 7192, 84567, 35090, 75544, 89236, 74623, 52229, 24077, 42977, 90445, 70260, 42397, 37143, 68844, 86572, 50454, 56066, 42624, 8785, 59180, 27968, 47515, 3796, 98922, 90609, 9548, 75845, 44935, 72325, 99879, 34605, 25003, 31713, 52584, 48721, 45737, 75398, 69200, 25264, 35163, 2147, 28272, 67578, 28410, 88442, 87542, 39345, 6929, 67337, 86930, 21755, 19458, 67422, 18820, 11127, 23014, 74377, 81133, 1548, 76246, 6889, 38396, 30702, 87361, 21963, 79437, 92063, 2801, 37821, 19992, 52194, 44553, 33331, 35192, 82378, 65041, 27709, 55023, 13497, 90201, 55667, 252, 58175, 44058, 45014, 68529, 65085, 65728, 56212, 33854, 14016, 96656, 13125, 2038, 43377, 2080, 96634, 20158, 74948, 76227, 50795, 45264, 50409, 60311, 31203, 59557, 91526, 13446, 55575, 27858, 56662, 27540, 31011, 64884, 81479, 67510, 70144, 14926, 93112, 74983, 56665, 96927, 1956, 57988, 62215, 77436, 73765, 86753, 73545, 21157, 96456, 48848, 49678, 96575, 93170, 50488, 47009, 72620, 38566, 85237, 23422, 66694, 94230, 87742, 76474, 75203, 35265, 24173, 91669, 32006, 54321, 52752, 32758, 21742, 1904, 6148, 45233, 3357, 13713, 9499, 29477, 60648, 28546, 48192, 13950, 42023, 75823, 6488, 9119, 5558, 40226, 28157, 26562, 43795, 46811, 38120, 70701, 71639, 15325, 25529, 65422, 73229, 37125, 38908, 53793, 6526, 95548, 98113, 85188, 60404, 29045, 79637, 66038, 34366, 19159, 9235, 8138, 10815, 34275, 38304, 78813, 90524, 54610, 30873, 7898, 41567, 6116, 61021, 52091, 83733, 42723, 8490, 72634, 89619, 90968, 77657, 96229, 43855, 67846, 52672, 37490, 78156, 56236, 16591, 1621, 14477, 31126, 78723, 49548, 84151, 25426, 863, 75369, 9032, 52390, 54448, 6555, 84844, 53104, 1219, 84077, 46189, 19798, 25749, 60922, 44719, 43467, 24662, 90807, 75775, 89952, 37812, 38766, 70569, 31925, 8628, 33712, 6439, 67799, 14545, 64213, 17726, 53093, 94611, 75805, 63611, 72790, 18542, 26164, 18794, 13882, 65312, 33798]
Tree:
None

Training fitness:
[0.41527196652719667, 0.5072179012149963]
Test fitness:
[0.415625, 0.5068681138509968]