Generation:
60

Phenotype:
def p():
  x = 0.0
  index = 26
  n = 25
  b = 46
  c = sum(main[:-index])
  if abs(sum(main) - sum(opposite)) > 1000:
    x = 0.2
  index = 22
  n = 13
  b = 23
  c = sum(opposite[:-index]) - sum(opposite[-index:])
  if c < main[11]:
    x = (x - 0.3)
  return x
XXX_output_XXX = p()

Genotype:
[8588, 98528, 44553, 39517, 57095, 12162, 84073, 62389, 69049, 36247, 5397, 21710, 4663, 83005, 91301, 41718, 40670, 88651, 87156, 21710, 4663, 83005, 56521, 23744, 40670, 88651, 52718, 54508, 56379, 35887, 80027, 24809, 23352, 66629, 64040, 41867, 68137, 55003, 60286, 57692, 75232, 56022, 65221, 12204, 38585, 42578, 65314, 60353, 496, 35131, 43622, 56212, 73901, 57692, 28152, 25959, 20755, 75713, 79538, 54680, 2219, 44457, 25093, 496, 35131, 43622, 37185, 60165, 96828, 35741, 57191, 62039, 89995, 56661, 25266, 50275, 14909, 94948, 34492, 8449, 76971, 78268, 33476, 85424, 98385, 14047, 37833, 34781, 97511, 5218, 81044, 54120, 92242, 37054, 85224, 37912, 36252, 40619, 94928, 43987, 9636, 91833, 57578, 59159, 45895, 83527, 40751, 10969, 1041, 26763, 23476, 65576, 19774, 80620, 49976, 29148, 26462, 59171, 1582, 91964, 93761, 58852, 81059, 82753, 96740, 37039, 32155, 80398, 81327, 85196, 63656, 15793, 38205, 45318, 95776, 36345, 57870, 81308, 45445, 22045, 52180, 79873, 9940, 16474, 14185, 62291, 46831, 38038, 18768, 67484, 91580, 166, 88573, 86549, 32761, 28474, 36115, 97653, 77769, 23608, 25273, 65917, 34330, 41907, 70297, 498, 78960, 38858, 4144, 78343, 90985, 33619, 87118, 37018, 81801, 50404, 7192, 84567, 35090, 75544, 89236, 74623, 52229, 24077, 42977, 90445, 70260, 42397, 37143, 68844, 86572, 50454, 56066, 42624, 8785, 59180, 27968, 47515, 3796, 98922, 90609, 9548, 75845, 44935, 72325, 99879, 34605, 25003, 31713, 52584, 48721, 45737, 75398, 69200, 25264, 35163, 2147, 28272, 67578, 28410, 88442, 87542, 39345, 6929, 67337, 86930, 21755, 19458, 67422, 18820, 11127, 23014, 74377, 81133, 1548, 76246, 6889, 38396, 30702, 87361, 21963, 79437, 92063, 2801, 37821, 19992, 52194, 44553, 33331, 35192, 82378, 65041, 27709, 55023, 13497, 90201, 55667, 252, 58175, 44058, 45014, 68529, 65085, 65728, 56212, 33854, 14016, 96656, 13125, 2038, 43377, 2080, 96634, 20158, 74948, 76227, 50795, 45264, 50409, 60311, 31203, 59557, 91526, 13446, 55575, 27858, 56662, 27540, 31011, 64884, 81479, 67510, 70144, 14926, 93112, 74983, 56665, 96927, 1956, 57988, 62215, 77436, 73765, 86753, 73545, 21157, 96456, 48848, 49678, 96575, 93170, 50488, 47009, 72620, 38566, 85237, 23422, 66694, 94230, 87742, 76474, 75203, 35265, 24173, 91669, 32006, 54321, 52752, 32758, 21742, 1904, 6148, 45233, 3357, 13713, 9499, 29477, 60648, 28546, 48192, 13950, 42023, 75823, 6488, 9119, 5558, 40226, 28157, 26562, 43795, 46811, 38120, 70701, 71639, 15325, 25529, 65422, 73229, 37125, 38908, 53793, 6526, 95548, 98113, 85188, 60404, 29045, 79637, 66038, 34366, 19159, 9235, 8138, 10815, 34275, 38304, 78813, 90524, 54610, 30873, 7898, 41567, 6116, 61021, 52091, 83733, 42723, 8490, 72634, 89619, 90968, 77657, 96229, 43855, 67846, 52672, 37490, 78156, 56236, 16591, 1621, 14477, 31126, 78723, 49548, 84151, 25426, 863, 75369, 9032, 52390, 54448, 6555, 84844, 53104, 1219, 84077, 46189, 19798, 25749, 60922, 44719, 43467, 24662, 90807, 75775, 89952, 37812, 38766, 70569, 31925, 8628, 33712, 6439, 67799, 14545, 64213, 17726, 53093, 94611, 75805, 63611, 72790, 18542, 26164, 18794, 13882, 65312, 33798]
Tree:
None

Training fitness:
[0.5721757322175732, 0.5057115922650448]
Test fitness:
[0.5166666666666667, 0.5148915704791885]