Generation:
60

Phenotype:
def p():
  x = 0.0
  index = 31
  if sum(opposite[:-index]) - sum(opposite[-index:]) < sum(main[-index:]):
    x = (x + 0.3)
  return x
XXX_output_XXX = p()

Genotype:
[58420, 67427, 140, 91001, 90352, 46864, 86378, 89985, 98211, 52725, 28833, 33321, 86676, 15127, 21874, 56129, 78873, 9682, 23148, 73916, 85832, 52076, 63637, 13379, 85022, 40508, 83981, 9831, 61567, 82577, 19367, 9763, 49600, 77705, 50808, 23602, 88464, 23641, 85066, 29271, 26637, 21874, 79664, 39011, 5763, 23739, 15171, 94511, 39565, 90657, 75654, 64335, 16950, 56316, 82189, 3051, 89509, 11280, 88580, 72863, 22172, 47515, 21312, 48072, 33152, 56315, 74699, 69784, 45385, 91883, 83665, 44839, 39887, 73884, 61269, 82210, 83172, 22950, 6733, 44157, 48286, 60477, 60130, 56336, 31030, 78357, 95994, 45101, 61427, 38465, 47708, 58524, 99634, 98200, 34757, 61171, 20820, 76544, 45914, 16222, 9568, 64978, 76922, 64422, 18058, 97294, 35037, 27968, 29464, 9699, 38553, 51814, 19973, 61624, 74260, 4439, 23005, 58356, 67080, 34287, 85598, 84691, 52848, 45677, 42916, 76624, 29664, 94831, 15126, 97295, 9569, 56597, 11251, 59124, 81552, 95940, 82574, 50278, 37224, 43869, 83850, 41425, 77780, 41733, 97070, 38044, 59689, 76081, 29462, 19279, 9123, 789, 94981, 31425, 24677, 44632, 15256, 62380, 24418, 26610, 72314, 72779, 60485, 7222, 73917, 1637, 86220, 57009, 60183, 53918, 81147, 68446, 51613, 3557, 16682, 2550, 43142, 20288, 43642, 95478, 28169, 45897, 88915, 54985, 75744, 23575, 16770, 47609, 38939, 97614, 65550, 60209, 30418, 54020, 52330, 90726, 57996, 89488, 30133, 6178, 24706, 8194, 17904, 26408, 93858, 39989, 3375, 74000, 34491, 47, 28650, 92885, 59604, 48189, 31628, 85547]
Tree:
None

Fitness:
[1.0, 0.5005226025607525]