Generation:
60

Phenotype:
def p():
  x = 0.0
  index = 31
  if abs(sum(main) - sum(opposite)) > 5000:
    x = (x - 0.4)
  index = 44
  if main[index] < 1:
    if opposite[index] < opposite[index] + 0.8:
      x = (x + 0.7)
  else:
    if opposite[index] < main[index] + 0:
      x = (x - 0.01)
    else:
      x = (x + 0.001)
  index = 42
  if abs(sum(main) - sum(opposite)) > 1000:
    x = (x + 0.3)
  return x
XXX_output_XXX = p()

Genotype:
[6692, 28525, 4097, 62165, 90352, 89826, 3051, 52951, 39907, 66025, 97621, 35307, 44669, 83126, 34869, 45245, 56315, 62765, 69784, 67916, 86549, 24131, 98286, 54720, 47321, 61269, 82210, 83172, 6240, 10297, 44157, 50751, 60477, 69900, 52754, 62424, 79541, 54631, 45101, 37755, 21518, 97621, 20592, 44669, 74866, 26636, 42326, 56315, 62765, 69784, 89261, 59558, 83665, 88955, 23958, 47321, 61269, 55113, 83172, 71260, 10297, 26, 97178, 60477, 80828, 52754, 34307, 80763, 32135, 45101, 30544, 10259, 26076, 97992, 99634, 29514, 21817, 61171, 37650, 68915, 45914, 16222, 9568, 37097, 97668, 48526, 4721, 97294, 96344, 71993, 3499, 60356, 27881, 51814, 19973, 61624, 74260, 3232, 66347, 31825, 9009, 25211, 85598, 72528, 52848, 82327, 2459, 76624, 56418, 32184, 15126, 95643, 41592, 56597, 11251, 413, 39168, 27380, 50583, 55136, 76622, 25954, 68356, 54124, 44744, 37274, 76262, 52973, 77255, 3444, 94511, 50356, 90657, 30691, 30181, 27229, 7103, 82189, 3051, 89509, 72218, 88580, 90226, 22172, 44669, 43211, 48072, 45245, 56315, 62765, 8372, 45385, 9819, 83665, 44839, 84490, 73884, 61269, 49645, 83172, 22950, 6733, 44010, 48286, 60477, 60130, 60945, 31030, 94735, 54631, 45101, 2787, 52487, 26076, 14249, 57070, 29514, 70631, 61171, 19054, 86938, 93757, 68440, 9568, 34964, 87004, 11931, 99253, 97294, 96344, 74975, 68897, 45464, 38553, 6463, 833, 61624, 29622, 3232, 22979, 34508, 30253, 75408, 85598, 72528, 52848, 82327, 2459, 80892, 59898, 27708, 80600, 82527, 47248, 56597, 11251, 81466, 90293, 22807, 59820, 72979, 35429, 43869, 90142, 91610, 44084, 41733, 38790, 51846, 35609, 76081, 91884, 19279, 94272, 789, 92930, 67579, 70030, 44632, 15256, 42717, 24418, 99957, 72314, 25347, 36208, 7222, 10458, 35811, 86220, 40963, 60183, 60504, 83341, 68446, 51613, 3557, 16682, 39866, 40094, 20288, 16320, 95478, 28169, 42476, 88915, 11502, 12186, 18632, 16770, 46977, 85223, 97614, 26378, 60209, 46664, 54020, 52330, 42854, 57996, 23311, 47942, 48824, 24706, 8194, 41377, 26408, 93858, 39989, 3375, 74000, 34491, 99250, 28650, 92885, 59604, 2960, 31628, 44634]
Tree:
None

Fitness:
[0.41971757322175735, 0.5061744385575732]