Generation:
17

Phenotype:
def p():
  x = 0.0
  index = 36
  n = 28
  b = 50
  c = sum(main[-index:])
  if opposite[20] > main[b] + 6:
    x = 0.3
  return x
XXX_output_XXX = p()

Genotype:
[6465, 57912, 4472, 29004, 89286, 78274, 58678, 65512, 90830, 32275, 89631, 44340, 55508, 86858, 32835, 9047, 86092, 66516, 26560, 652, 12685, 73535, 54055, 38489, 95735, 651, 94918, 38866, 62502, 88517, 42723, 51856, 42362, 67414, 95633, 61330, 23746, 50151, 7259, 54069, 80831, 82581, 970, 46212, 13193, 72174, 88110, 71150, 2637, 45768, 72788, 23415, 34794, 61600, 39921, 62186, 25667, 21044, 94218, 97268, 52180, 95, 18667, 15640, 55092, 73976, 87712, 36122, 72643, 563, 47242, 57913, 95022, 66233, 98170, 25489, 51622, 25768, 76820, 39677, 7625, 10580, 15972, 8648, 36469, 50166, 11789, 72050, 38637, 52515, 8700, 8429, 30909, 74955, 59140, 67478, 36760, 89714, 46082, 2895, 42082, 61411, 98976, 43517, 58878, 34092, 32636, 70990, 1851, 72160, 66576, 57148, 89978, 27977, 91577, 30052, 59315, 39800, 80042, 10271, 30496, 49061, 84517, 90378, 26183, 89920, 59864, 90289, 56697, 45496, 78850, 61868, 33286, 73830, 74588, 48002, 29369, 93392, 51918, 25287, 42541, 96530, 52248, 94953, 68014, 91505, 51879, 74539, 46184, 79202, 64601, 49130, 12210, 30439, 16674, 59722, 11139, 38981, 67006, 57841, 17206, 1196, 2585, 26829, 63778, 52077, 98602, 26542, 13416, 60330, 8875, 83339, 47570, 55638, 56708, 95024, 26595, 44358, 64188, 1311, 61617, 51602, 2749, 89037, 12347, 55670, 22070, 98234, 65630, 11673, 53942, 11823, 52618, 70717, 79376, 69659, 18223, 86213, 42187, 18828, 9655, 38194, 87128, 77702, 96460, 34396, 21586, 81671, 67690, 76041, 47263, 55746, 46813, 41761, 8348, 54461, 97214, 42218, 44436, 86929, 45197, 79095, 18850, 25244, 89933, 15617, 17581, 35128, 47285, 68857, 98118, 8146, 13249, 4757, 39535, 97917, 17992, 60144, 51322, 12356, 13324, 78258, 77797, 49010, 64034, 40869, 11603, 54564, 14985, 95945, 33582, 57799, 15266, 39554, 12111, 70432, 3992, 56666, 81043, 5352, 69814, 45603, 78558, 53433, 84483, 83135, 39287, 74879, 71172, 17511, 79618, 79929, 58136, 29911, 34656, 1992, 48365, 77477, 25697, 2336, 6007, 51736, 36435, 10653, 7573, 7159, 91264, 17624, 69402, 50456, 51718, 50536, 40854, 68802, 69489, 5989, 66789, 96750, 49082, 1613, 33674, 5166, 32404, 56510, 51218, 99756, 98839, 6420, 9609, 97620, 11927, 64403, 29906, 99940, 90270, 43799, 93271, 23788, 12110, 87967, 51860, 80031, 73041, 79558, 45413, 96893, 47612, 92451, 14954, 98384, 64777, 52584, 61005, 26626, 39430, 89771, 49073, 80328, 53639, 48861, 2030, 37741, 45649, 76510, 88297, 20969, 76020, 84429, 1814, 20189, 33836, 66311, 8037, 86367, 40605, 8200, 56724, 84219, 77900, 44194, 54664, 2491, 33941, 1588, 15358, 84098, 41645, 74156, 59337, 48267, 91631, 70814, 16098, 42523, 90936, 49288, 77303, 85568, 43184, 51514, 11941, 75359, 77896, 40532, 48561, 11943, 76005, 14666, 7030, 94802, 64925, 54016, 64293, 39598]
Tree:
None

Fitness:
[0.9606741573033708, 0.5914336502298063]