Generation:
5

Phenotype:
def p():
  x = 0.0
  index = 11
  if abs(sum(main[:-index]) - sum(opposite[-index:])) > 50:
    x = (x + 0.6)
  return x
XXX_output_XXX = p()

Genotype:
[42341, 7501, 90224, 32453, 79155, 63483, 44022, 9695, 65946, 38135, 64138, 39163, 68167, 21829, 63582, 9526, 67101, 48019, 2853, 23958, 59523, 14163, 46897, 76082, 50519, 26318, 36869, 55694, 87599, 9509, 6376, 44612, 47203, 31691, 10606, 77648, 80386, 49153, 34465, 58365, 46820, 28591, 99782, 45214, 47326, 36589, 97212, 19775, 95520, 86158, 60789, 97498, 1801, 24525, 27074, 71394, 63215, 51502, 78231, 79171, 92737, 54066, 36931, 45171, 99895, 25376, 75386, 92379, 92492, 71705, 75851, 37991, 6535, 99026, 7293, 38180, 42529, 44063, 28613, 81312, 44913, 45411, 52399, 8642, 93595, 81803, 60173, 65860, 43688, 96013, 28495, 65084, 99158, 89150, 20960, 30410, 99253, 46205, 18143, 29159, 8043, 34344, 47649, 81533, 531, 80857, 63950, 80850, 64204, 61412, 33590, 81495, 81298, 81869, 89925, 74578, 32135, 15470, 85338, 25105, 11804, 34571, 34046, 51447, 84404, 7079, 42622, 82891, 6956, 90376, 38781]
Tree:
None

Fitness:
[0.986663179916318, 0.5023464841311405]