Generation:
5

Phenotype:
def p():
  x = 0.0
  index = 10
  n = 8
  b = 30
  c = opposite[21] + sum(main[-index:]) - opposite[b]
  if opposite[b] > opposite[12] + 5:
    x = (x * 0.4)
  index = 18
  n = 34
  b = 45
  c = sum(opposite[:-index]) + sum(main[:-index]) - opposite[b]
  if abs(sum(main[-index:]) - sum(opposite[:-index])) > 1000:
    x = (x + 0.9)
  index = 8
  n = 24
  b = 25
  c = sum(opposite[-index:])
  if sum(opposite[-index:]) > main[7]:
    x = 0.3
  return x
XXX_output_XXX = p()

Genotype:
[73419, 79525, 17214, 43921, 30406, 38217, 21122, 71771, 14412, 62464, 34712, 4733, 53333, 49112, 97495, 19867, 72084, 38188, 34143, 81854, 37754, 51569, 98491, 86637, 47478, 13705, 59251, 76002, 43455, 84003, 67013, 45008, 13703, 85596, 46733, 58939, 84817, 91080, 79436, 29483, 30618, 71462, 76608, 12606, 39969, 4721, 65280, 95496, 75090, 3931, 48897, 62065, 25921, 39365, 63660, 71006, 41899, 85523, 12216, 25538, 70632, 19877, 85331, 18904, 10785, 79788, 23842, 57597, 37371, 52133, 32510, 41661, 85998, 70391, 82132, 92796, 57370, 72102, 619, 65035, 30762, 62490, 58502, 64973, 17595, 24937, 81427, 68711, 11337, 14161, 10642, 16340, 71469, 38687, 65623, 60679, 81645, 84655, 55356, 16931, 62786, 54744, 65435, 60018, 51395, 45542, 64612, 20614, 26250, 2009, 93415, 52153, 32036, 97183, 59214, 70932, 59604, 55762, 84292, 33191, 61366, 52539, 92839, 75211, 70840, 89443, 18924, 47606, 25115, 99757, 13148, 403, 95925, 96101, 24108, 19766, 92117, 24597, 23609, 20454, 40017, 5379, 33774, 85075, 21131, 56136, 97624, 42155, 5029, 48625, 59310, 28204, 72186, 16015, 43293, 89931, 43189, 93570, 37197, 98899, 397, 49396, 87688, 94927, 17806, 84456, 31868, 50119, 43630, 66366, 54323, 79686, 67116, 69640, 74017, 90071, 34156, 66175, 54140, 21060, 47638, 34602, 93426, 97315, 28019, 69249, 52515, 52475, 4169, 54805, 51328, 97439, 13374, 36565, 25395, 97555, 295, 53688, 1080, 36731, 39875, 63677, 90221, 53941, 82851, 44896, 45633, 40349, 49165, 65638, 23215, 74142, 77594, 43029, 68709, 69508, 73165, 77054, 44036, 82171, 77482, 91596, 36782, 92666, 66520, 40559, 68023, 90195, 10603, 48075, 39266, 28420, 67747, 54121, 82434, 64844, 72863, 49783, 70529, 57626, 76431, 48682, 12772, 67608, 27570, 86209, 60703, 79805, 93390, 85138, 63268, 18075, 7537, 12181, 93214, 24444, 93185, 77020, 40263, 68386, 34400, 48629, 32537, 14813, 9190, 65141, 46604, 3902, 77508, 99004, 89262, 62081, 39538, 41743, 13025, 69608, 23575, 64604, 37368, 53205, 6117, 99354, 42644, 9945, 97048, 74244, 29438, 62773, 93302, 86601, 35339, 2013, 44077, 53810, 83445, 60331, 85012, 87648, 68888, 1694, 89686, 90832, 26372, 15769, 94201, 29381, 43552, 95205, 507, 56133, 95612, 56363, 81892, 783, 13364, 30541, 57714, 46104, 30046, 79412, 2938, 40419, 79007, 58735, 61320, 37208, 83663, 28450, 50084, 30869]
Tree:
None

Fitness:
[0.011235955056179775, 0.5026082941991185]