Generation:
5

Phenotype:
def p():
  x = 0.0
  index = 11
  n = 1
  b = 9
  c = opposite[b]
  if c > opposite[b] / sum(opposite[:-index]) * main[b]:
    x = (x - 0.5)
  index = 32
  n = 50
  b = 9
  c = sum(opposite[-index:])
  if c < sum(opposite[-index:]):
    x = (x + 0.7)
  return x
XXX_output_XXX = p()

Genotype:
[83555, 14894, 6365, 85656, 48257, 70099, 81550, 28618, 64320, 23060, 30709, 85797, 68047, 95170, 31952, 94327, 80378, 17228, 71632, 85705, 8899, 53796, 62673, 93145, 41490, 81787, 24392, 97477, 2904, 88060, 83214, 7325, 57425, 77009, 25359, 44379, 72381, 78906, 14437, 82968, 93072, 9507, 75102, 65611, 57656, 68696, 14106, 99230, 25860, 75161, 45070, 99056, 92425, 12738, 76068, 21411, 24668, 60947, 98293, 5545, 60122, 14281, 87652, 2035, 21895, 28367, 33123, 62548, 14148, 90133, 24073, 81546, 37207, 58689, 52961, 55597, 77866, 82503, 44203, 85115, 75074, 10832, 22103, 60694, 66527, 91087, 28749, 99036, 5472, 26127, 19773, 59483, 87309, 78378, 11969, 83581, 82411, 58244, 75946, 16831, 23539, 27807, 22631, 66079, 94569, 52900, 31013, 44696, 84931, 53117, 78496, 91177, 64648, 25692, 68155, 21075, 22775, 37738, 19621, 58252, 58503, 28440, 5044, 39613, 89923, 71095, 35020, 61963, 52934, 17242, 36679, 94866, 69310, 82475, 7665, 5199, 41467, 19144, 65098, 12094, 17821, 91430, 88029, 49092, 78452, 66587, 24345, 61871, 91833, 94050, 97310, 55195, 1121, 24306, 64602, 32138, 4916, 89612, 62692, 9946, 36404, 97466, 32227, 58762, 71512, 10177, 99625, 69493, 34655, 34859, 33083, 33071, 43480, 52179, 92131, 5815, 34634, 98530, 77920, 53252, 89097, 43448, 40726, 73635, 98652, 38829, 74567, 47458, 39712, 61732, 63603, 45147, 60267, 1524, 99664, 13823, 56085, 59146, 33836, 40574, 35792, 49068, 39116, 58324, 64683, 73255, 57637, 46810, 31258, 15781, 74585, 99205, 52828, 32073, 10846, 40664, 82555, 75996, 50745, 43071, 42291, 39412, 91673, 94345, 99449, 37096, 45750, 27519, 93488, 46008, 38729, 87413, 10359, 1902, 21246, 95742, 13476, 40170, 1573, 86408, 25383, 4516, 4497, 56169, 93943, 39870, 38140, 14324, 34651, 23335, 93410, 67904, 47574, 12599, 28807, 59617, 38264, 99206, 29970, 68737, 91964, 4836, 36628, 51370, 42881, 1963, 60163, 44292, 27021, 73553, 90651, 13923, 40697, 92874, 41197, 68475, 33001, 34841, 51710, 66754, 23901, 94903, 83920, 98211, 44192, 68586, 69377, 95393, 547, 5942, 89562, 74971, 10745, 77365, 53181, 83256, 29263, 31842, 65140, 28064, 33169, 44944, 60008, 69325, 44420, 49949, 35530, 18159, 67304, 27631, 57439, 18354, 74651, 62704, 23854, 35703, 94059, 12814, 49937, 94323, 58402, 84772, 42418, 64755, 87391, 97429, 81192, 39498, 75050, 33432, 9564, 57464, 67237, 45130, 59153, 70615, 16063, 89796, 27769]
Tree:
None

Fitness:
[0.028089887640449437, 0.4931080163143362]