Generation:
5

Phenotype:
def p():
  x = 0.0
  index = 11
  n = 1
  b = 8
  c = sum(main[-index:])
  if abs(sum(main) - sum(opposite)) > 1000:
    x = (x - 0.5)
  index = 11
  n = 8
  b = 37
  c = main[b]
  if sum(main[-index:]) - sum(opposite[-index:]) * main[b] + main[1] / sum(opposite[:-index]) - sum(opposite[:-index]) > main[b]:
    x = (x - 0.7)
  return x
XXX_output_XXX = p()

Genotype:
[83555, 84364, 51533, 52674, 48257, 70099, 81550, 75050, 75488, 89091, 33813, 52194, 36390, 11645, 87919, 90462, 36832, 73814, 89692, 65360, 47696, 30681, 60749, 92839, 75211, 70840, 89443, 6712, 47606, 25115, 99757, 13148, 35973, 95925, 90308, 40348, 11521, 92117, 24597, 23609, 20454, 40017, 69069, 33774, 58582, 29176, 56136, 97624, 695, 39604, 48625, 59310, 28204, 30143, 79773, 43293, 89931, 43189, 93570, 37197, 98899, 9250, 49396, 87688, 94927, 17806, 1932, 31868, 50119, 43630, 82752, 54323, 79686, 67116, 69640, 70753, 90071, 34156, 66175, 80059, 21060, 47638, 34602, 68613, 97315, 559, 69249, 52515, 52475, 91303, 54805, 51328, 97439, 13374, 36565, 15387, 97555, 295, 53688, 1080, 36731, 39875, 63677, 90221, 23285, 82851, 44896, 45633, 40349, 49165, 65638, 24053, 45847, 77594, 43029, 68709, 69508, 73165, 61665, 80919, 18975, 34415, 5632, 72744, 99793, 63585, 26061, 67707, 68172, 33868, 80557, 10426, 12414, 7856, 76978, 74859, 31860, 96877, 6551, 85467, 6667, 8028, 641, 16834, 99244, 45390, 23504, 48384, 18344, 80102, 42976, 20047, 28258, 80113, 87308, 5469, 14270, 43065, 90113, 57542, 38134, 48557, 67, 98460, 46235, 88285, 88846, 75961, 9996, 98140, 32568, 12789, 88767, 96694, 51336, 23320, 34368, 39213, 41839, 95475, 46775, 46329, 75488, 89091, 33813, 45125, 36390, 11645, 27645, 17097, 36832, 59371, 59519, 34340, 47696, 83608, 5328, 70164, 26300, 60814, 92976, 29821, 30281, 73222, 54190, 45916, 40062, 63203, 57922, 80950, 77785, 84771, 85241, 99232, 31835, 97742, 49929, 91853, 78029, 62511, 73931, 88196, 67251, 250, 2394, 19393, 96418, 34520, 7495, 49443, 16160, 41544, 29156, 70218, 53356, 24483, 86874, 41051, 99201, 15792, 47866, 11410, 36984, 60071, 27132, 36449, 67106, 71511, 11204, 4766, 85688, 65321, 99572, 33798, 77414, 12364, 72103, 63903, 28664, 30821, 12227, 79923, 49365, 90467, 52734, 55489, 75183, 28598, 41847, 91623, 22103, 14937, 30825, 28681, 19375, 47962, 68037, 94266, 76096, 60288, 52618, 16313, 22331, 32958, 4483, 20054, 71475, 77136, 36512, 61239, 13667, 97530, 50999, 41353, 32235, 19717, 61266, 98251, 3261, 382, 58719, 72366, 92078, 34079, 31757, 5448, 52384, 77105, 61896, 31814, 53105, 48353, 61891, 61491, 10471, 71411, 68401, 27058, 79514, 2456, 75603, 82277, 99796, 43425, 54529, 69756, 5562, 44806, 72592, 72649, 46382, 92915, 20313, 66961, 15013, 84804, 7034, 99233, 84500, 30991, 96289, 96628, 22335, 32304, 12661, 25859, 43347, 56034, 43610, 93101, 45929]
Tree:
None

Fitness:
[0.10112359550561797, 0.4809465137957297]