Generation:
60

Phenotype:
def p():
  x = 0.0
  index = 25
  if main[index] < 1:
    if main[index] > opposite[index] + 0.8:
      x = (x - 0.4)
  else:
    if main[index] > opposite[index] + 0:
      x = (x + 0.01)
    else:
      x = (x + 0.00001)
  index = 32
  if abs(sum(main) - sum(opposite)) > 5000:
    x = (x + 0.0000001)
  return x
XXX_output_XXX = p()

Genotype:
[9809, 64013, 74913, 12617, 77089, 38609, 99788, 98740, 40925, 28829, 25337, 1593, 40352, 63402, 12135, 20010, 66428, 1941, 22784, 13010, 61936, 74662, 35444, 43686, 59633, 58336, 87920, 22192, 57269, 40925, 28829, 36242, 1593, 67022, 46812, 75029, 78111, 88239, 1941, 99166, 13010, 61936, 32720, 35444, 43686, 74026, 58336, 87920, 22192, 26170, 37759, 87059, 66102, 34037, 83567, 72311, 70876, 18968, 9193, 82029, 82064, 91785, 76851, 49097, 74328, 5513, 23111, 43377, 37697, 66028, 60554, 11663, 65511, 7817, 93989, 37745, 40242, 11115, 19387, 97640, 79364, 1896, 24966, 75963, 84945, 23725, 24672, 4048, 94074, 9421, 10880, 4051, 48570, 34879, 84071, 33493, 57433, 1364, 79935, 30992, 29767, 18785, 98153, 82736, 71996, 52169, 69137, 31058, 7391, 76913, 98732, 74595, 16736, 18958, 78182, 1759, 73086, 72090, 60405, 35658, 94632, 39543, 37301, 91144, 74410, 73612, 71966, 75402, 45230, 67534, 83020, 38258, 92396, 99096, 83396, 89170, 82683, 48925, 80262, 62952, 75761, 11082, 2319, 22055, 4337, 22243, 58203, 71929, 9878, 78751, 40656, 64380, 31230, 47949, 49123, 1977, 15989, 6350, 80092, 68341, 65222, 49815, 96334, 31159, 33665, 5551, 2886, 52059, 77247, 29147, 97909, 95963, 69818, 18013, 36377, 53913, 93130, 54068, 86442, 19946]
Tree:
None

Training fitness:
[0.9618320610687023, 0.6744246583075639]
Test fitness:
[0.0, 0.49739854318418314]