Generation:
60

Phenotype:
def p():
  x = 0.0
  index = 37
  if main[index] < 1:
    if main[index] > opposite[index] + 0.2:
      x = (x - 0.000001)
  else:
    if opposite[index] > main[index] + 9:
      x = (x - 0.001)
    else:
      x = (x + 0.0001)
  return x
XXX_output_XXX = p()

Genotype:
[47824, 97025, 81204, 48565, 58329, 13970, 11850, 77758, 27399, 93895, 76847, 55953, 52676, 5443, 56276, 61129, 5225, 94548, 5786, 21779, 51503, 83784, 7570, 30392, 32300, 58963, 87008, 44550, 15633, 94463, 80060, 90625, 1648, 16646, 90686, 24795, 4175, 96265, 830, 678, 70485, 17325, 56347, 33237, 93853, 35334, 31386, 77392, 29308, 15953, 12842, 78745, 70819, 85807, 89228, 29520, 39021, 32998, 97565, 69032, 92505, 97791, 48907, 15290, 42232, 10273, 47403, 37577, 9186, 94169, 34617, 9956, 75026, 33915, 3775, 89762, 53224, 46130, 32175, 77944, 48388, 22296, 77811, 47936, 36528, 59518, 36629, 63046, 77150, 42667, 31137, 16831, 85633, 26041, 73084, 26651, 34938, 14141, 59656, 67759, 89824, 16471, 97269, 97060, 600, 53004, 43292, 17343, 55497, 71179, 75480, 57426, 81710, 34216, 73434, 68539, 93916, 47751, 85756, 151, 82650, 94165, 55464, 8858, 68481, 76846, 99985, 67185, 53566, 5227, 26359, 1985, 19022, 78774, 71792, 48455, 55195, 57720, 62371, 51024, 40397, 52816, 80350, 60123, 22524, 90929, 68326, 95341, 43484, 58283, 57784, 34890, 57622, 86492, 96428, 94887, 32452, 15998, 65853, 96072, 40496, 59629, 61755, 7437, 68025, 99061, 57018, 90872, 73269, 12914, 93958, 87315, 83087, 92094, 76121, 62133, 35526, 93560, 96644, 58533, 90323, 98050, 47389, 1549, 6562, 24530]
Tree:
None

Training fitness:
[0.9810126582278481, 0.5640448542120442]
Test fitness:
[0.28205128205128205, 0.48493823207662956]