Generation:
43

Phenotype:
def p():
  x = 0.0
  index = 16
  if main[index] < 1:
    if main[index] > opposite[index] + 0.9:
      x = (x + 0.5)
  else:
    if opposite[index] > opposite[index] + 1:
      x = (x - 0.001)
    else:
      x = (x + 0.000001)
  return x
XXX_output_XXX = p()

Genotype:
[21767, 15176, 32456, 21431, 54200, 83876, 67558, 15768, 91605, 75902, 92342, 6298, 24622, 55121, 70877, 13811, 9977, 88932, 50546, 42753, 32115, 65475, 39204, 30486, 7961, 16262, 25771, 63363, 81210, 89838, 634, 67378, 29378, 406, 53563, 47965, 31336, 17084, 44670, 13006, 17531, 93899, 15145, 15232, 44752, 8264, 41536, 17447, 95088, 8758, 13294, 36661, 34085, 6786, 91086, 75563, 80966, 18056, 94386, 19621, 52560, 97672, 17910, 76502, 28412, 94849, 40990, 69998, 70146, 11824, 13752, 16238, 48027, 92478, 78847, 79714, 186, 71871, 42971, 66103, 66446, 45807, 26428, 6260, 50375, 38932, 55987, 36144, 81552, 17997, 27078, 57114, 27705, 28998, 4246, 24858, 76582, 50788, 34247, 53746, 94467, 75078, 78196, 4950, 54694, 93295, 80190, 12308, 67583, 6539, 90640, 69556, 47396, 18190, 93390, 16327, 43112, 48117, 44338, 56124, 59678, 7217, 19724, 15143, 29071, 90462, 77758, 23811, 61604, 18622, 93645, 91580, 98110, 37954, 19540, 64194, 75293, 10394, 94746, 7055, 19224, 20589, 98284, 43923, 59570, 8049, 62550, 55907, 52023, 33221, 26996, 34565, 97691, 74194, 87908, 71487, 76957, 93939, 37629, 16877, 20768, 88275, 9549, 95350, 15030]
Tree:
None

Fitness:
[0.6402439024390244, 0.5765852397407119]