Generation:
5

Phenotype:
def p():
  x = 0.0
  index = 13
  if abs(sum(main) - sum(opposite)) > 5000:
    x = (x + 1.0)
  return x
XXX_output_XXX = p()

Genotype:
[31217, 96070, 71600, 49378, 59345, 32421, 25105, 76279, 16422, 11103, 10392, 46681, 38720, 51174, 59340, 37679, 27802, 62790, 79859, 43884, 13216, 13348, 73421, 38266, 60952, 20313, 48885, 76193, 86915, 86567, 90874, 14298, 34877, 97048, 36453, 32272, 27180, 74139, 40963, 21733, 68495, 27604, 20723, 79777, 19056, 67753, 40249, 28880, 13680, 98828, 98228, 21605, 81658, 53444, 32479, 98320, 8763, 55222, 72727, 83269, 55613, 30815, 66667, 87757, 163, 48822, 63131, 29477, 88545, 95250, 98185, 50293, 11515, 78019, 47656, 94101, 347, 41532, 53176, 54888, 38234, 49745, 63566, 44180, 6049, 4792, 96890, 53506, 80460, 46934, 65702, 26902, 61177, 98143, 62861, 24866, 58759, 90678, 43669, 52939, 78667, 25648, 10361, 53826, 94197, 16344, 97086, 60172, 12378, 82888, 85984, 94629, 99896, 77435]
Tree:
None

Fitness:
[0.9473684210526315, 0.668197157505354]