Generation:
5

Phenotype:
def p():
  x = 0.0
  index = 15
  if abs(sum(main) - sum(opposite)) > 1000:
    x = (x + 0.3)
  return x
XXX_output_XXX = p()

Genotype:
[12592, 65546, 60496, 80525, 67459, 46692, 40087, 79968, 72996, 76040, 85492, 25916, 24434, 18494, 26588, 98700, 97429, 90918, 19251, 1242, 24922, 8761, 56884, 9538, 40372, 35906, 74721, 52600, 52158, 32346, 59980, 54595, 27318, 58285, 70960, 64090, 37156, 31737, 5668, 19569, 75272, 72784, 20755, 74008, 92873, 3898, 93723, 8077, 61531, 48322, 16120, 24884, 30941, 12454, 28538, 49825, 2317, 73271, 4835, 45447, 41853, 48297, 79637, 31913, 48519, 96616, 61974, 75492, 74053, 86113, 93978, 52970, 69101, 28058, 23938, 94907, 24861, 22589, 7977, 73484, 72112, 83357, 17428, 90782, 83167, 74231, 2180, 39972, 53216, 40914, 60835, 1572, 24489, 30364, 69070, 47308, 42518, 35810, 19365, 62618, 26058, 6587, 26268, 51801, 15698, 96073, 9824, 29162, 30707, 34957, 37085, 77062, 96557, 1936, 69727, 84791, 54593, 15500, 57323, 68335, 26133, 67850, 31654, 38179, 32147, 52008, 41015, 2755, 16054, 31141, 77401, 37267, 17709, 91285, 93916, 42388, 92247, 38929, 82377, 45062, 20389, 80246, 39789, 80254, 3858, 57641, 89047, 1135, 73611, 28516, 76955, 85807, 40203, 24331, 88486, 21819, 1375, 42399, 48279, 35913, 66144, 13371, 39784, 84376, 62054, 48551, 21145, 95587, 43614, 83000, 99595, 66781, 35015, 58002, 46392, 76623, 15813, 35996, 52925, 79799, 98937, 88136, 76323, 83940, 7143, 90385, 24414, 95952, 19575, 41249, 71308, 70935, 47458, 53529, 40805, 65305, 80722, 45559, 50564, 72917, 39655, 718, 80489, 26114, 16431, 79516, 12341, 84783, 8334, 56649, 78665, 81005, 1674, 79962, 263, 86656, 9638, 74319, 36424, 4674, 17434, 70665, 19592, 40158, 95740, 34481, 42323, 37033, 84289, 60553, 98840, 22143, 22733, 26247, 69752, 51892, 37469, 57041, 52106, 7944, 33857, 94620, 28430, 33276, 30590, 5908, 55800, 70389, 91684, 20519, 21849, 69882, 20237, 4678, 58137, 59306, 51175, 98465, 5844, 31348, 77708, 15973, 90857, 33428, 40233, 55647, 45989, 46842, 77771, 7245, 19332, 78986, 49256, 67713, 46818, 78879, 75313, 49657, 92127, 16500, 38597, 5985, 24265, 29555, 61967, 49816, 91258]
Tree:
None

Fitness:
[0.9932885906040269, 0.5455102746834568]