Generation:
5

Phenotype:
def p():
  x = 0.0
  index = 18
  if main[index] < 1:
    if main[index] < main[index] + 0.001:
      x = (x - 0.4)
  else:
    if main[index] > main[index] + 4:
      x = (x + 0.00001)
    else:
      x = (x + 0.9)
  return x
XXX_output_XXX = p()

Genotype:
[33908, 5768, 28316, 9885, 76926, 44273, 55353, 57694, 18146, 76452, 68989, 22489, 2958, 92838, 4420, 22974, 25570, 90850, 86880, 18750, 35640, 85351, 88211, 80733, 77249, 33174, 91540, 75661, 49732, 95093, 22439, 4077, 2595, 7324, 47416, 35885, 99062, 53139, 17459, 7294, 7767, 9233, 11781, 69204, 56921, 9416, 48164, 92841, 16015, 37042, 66129, 4194, 13828, 86900, 16417, 23269, 2665, 92839, 39476, 46923, 50190, 81995, 62873, 22801, 64435, 35327, 5939, 30357, 25403, 41558, 32379, 94367, 8831, 39066, 53599, 90070, 74609, 53239, 40868, 29419, 57374, 80773, 84233, 54685, 47821, 99434, 68348, 33074, 84739, 20072, 33158, 28366, 84985, 36120, 50558, 19020, 73951, 50653, 88625, 85986, 60659, 25093, 41628, 56177, 21911, 40802, 47625, 28051, 46286, 41407, 62392, 61093, 46458, 33541, 46738, 32598, 17666, 97237, 96954, 50820, 86967, 58850, 71150, 92270, 19453, 533, 50441, 29676]
Tree:
None

Fitness:
[1.0, 0.540344326903132]