Generation:
60

Phenotype:
def p():
  x = 0.0
  index = 31
  if sum(opposite[:-index]) + sum(opposite[-index:]) > sum(main[-index:]):
    x = (x + 0.001)
  index = 5
  if abs(sum(main[-index:]) - sum(opposite[-index:])) > 1000:
    x = (x - 0.01)
  return x
XXX_output_XXX = p()

Genotype:
[74248, 95342, 99461, 42802, 90352, 33604, 86378, 86410, 98211, 1135, 61127, 18528, 29271, 15127, 32234, 46272, 75396, 9682, 78782, 73916, 47412, 88112, 69212, 19130, 37962, 83710, 28164, 14350, 78873, 84707, 55349, 73916, 85832, 52076, 63637, 13379, 85022, 40508, 3984, 97149, 11704, 33657, 43718, 9831, 61567, 82577, 19367, 9763, 49600, 77705, 50808, 68716, 88464, 1360, 85066, 29271, 26637, 21874, 79664, 39011, 5763, 23739, 36443, 94511, 39565, 90657, 75654, 30181, 16950, 29707, 82189, 3051, 89509, 11280, 88580, 72863, 22172, 47515, 21312, 48072, 33152, 56315, 62765, 69784, 45385, 91883, 83665, 44839, 39887, 73884, 61269, 82210, 83172, 22950, 6733, 44157, 48286, 60477, 60130, 56336, 31030, 78357, 26106, 45101, 59542, 38465, 47708, 97992, 99634, 98200, 77546, 61171, 20820, 76544, 45914, 16222, 9568, 64978, 87004, 64422, 4721, 97294, 96344, 27968, 29464, 45464, 38553, 51814, 19973, 61624, 74260, 3232, 66347, 58356, 9009, 34287, 85598, 72528, 52848, 82327, 49907, 76624, 29664, 27708, 15126, 3691, 9569, 56597, 11251, 59124, 81552, 95940, 59820, 50278, 37224, 43869, 83850, 91610, 77780, 41733, 97070, 99326, 83916, 76081, 91884, 19279, 9123, 789, 92930, 67579, 24677, 44632, 15256, 62380, 24418, 99957, 72314, 43100, 60485, 7222, 10458, 35811, 86220, 40963, 60183, 53918, 81147, 68446, 51613, 3557, 16682, 2550, 43142, 20288, 43642, 95478, 28169, 45897, 88915, 54985, 12186, 81083, 16770, 46977, 38939, 97614, 26378, 60209, 24440, 54020, 52330, 90726, 57996, 23311, 32487, 6178, 24706, 8194, 41377, 26408, 93858, 39989, 3375, 74000, 34491, 59683, 28650, 92885, 59604, 48189, 31628, 88031]
Tree:
None

Fitness:
[0.9176255230125523, 0.5044098349319359]