Generation:
60

Phenotype:
def p():
  x = 0.0
  index = 18
  if main[index] < 1:
    if opposite[index] > opposite[index] + 0.4:
      x = (x - 1.0)
  else:
    if opposite[index] < main[index] + 2:
      x = (x + 0.1)
    else:
      x = (x + 0.001)
  index = 37
  if abs(sum(main[-index:]) - sum(opposite[-index:])) > 500:
    x = (x + 0.6)
  return x
XXX_output_XXX = p()

Genotype:
[96280, 89327, 66985, 93620, 93450, 92540, 36390, 37463, 82043, 94089, 97637, 7839, 2565, 90039, 55136, 76622, 51744, 76262, 22750, 35524, 44316, 94511, 51547, 90657, 75654, 45960, 72316, 29707, 37304, 3051, 30868, 39907, 21518, 97621, 22172, 44669, 91495, 34869, 45245, 56315, 62765, 69784, 45385, 86549, 83665, 88955, 54720, 47321, 61269, 82210, 83172, 6240, 10297, 44157, 48286, 60477, 80828, 52754, 31030, 42651, 54631, 45101, 41767, 52487, 26076, 97992, 99634, 29514, 77546, 61171, 20820, 76544, 45914, 16222, 9568, 37097, 87004, 64422, 4721, 97294, 96344, 45271, 30137, 39764, 38553, 51814, 19973, 61624, 74260, 3232, 66347, 58356, 9009, 25211, 85598, 72528, 52848, 82327, 2459, 76624, 56418, 27708, 15126, 95643, 35543, 56597, 11251, 59124, 39168, 95940, 67326, 55136, 76622, 25954, 68356, 54124, 44744, 51768, 76262, 52973, 11251, 44316, 94511, 50356, 90657, 75654, 30181, 25509, 29707, 82189, 3051, 89509, 11280, 88580, 72863, 22172, 44669, 91495, 48072, 45245, 56315, 62765, 69784, 45385, 86549, 83665, 44839, 54720, 73884, 61269, 82210, 83172, 22950, 6733, 44157, 48286, 60477, 60130, 56336, 31030, 42651, 54631, 45101, 79187, 52487, 26076, 97992, 99634, 29514, 77546, 61171, 20820, 76544, 45914, 16222, 9568, 64978, 87004, 64422, 4721, 97294, 96344, 45271, 29464, 45464, 38553, 51814, 19973, 61624, 74260, 3232, 66347, 58356, 9009, 34287, 85598, 72528, 52848, 82327, 2459, 76624, 23398, 27708, 15126, 3691, 47248, 56597, 11251, 59124, 81552, 95940, 59820, 14932, 65236, 43869, 83850, 91610, 77780, 41733, 97070, 35582, 83916, 76081, 91884, 19279, 9123, 789, 92930, 67579, 40356, 44632, 15256, 62380, 24418, 99957, 72314, 43100, 60485, 7222, 10458, 35811, 86220, 40963, 60183, 53918, 83341, 68446, 51613, 3557, 16682, 2550, 43142, 20288, 43642, 95478, 28169, 42476, 88915, 11502, 12186, 81083, 16770, 46977, 85223, 97614, 26378, 60209, 46664, 54020, 52330, 90726, 57996, 23311, 47942, 6178, 24706, 8194, 41377, 26408, 93858, 39989, 3375, 74000, 34491, 59683, 28650, 92885, 59604, 48189, 31628, 88031]
Tree:
None

Fitness:
[0.9176255230125523, 0.5044098349319359]