Generation:
60

Phenotype:
def p():
  x = 0.0
  index = 31
  if sum(opposite[:-index]) + sum(opposite[-index:]) > sum(opposite[-index:]):
    x = (x + 0.2)
  index = 5
  if abs(sum(main[-index:]) - sum(opposite[-index:])) > 1000:
    x = (x - 0.6)
  return x
XXX_output_XXX = p()

Genotype:
[22715, 95342, 99461, 16101, 90352, 33604, 86378, 86410, 98211, 1135, 61127, 18528, 29271, 15127, 32234, 12338, 75396, 18697, 78782, 73916, 38951, 51804, 69212, 19130, 37962, 83710, 28164, 14350, 14213, 92361, 53739, 74280, 76459, 68356, 54124, 44744, 51768, 76262, 27980, 11251, 44316, 94511, 18220, 91093, 75654, 74234, 54196, 29707, 37304, 12538, 89509, 39907, 47764, 23995, 22172, 44669, 91495, 34869, 45245, 56315, 88878, 69784, 58160, 45590, 83665, 88955, 54720, 73884, 34315, 82210, 83172, 6240, 27937, 44157, 48286, 8392, 60419, 56336, 31030, 38794, 54631, 45101, 85401, 37096, 26076, 97992, 99634, 29514, 47593, 61171, 20820, 76544, 45914, 16222, 9568, 64978, 87004, 64422, 4721, 97294, 96344, 45271, 73588, 45464, 38553, 51814, 19973, 61624, 74260, 3232, 36259, 58356, 9009, 62080, 85598, 92563, 52848, 82327, 2459, 76624, 23398, 27708, 15126, 95643, 47248, 56597, 11251, 59124, 39168, 95940, 59820, 14932, 65236, 43869, 83850, 91610, 73574, 41733, 35579, 35582, 83916, 76081, 91884, 19279, 9123, 789, 92930, 67579, 40356, 18400, 3941, 62380, 24418, 99957, 72314, 43100, 60485, 55913, 84199, 35811, 86220, 23017, 60183, 53918, 83341, 93699, 51613, 3557, 10398, 2550, 43142, 20288, 43642, 95478, 28169, 42476, 62893, 11502, 12186, 81083, 16770, 46977, 85223, 69742, 26378, 60209, 58572, 12448, 52330, 90726, 57996, 23311, 15938, 6178, 24706, 8194, 25165, 26408, 93858, 96449, 96425, 6423, 34491, 64520, 28650, 92885, 59604, 62459, 43033, 88031]
Tree:
None

Fitness:
[0.9176255230125523, 0.5044098349319359]