Generation:
60

Phenotype:
def p():
  x = 0.0
  index = 31
  if sum(opposite[:-index]) + sum(opposite[-index:]) < sum(main[-index:]):
    x = (x + 0.2)
  index = 22
  if abs(sum(main) - sum(opposite)) > 10000:
    x = (x - 0.001)
  index = 18
  if abs(sum(main) - sum(opposite)) > 5000:
    x = (x - 1.0)
  index = 49
  if abs(sum(main[:-index]) - sum(opposite[-index:])) > 50:
    x = (x - 0.7)
  index = 15
  if abs(sum(main) - sum(opposite)) > 5000:
    x = (x - 0.7)
  index = 16
  if main[index] < 1:
    if main[index] > opposite[index] + 0.2:
      x = (x - 0.4)
  else:
    if opposite[index] < opposite[index] + 9:
      x = (x + 0.2)
    else:
      x = (x + 0.7)
  return x
XXX_output_XXX = p()

Genotype:
[77465, 93653, 87430, 34982, 90352, 46864, 86378, 27159, 98211, 1135, 28833, 89234, 29271, 15127, 21874, 56129, 78873, 1360, 97116, 15550, 62055, 54967, 78046, 22003, 98658, 15617, 4409, 61551, 1012, 90448, 88783, 27609, 7398, 45741, 6475, 62171, 78159, 73884, 51033, 82210, 83172, 13564, 27937, 68522, 80835, 60477, 80828, 56336, 31030, 42651, 66546, 45101, 41767, 52487, 26076, 97992, 32024, 56320, 77546, 67398, 46024, 71007, 37463, 82043, 94089, 27481, 85415, 269, 44969, 67304, 4391, 25954, 92076, 54124, 71526, 51744, 60788, 22750, 35524, 44316, 63588, 38874, 90657, 82415, 29700, 63732, 128, 37304, 3051, 30868, 17908, 88525, 97621, 22172, 44669, 74866, 34869, 42326, 56315, 62765, 69784, 45385, 59558, 83665, 88955, 54720, 47321, 61269, 33387, 83172, 71260, 10297, 44157, 97178, 60477, 80828, 52754, 18811, 80763, 54631, 45101, 30544, 10259, 26076, 97992, 99634, 29514, 89027, 61171, 37650, 74040, 45914, 16222, 9568, 37097, 97668, 64422, 4721, 97294, 96344, 71993, 30137, 84459, 49595, 51814, 19973, 61624, 74260, 3232, 66347, 8540, 9009, 25211, 85598, 72528, 52848, 82327, 2459, 76624, 56418, 27708, 15126, 95643, 20295, 56597, 11251, 413, 39168, 27380, 67326, 55136, 76622, 25954, 68356, 54124, 44744, 51768, 76262, 52973, 11251, 3444, 94511, 50356, 90657, 30691, 30181, 25509, 7103, 82189, 3051, 89509, 72218, 88580, 90226, 22172, 44669, 91495, 48072, 45245, 56315, 62765, 8372, 45385, 9819, 83665, 44839, 54720, 73884, 61269, 82210, 83172, 22950, 6733, 44010, 48286, 60477, 60130, 56336, 31030, 94735, 54631, 45101, 42192, 52487, 26076, 57754, 57070, 29514, 70631, 61171, 19054, 76544, 45914, 8895, 9568, 64978, 87004, 95085, 4721, 97294, 96344, 45271, 29464, 45464, 38553, 64991, 19973, 61624, 29622, 3232, 66347, 58356, 9009, 34287, 85598, 72528, 52848, 82327, 2459, 80892, 59898, 27708, 15126, 82527, 47248, 56597, 11251, 81466, 90293, 95940, 59820, 14932, 35429, 43869, 90142, 91610, 77780, 41733, 97070, 51846, 35609, 76081, 91884, 19279, 9123, 789, 92930, 67579, 40356, 44632, 15256, 62380, 24418, 99957, 72314, 25347, 60485, 7222, 10458, 35811, 86220, 40963, 60183, 53918, 83341, 68446, 51613, 3557, 16682, 2550, 43142, 20288, 43642, 95478, 28169, 42476, 88915, 11502, 12186, 81083, 16770, 46977, 85223, 97614, 26378, 60209, 46664, 54020, 52330, 90726, 57996, 23311, 47942, 6178, 24706, 8194, 41377, 26408, 93858, 39989, 3375, 74000, 34491, 59683, 28650, 92885, 59604, 48189, 31628, 88031]
Tree:
None

Fitness:
[0.41605648535564854, 0.5069569074282816]