Generation:
60

Phenotype:
def p():
  x = 0.0
  index = 31
  if sum(opposite[-index:]) + opposite[index] - sum(opposite[:-index]) < sum(main[:-index]) + opposite[index]:
    x = (x + 0.8)
  return x
XXX_output_XXX = p()

Genotype:
[31685, 93653, 55588, 62165, 90352, 46864, 86378, 17748, 98211, 1135, 1360, 85066, 36992, 58455, 54967, 60599, 22003, 98658, 11537, 4409, 61551, 4673, 72491, 64857, 20268, 83295, 41040, 89227, 54413, 79606, 66621, 1613, 85419, 74049, 44906, 28530, 10608, 26917, 93913, 41763, 18130, 65280, 2893, 62939, 28681, 28960, 65027, 79664, 39011, 5763, 23739, 36443, 94511, 15127, 32234, 15430, 75396, 9682, 78782, 73916, 38951, 51804, 69212, 19130, 37962, 83710, 28164, 14350, 14213, 92361, 53739, 73, 44089, 20819, 10094, 19750, 34369, 43877, 36649, 4062, 11704, 33657, 25888, 19045, 68761, 39565, 19367, 9763, 60839, 77705, 50808, 55532, 54089, 5167, 89334, 41147, 72971, 60769, 88229, 17815, 58258, 66637]
Tree:
None

Fitness:
[0.9864016736401674, 0.5024770322734414]