Generation:
60

Phenotype:
def p():
  x = 0.0
  index = 41
  if main[index] - opposite[index] + sum(opposite[:-index]) - sum(main[-index:]) > sum(main[-index:]):
    x = (x - 0.9)
  return x
XXX_output_XXX = p()

Genotype:
[22432, 85659, 98232, 17206, 75317, 4339, 13949, 71704, 91022, 51251, 36688, 4938, 93783, 82937, 18180, 40, 88783, 28804, 7398, 45741, 6475, 23707, 42222, 93690, 76294, 82210, 83172, 6240, 6072, 44157, 48286, 60477, 80828, 56336, 31030, 42651, 54631, 45101, 41767, 52487, 26076, 97992, 17951, 74251, 58388, 61171, 20820, 76544, 45914, 16222, 9568, 64978, 84033, 96940, 4721, 55234, 96344, 45271, 73588, 5441, 38553, 65829, 19973, 61624, 49077, 3232, 66347, 58356, 66683, 31473, 85598, 72528, 52848, 82327, 2459, 76624, 23398, 27708, 15126, 95643, 27513, 56597, 11251, 59124, 39168, 95940, 59820, 26290, 65236, 43869, 83850, 25001, 73574, 41733, 97070, 86466, 83916, 76081, 91884, 19279, 9123, 789, 92930, 67579, 40356, 80918, 15256, 31348, 17628, 99957, 72314, 39597, 60485, 55913, 84199, 35811, 86220, 23017, 60183, 53918, 22989, 68446, 51613, 3557, 77586, 2550, 71849, 48305, 43642, 95478, 28169, 42476, 88915, 11502, 12186, 81083, 16770, 46977, 40358, 97614, 26378, 10024, 46664, 40877, 52330, 90726, 57996, 23311, 15938, 26067, 24706, 8194, 25165, 33775, 93858, 3524, 96425, 6423, 38188, 59683, 28650, 92885, 59604, 62459, 31628, 88031]
Tree:
None

Fitness:
[0.9864016736401674, 0.5024770322734414]