Generation:
60

Phenotype:
def p():
  x = 0.0
  index = 31
  if sum(opposite[-index:]) - main[index] - sum(opposite[:-index]) > sum(main[:-index]) + main[index]:
    x = (x - 0.7)
  index = 15
  if sum(main[-index:]) + main[index] + main[index] + opposite[index] > main[index] - opposite[index]:
    x = (x + 0.001)
  return x
XXX_output_XXX = p()

Genotype:
[11124, 93653, 4097, 62165, 90352, 46864, 86378, 17748, 98211, 1135, 1360, 60095, 36992, 35157, 54967, 78046, 22003, 98658, 11537, 4409, 9700, 4673, 72491, 64857, 46526, 83295, 41040, 89227, 48286, 60477, 80828, 56336, 31030, 42651, 54631, 45101, 32869, 52487, 26076, 97992, 95728, 35522, 77546, 61171, 20820, 76544, 45914, 16222, 9568, 97618, 87004, 42517, 4721, 97294, 96344, 45271, 51136, 45464, 38553, 51814, 19973, 61624, 74260, 3232, 66347, 58356, 9009, 62080, 85598, 72528, 52848, 82327, 2459, 76624, 23398, 27708, 15126, 95643, 47248, 56597, 11251, 59124, 39168, 95940, 59820, 14932, 65236, 43869, 83850, 91610, 73574, 41733, 97070, 35582, 83916, 76081, 91884, 19279, 9123, 789, 92930, 67579, 40356, 18400, 15256, 62380, 24418, 99957, 72314, 43100, 60485, 55913, 84199, 35811, 86220, 23017, 60183, 53918, 83341, 68446, 51613, 3557, 1827, 2550, 43142, 20288, 43642, 95478, 28169, 42476, 88915, 11502, 12186, 81083, 16770, 46977, 85223, 97614, 26378, 60209, 46664, 12448, 52330, 90726, 57996, 23311, 15938, 6178, 24706, 8194, 25165, 26408, 93858, 39989, 96425, 6423, 34491, 59683, 28650, 92885, 59604, 62459, 31628, 88031]
Tree:
None

Fitness:
[0.9864016736401674, 0.5024770322734414]