Generation:
1

Phenotype:
def p():
  x = 0.0
  index = 44
  n = 36
  b = 27
  c = opposite[33]
  if abs(sum(main[:-index]) - sum(opposite[:-index])) > 100:
    x = (x / 0.4)
  return x
XXX_output_XXX = p()

Genotype:
[50113, 76773, 2972, 77773, 81695, 18707, 43743, 10943, 21396, 32312, 50950, 38003, 96015, 62735, 55852, 1665, 73387, 2916, 88684, 62193, 91789, 81508, 35960, 7048, 72271, 34921, 44044, 25871, 28273, 58377, 23843, 11821, 67489, 43598, 76458, 82811, 13574, 61474, 38767, 61243, 1544, 7975, 22368, 52208, 37353, 59726, 58410, 1523, 62726, 61964, 1424, 24237, 60057, 25929, 24268, 87926, 40061, 56891, 49505, 13844, 52347, 38244, 52461, 99849, 13776, 27607, 67553, 12810, 36593, 59924, 3208, 99076, 39742, 83407, 13094, 5983, 15525, 40186, 29564, 32189, 65624, 13485, 1500, 18947, 79881, 4938, 25965, 7897, 80400, 91894, 60718, 89065, 15680, 35451, 39196, 72771, 41019, 52118, 43598, 15895, 5725, 61620, 25804, 81100, 49843, 94568, 1702, 59129, 44362, 45823, 66980, 35505, 61999, 87458, 97372, 77663, 51728, 71857, 20542, 59374, 19365, 50058, 37708, 34622, 64579, 38031, 26124, 96212]
Tree:
None

Fitness:
[0.0, 0.5]