Generation:
1

Phenotype:
def p():
  x = 0.0
  index = 23
  n = 35
  b = 9
  c = opposite[10]
  if main[b] < main[b] + 1:
    x = (x - 0.8)
  return x
XXX_output_XXX = p()

Genotype:
[65322, 53221, 73228, 32695, 70964, 45619, 80615, 40777, 59883, 1517, 41584, 99759, 54427, 55254, 29296, 12408, 53021, 33152, 16787, 69300, 57780, 81961, 9543, 1509, 65652, 52700, 20641, 67842, 22188, 8676, 95669, 71446, 80057, 89689, 94924, 64536, 38178, 87394, 56084, 40967, 36784, 3880, 2974, 80320, 51804, 24712, 47767, 98392, 29350, 14976, 42529, 26528, 1034, 70978, 42822, 81564, 81978, 17249, 22491, 53823, 49634, 86199, 31389, 90081, 11805, 98274, 31080, 80917, 84432, 61555, 9304, 72120, 17432, 69692, 36882, 21607, 89064, 87487, 37974, 31255, 55914, 48267, 10638, 10080, 708, 82653, 39840, 37817, 85416, 39330, 93641, 7287, 66369, 80897, 47877, 7615, 71525, 60467, 5935, 51073, 8988, 5663, 41922, 73951, 25648, 93786, 45744, 8517, 73341, 12547, 66321, 62074, 93692, 1497, 87037, 59074, 72773, 45607, 76987, 71628, 175, 8302, 16186, 34560, 78169, 50970, 36915, 76979, 23073, 6415, 16206, 83144, 38576, 30647, 14472, 17245, 22600, 15452, 27323, 89264, 21781, 85174, 19828, 35311, 21898, 87192, 79803, 73449, 14210, 81436, 72997, 39022, 11136, 64547, 40954, 59415, 67330, 96545, 22651, 87417, 6941, 70005, 80987, 7281, 94371, 52570, 39622, 87899, 54200, 25743, 91801, 81318, 75772, 72505, 72253, 98591, 14428, 97386, 37699, 44899, 75713, 78805, 76647, 1312, 22109, 48514, 5761, 23166, 33715, 51303, 79788, 29572, 7749, 43069, 14817, 67816, 58009, 34294, 55433, 80450, 79963, 86312, 12958, 72168, 33180, 47849, 62943, 23652, 62054, 90242, 48161, 52552, 3081, 2175, 35555, 53339, 36700, 5418, 21954, 55129, 45661, 93150, 2603, 61826, 47478, 39314, 16337, 5029, 85449, 88284, 7863, 44605, 77651, 78300, 5935, 41629, 53615, 98704, 93259, 25922, 81406, 51869, 16240, 71585, 49449, 4765, 51669, 87033, 27216, 82674, 50238, 80000, 23162, 30157, 7044, 90722, 20070, 78972, 83603, 4149, 5449, 96918, 3036, 12304, 54542, 29679, 95865, 55906, 3, 27452, 24587, 17115, 2293, 332, 6097, 54290, 41242, 35912, 43171, 23367, 86475, 82684, 78650, 84817, 40538, 93349, 20974, 29504, 68282, 56522, 29121, 30492, 13823, 22335, 50648, 21543, 32983, 41005, 39842, 90940, 46909, 82701, 2470, 56531, 16044, 33446, 82412, 40352, 7178, 82215, 48109, 63783, 31934, 91221, 20507, 4020, 15858, 9741, 60325, 8525, 24090, 43462, 23603, 66480, 94473, 88225, 42458, 83557, 54946, 21411, 83500, 54103, 30906, 33493, 64813, 76430, 59025, 31933, 23177, 19698, 64925, 64357, 77690, 6586, 55833, 2061, 11010, 99893, 81540, 61685, 51339, 36265, 70792, 91434, 37280, 33714, 1396, 26593, 18353, 37075, 56197, 33547, 34162, 78106, 40758, 74849, 11719, 47355, 54243, 28915, 94090, 36226, 10207, 32021, 87789, 99502, 73939, 44601, 29285, 36315, 49113, 44919, 22218, 34941, 68126, 43899, 63125, 5412, 4553, 64136, 31390, 14481, 78411, 92002, 34628, 49025, 52912, 5991, 33773, 75908, 43242, 45147, 41816, 67847, 6509, 37197, 12035, 14966, 43020, 67622, 65917, 22047, 78230, 3990, 83965, 77983, 39692, 22912, 68789, 13787, 36107, 8190, 52401, 5149, 59776, 7510, 12541, 95736, 27494, 42716, 41079, 41437, 23062, 72786, 85626, 23108, 43897, 44986, 28610, 35440, 53303, 74906, 28301, 57332, 71755, 78480, 88327, 37498, 16170, 95797]
Tree:
None

Fitness:
[0.0, 0.5]