Generation:
1

Phenotype:
def p():
  x = 0.0
  index = 44
  n = 36
  b = 27
  c = opposite[44]
  if opposite[b] > opposite[b] + 7:
    x = (x / 0.5)
  return x
XXX_output_XXX = p()

Genotype:
[50113, 76773, 2972, 77773, 81695, 18707, 43743, 10949, 21396, 32312, 95668, 38003, 55889, 73868, 58981, 42393, 73387, 28054, 88684, 62193, 91789, 81508, 35960, 7048, 72271, 34921, 44044, 25871, 28273, 58377, 23843, 11821, 67489, 43598, 76458, 82811, 13574, 61474, 38767, 61243, 1544, 7975, 22368, 67087, 69957, 22914, 40077, 88349, 81661, 83206, 25853, 68837, 25687, 95080, 33039, 97663, 71653, 75192, 23157, 68252, 77090, 5257, 5631, 55065, 32046, 48673, 54929, 9721, 19855, 89797, 80442, 10329, 68685, 66944, 63845, 74512, 48520, 98073, 7714, 70649, 8574, 61956, 60854, 32134, 76523, 22817, 69240, 45977, 92358, 98315, 6238, 84702, 8997, 81445, 11709, 82549]
Tree:
None

Fitness:
[0.0, 0.5]