Generation:
1

Phenotype:
def p():
  x = 0.0
  index = 23
  n = 35
  b = 11
  c = opposite[7]
  if c < sum(opposite[-index:]):
    x = (x - 0.2)
  return x
XXX_output_XXX = p()

Genotype:
[65322, 53221, 73228, 32695, 70964, 45619, 80615, 40777, 94820, 1517, 41584, 99759, 49936, 37317, 52105, 86160, 10025, 72940, 76987, 54781, 57422, 37183, 80023, 2134, 87977, 28572, 1884, 37931, 30048, 17974, 673, 36937, 67168, 61252, 36393, 51025, 80433, 10972, 66711, 97452, 53857, 30501, 22051, 90356, 20802, 90070, 79319, 63467, 35278, 69295, 49882, 52033, 26288, 53891, 69787, 42293, 97192, 32319, 18733, 44357, 40024, 35167, 92695, 74357, 18917, 91521, 42767, 70338, 75926, 77937, 5124, 4176, 74706, 21010, 25816, 58406, 69445, 88503, 80500, 26692, 30025, 3723, 75257, 33941, 95129, 72690, 89002, 32640, 3768, 97628, 62364, 60154, 63781]
Tree:
None

Fitness:
[0.0, 0.5]