Generation:
1

Phenotype:
def p():
  x = 0.0
  index = 8
  n = 32
  b = 20
  c = sum(opposite[:-index])
  if abs(sum(main) - sum(opposite)) > 5000:
    x = (x / 0.5)
  return x
XXX_output_XXX = p()

Genotype:
[34128, 91602, 84628, 20468, 7760, 58253, 52103, 35549, 2264, 90691, 55299, 71705, 52247, 28815, 94449, 5077, 58449, 98124, 27443, 5478, 5621, 22882, 25101, 45840, 63505, 76792, 19105, 50527, 19049, 94675, 63477, 30063, 12710, 12116, 36447, 12715, 63934, 25199, 65959, 94060, 91924, 19230, 16690, 11809, 28723, 91316, 13118, 62841, 72811, 91427, 42435, 97619, 4580, 97246, 80330, 89506, 92054, 3412, 7468, 80410, 91090, 45024, 27659, 66397, 32486, 48574, 16373, 28089, 59595, 20720, 16602, 53797, 33479, 76392, 58396, 28569, 82848, 11243, 21157, 8517, 94142, 80352, 23401, 38712, 86935, 16801, 13705, 25701, 91708, 82237, 99157, 17391, 11900, 85654, 33523, 29937, 29305, 1826, 79202, 93864, 94714, 31102, 95434, 40577, 40092, 77235, 23450, 96603, 85182, 10998, 13234, 45097, 93937, 21287, 7446]
Tree:
None

Fitness:
[0.0, 0.5]