Generation:
17

Phenotype:
def p():
  x = 0.0
  index = 38
  n = 24
  b = 31
  c = main[25]
  if opposite[b] > opposite[1] + 7:
    x = (x + 0.4)
  return x
XXX_output_XXX = p()

Genotype:
[85933, 83367, 15992, 82911, 71591, 21767, 93456, 27443, 82345, 56599, 37609, 93782, 33124, 55693, 4405, 75099, 19177, 54397, 53601, 8183, 7973, 4405, 75099, 96225, 22106, 53601, 99039, 51110, 73820, 1402, 79403, 36624, 55914, 23572, 24202, 28732, 35660, 70344, 22982, 26691, 48278, 79251, 2555, 59634, 76472, 75029, 21644, 68803, 9508, 26758, 13859, 79648, 37802, 64676, 80118, 92559, 27917, 85853, 9252, 79043, 69517, 63300, 37769, 82514, 60904, 33333, 17641, 50631, 22689, 89284, 12072, 47484, 73993, 66946, 99806, 51909, 5411, 84452, 83657, 83043, 79834, 9898, 23875, 10900, 94626, 18467, 78911, 79320, 94198, 51411]
Tree:
None

Fitness:
[0.9247815896015342, 0.5932224378027955]