Generation:
17

Phenotype:
def p():
  x = 0.0
  index = 38
  n = 10
  b = 31
  c = sum(main[-index:])
  if opposite[b] > main[34] + 6:
    x = 0.5
  return x
XXX_output_XXX = p()

Genotype:
[7852, 50151, 15992, 82911, 71591, 69636, 43870, 68300, 82345, 9787, 26640, 39126, 16668, 55693, 22961, 37974, 65518, 98686, 60720, 74114, 41940, 61566, 66777, 94567, 91537, 7258, 30090, 75297, 59097, 69824, 31232, 34719, 62681, 45574, 70556, 39603, 2077, 84068, 20074, 58455, 79030, 93085, 61201, 23399, 75096, 26880, 89667, 21632, 78124, 1431, 45434, 32689, 73588, 53012, 33282, 14481, 14877, 7169, 20086, 30241, 65643, 22987, 52464, 6163, 5989, 64931, 25795, 67948, 32395, 81555, 80937, 44572, 91094, 52760, 58952, 73775, 24295, 7352, 7885, 48031, 72383, 10792, 8086, 79612, 55774, 78918, 89815, 36906, 27496, 60747, 5220, 12344, 7309, 81610, 81228, 37447, 27895, 28408, 7072, 80073, 24922, 70443, 57605, 36604, 17756, 84797, 96829, 26158, 75967, 84909, 30836, 80764, 7266, 78067, 86194, 28393, 49531, 6135, 79707, 60901, 46040, 83287, 43307, 22044, 72565, 66013, 25402, 90783, 70186, 27801, 22329, 67248, 420, 77330, 8337, 18649, 55295, 55033, 57598, 8822, 69591, 89342, 58898, 37115, 30864, 38784, 7159, 60503, 29324, 13878, 78021, 29541, 31367, 18199, 36806, 43515, 24690, 23845, 47095, 87358, 69348, 48608, 88222, 73056, 97800, 22899, 81, 76731, 79117, 26771, 10113, 20090, 88114, 15218, 19642, 35179, 54915, 38608, 16002, 75651, 48346, 70704, 86171, 33792, 8206, 17947, 97112, 33927, 40767, 75406, 2859, 53012, 64197, 88212, 75880, 3721, 31485, 39507, 99966, 46062, 82183]
Tree:
None

Fitness:
[0.9394843383763052, 0.5831633997493426]