Generation:
12

Phenotype:
def p():
  x = 0.0
  index = 14
  if abs(sum(main[:-index]) - sum(opposite[:-index])) > 1000:
    x = (x + 0.01)
  return x
XXX_output_XXX = p()

Genotype:
[23422, 20547, 65992, 9577, 7664, 22326, 2456, 25121, 26551, 71043, 99684, 53877, 19714, 56694, 47274, 7038, 61689, 6219, 7566, 53494, 73811, 86101, 89479, 92774, 92795, 26919, 7664, 59556, 53494, 95991, 23455, 67573, 28696, 22954, 69328, 61689, 6219, 13844, 90092, 23707, 29405, 448, 52526, 40511, 92783, 25865, 48718, 12677, 56389, 52429, 53742, 14431, 94138, 64117, 81484, 72362, 88365, 66107, 28435, 35088, 85910, 14147, 62340, 52715, 39617, 86031, 18460, 60394, 6400, 40280, 70868, 77243, 70636, 86692, 9282, 74307, 43090, 11386, 27764, 3082, 99865, 680, 21538, 73788, 59280, 93464, 46750, 7415, 86085, 40048, 44145, 90514, 12833, 59686, 81469, 46349, 94251, 77831, 38572, 37180, 75895, 23038, 72664, 74796, 4958, 70588, 74281, 88457, 89138, 57122, 37679, 60280, 47345, 30938, 58057, 56179, 47714, 52179, 87432, 81056, 65932, 9405, 58902, 99851, 97467, 74151, 3460, 97000, 86241, 61807, 86389, 49595, 99131, 50972, 44272, 86827, 60465, 88404, 91103, 3543, 63128, 62287, 2508, 82374, 39792, 43541, 9920, 66151, 26944, 88919, 93406, 40577, 99175, 4572, 97399, 47882, 35263, 53086, 55517, 98692, 2932, 51526, 23728, 1334, 87040, 51382, 65331, 64065, 23060, 65507, 22432, 60771, 76346, 91930, 57632, 17602, 66159, 62136, 76604, 90400, 3307, 43746, 73398, 72145, 82441, 10285, 31008, 97439, 83504, 20615, 46315, 96397, 82494, 48924, 14874, 54111, 19105, 85815, 66500, 78691, 47654, 50323, 46866, 43499, 45392, 15347, 9136, 56074, 73171, 1309, 57118, 41679, 89442, 42591, 605, 79001, 72964, 65608, 37622, 28663, 51047, 82414, 78985, 58449, 19191, 81686, 70783, 95518, 52848, 25361, 50957, 66804, 61584, 44833]
Tree:
None

Fitness:
[0.908800340933305, 0.5465232265856519]