Generation:
12

Phenotype:
def p():
  x = 0.0
  index = 14
  if abs(sum(main[:-index]) - sum(opposite[:-index])) > 1000:
    x = (x + 0.1)
  return x
XXX_output_XXX = p()

Genotype:
[97110, 84876, 65992, 86008, 7664, 59556, 53494, 95991, 23455, 67573, 28696, 16838, 20952, 25279, 29864, 18513, 99557, 32665, 28048, 94196, 36212, 55105, 27563, 74743, 36565, 10404, 12857, 60973, 68342, 79543, 85942, 44518, 24957, 53875, 16570, 46804, 79108, 66683, 79024, 31816, 62000, 34696, 35440, 72080, 29120, 5840, 12695, 51040, 31196, 11124, 7192, 16207, 95883, 74085, 19406, 88598, 8016, 66411, 74220, 3556, 1803, 89491, 72347, 35210, 15603, 25065, 89018, 37039, 9458, 71193, 55512, 76174, 30383, 45626, 35369, 81923, 20107, 74589, 32665, 84164, 13487, 79637, 67481, 87471, 76618, 21861, 50816, 92890, 56272, 78722, 50284, 61778, 10101, 72838, 95775, 12621, 37520, 40514, 14760, 23119, 9644, 71994, 43977, 44897, 6505, 17708, 80533, 88359]
Tree:
None

Fitness:
[0.908800340933305, 0.5465232265856519]