Generation:
12

Phenotype:
def p():
  x = 0.0
  index = 41
  if abs(sum(main[-index:]) - sum(opposite[-index:])) > 1000:
    x = (x + 0.4)
  return x
XXX_output_XXX = p()

Genotype:
[27759, 27457, 65992, 7566, 89597, 78045, 2358, 3352, 94882, 25338, 65234, 72985, 87229, 57649, 34652, 27227, 21740, 48219, 81560, 31810, 5196, 69926, 8293, 98235, 16875, 95574, 7984, 44029, 94845, 43546, 68498, 62332, 36071, 89961, 40196, 905, 57685, 62814, 56023, 38615, 28201, 56477, 98359, 88616, 41849, 65713, 467, 22030, 28379, 44637, 39175, 6382, 6973, 85770, 27275, 91778, 89349, 93616, 6298, 68166, 52208, 95895, 679, 29504, 11723, 39616, 54599, 37532, 21369, 92475, 32775, 72989, 15615, 27855, 46764, 27497, 86834, 22396, 13842, 29844, 13447, 77510, 86346, 66703, 47726, 17663, 45859, 59300, 1368, 66776, 3270, 84541, 46922, 25782, 62219, 9711, 73863, 35698, 39852, 38216, 12013, 80940, 29135, 32695]
Tree:
None

Fitness:
[0.908800340933305, 0.5465232265856519]