Generation:
12

Phenotype:
def p():
  x = 0.0
  index = 14
  if abs(sum(main[:-index]) - sum(opposite[:-index])) > 1000:
    x = (x + 0.7)
  return x
XXX_output_XXX = p()

Genotype:
[34601, 97692, 65992, 21652, 7664, 59556, 14076, 87625, 23455, 67573, 79096, 57324, 93239, 67573, 93900, 16838, 84876, 65992, 8943, 7664, 59556, 84666, 87499, 98915, 51624, 62908, 28554, 71881, 35784, 9853, 42733, 32427, 29296, 48279, 4266, 93529, 50100, 94235, 99756, 1397, 21200, 21328, 58028, 87602, 44164, 80044, 58750, 86848, 87269, 35667, 8786, 82842, 78683, 85080, 70784, 15758, 58852, 36610, 7585, 91019, 14058, 28093, 71749, 71939, 531, 87564, 13662, 95231, 91973, 13683, 1922, 77472, 65181, 25928, 72452, 55278, 66830, 4718, 18581, 76732, 60808, 91338, 10012, 23415, 84275, 84219, 62, 73122, 6931, 27375, 77880, 93681, 65530, 94452, 61741, 91218]
Tree:
None

Fitness:
[0.908800340933305, 0.5465232265856519]