Generation:
60

Phenotype:
def p():
  x = 0.0
  index = 19
  n = 31
  b = 27
  c = opposite[b]
  if main[18] > opposite[1] + 4:
    x = (x + 0.4)
  return x
XXX_output_XXX = p()

Genotype:
[66032, 2370, 38968, 30944, 36127, 63111, 80611, 21262, 32871, 23005, 99160, 90189, 98573, 13262, 65910, 8443, 49012, 77494, 23261, 64383, 40709, 66154, 16363, 76485, 86970, 6990, 14201, 95674, 70246, 1496, 83553, 98503, 73450, 95211, 26293, 75608, 16006, 97680, 38125, 57301, 41182, 13657, 62724, 86024, 77001, 71847, 49926, 52354, 27331, 56164, 97134, 55162, 33007, 31735, 31105, 89682, 64100, 27036, 31750, 18130, 66500, 95599, 31294, 71626, 84553, 14201, 64954, 24086, 1496, 66731, 62724, 86024, 5081, 38305, 5653, 49412, 84685, 9390, 61008, 8385, 61016, 93355, 79105, 74176, 67243, 97412, 67360, 8291, 58709, 67096, 22296, 46487, 89453, 80908, 77583, 38176, 66723, 78523, 38316, 38465, 99870, 9660, 22168]
Tree:
None

Fitness:
[0.9024581589958159, 0.5054490951759848]