Generation:
60

Phenotype:
def p():
  x = 0.0
  index = 18
  n = 48
  b = 15
  c = opposite[b]
  if main[18] > opposite[1] + 4:
    x = 0.2
  return x
XXX_output_XXX = p()

Genotype:
[25687, 2370, 38968, 27036, 19959, 63111, 43653, 12098, 39846, 23005, 99160, 90189, 47133, 13262, 65910, 8443, 49012, 77494, 92795, 66731, 14201, 64954, 24086, 1668, 47076, 65854, 51350, 4783, 40851, 65959, 69806, 33235, 67098, 7350, 48605, 48845, 59768, 38625, 7746, 28240, 53490, 52320, 88510, 33893, 41325, 85732, 60276, 34602, 65651, 13470, 60693, 23328, 41041, 98394, 36587, 95685, 47619, 69237, 78220, 74721, 15838, 60429, 34129, 60788, 90939, 40201, 44924, 24104, 40772, 7383, 37792, 61261, 82213, 45661, 7989, 87187, 42222, 9139, 85918, 42173, 1113, 70648, 591, 83810, 63824, 30027, 93473, 37719, 4183, 88349, 8407, 89044, 64956, 32660, 48919, 31365, 25063, 29438, 13298, 26471, 38776, 7537, 96243, 60332, 21811, 60036, 45594, 2870, 41587, 44453, 9904, 35599, 69607, 74475, 74594, 94084, 46957, 93698, 40310, 43514]
Tree:
None

Fitness:
[0.9024581589958159, 0.5054490951759848]