Generation:
60

Phenotype:
def p():
  x = 0.0
  index = 4
  n = 2
  b = 50
  c = opposite[b]
  if main[18] > opposite[1] + 4:
    x = 0.6
  return x
XXX_output_XXX = p()

Genotype:
[66032, 85971, 38968, 27036, 7246, 63111, 24380, 38076, 57527, 23005, 99160, 90189, 47133, 13262, 65910, 8443, 49012, 77494, 92795, 40015, 2416, 84553, 41740, 64954, 22706, 1496, 53279, 62724, 86024, 39515, 37967, 6279, 84513, 36739, 84553, 14201, 72449, 24086, 1496, 66731, 62724, 86024, 37090, 30891, 9478, 49412, 84685, 9390, 61008, 8385, 61016, 93355, 79105, 74176, 67243, 97412, 67360, 8291, 58709, 67096, 22296, 46487, 89453, 80908, 77583, 38176, 66723, 78523, 38316, 38465, 99870, 9660, 22168]
Tree:
None

Fitness:
[0.9024581589958159, 0.5054490951759848]