Generation:
60

Phenotype:
def p():
  x = 0.0
  index = 32
  n = 40
  b = 4
  c = sum(opposite[-index:])
  if abs(sum(main[:-index]) - sum(opposite[-index:])) > 500:
    x = (x + 1.0)
  return x
XXX_output_XXX = p()

Genotype:
[66705, 24019, 33412, 21858, 80255, 43653, 95614, 55027, 23005, 2716, 77361, 88953, 60638, 65910, 9240, 38187, 29956, 99352, 3086, 13749, 7181, 14229, 69682, 75010, 64110, 35121, 72318, 79914, 17663, 88454, 16822, 72219, 24072, 6116, 65184, 8953, 69291, 99658, 71517, 77698, 73028, 87411, 98481, 97447, 75612, 61990, 15451, 184, 13177, 56273, 71588, 81858, 33079, 33868, 277, 73623, 62384, 44146, 28564, 68401, 90734, 31358, 84641, 52828, 17305, 26235, 64340, 85081, 64754, 96029, 89406, 71830, 83618, 75998, 62738, 39678, 38593, 80801, 11297, 2880, 90128, 45997, 19983, 67349, 96694, 87584, 97763, 86679, 11325, 85662, 1323, 7910, 63743, 92485, 31733, 97989, 20692, 5689, 42195, 35461, 43157, 63818, 26643, 69680, 65201, 30408, 28301, 29579, 88488, 12153, 98699, 5435, 18340, 23914, 23260, 90848, 50530, 63437, 14794, 98478, 19633, 49051, 8057, 93362, 91690, 82778, 58042, 61560, 25056, 76679, 13355, 57535, 31618, 30971, 4015, 15133, 75554, 22326]
Tree:
None

Fitness:
[0.9024581589958159, 0.5054490951759848]