Generation:
60

Phenotype:
def p():
  x = 0.0
  index = 12
  n = 1
  b = 1
  c = opposite[b]
  if main[b] > opposite[b] + 9:
    x = (x - 0.4)
  return x
XXX_output_XXX = p()

Genotype:
[62843, 11240, 33412, 33661, 29490, 35094, 36364, 22846, 70891, 61066, 67540, 98437, 18553, 60544, 76045, 62349, 84877, 15533, 73673, 50378, 65797, 55565, 60687, 66243, 63213, 98197, 9277, 14293, 61395, 64629, 76909, 11669, 23261, 28075, 75922, 54876, 52320, 74438, 21957, 88593, 54903, 15776, 95930, 75954, 52320, 8814, 1740, 14721, 10062, 6860, 28991, 45269, 60785, 99956, 4869, 30684, 29661, 46836, 13853, 96875, 96424, 70502, 62178, 32740, 28836, 52348, 44671, 31667, 73900, 3535, 31522, 10122, 18122, 9737, 18920, 72203, 6309, 80341, 19686, 94022, 21595, 20849, 82702, 35244, 76680, 65041, 98870, 51647, 81004, 32497]
Tree:
None

Fitness:
[0.9055962343096234, 0.5051890238702545]