Generation:
60

Phenotype:
def p():
  x = 0.0
  index = 9
  n = 30
  b = 43
  c = sum(main[:-index])
  if main[17] < main[49] + 5:
    x = (x - 0.6)
  return x
XXX_output_XXX = p()

Genotype:
[87003, 4444, 18992, 97866, 59730, 39197, 37260, 47922, 16363, 76485, 86970, 55378, 14201, 95674, 70246, 1496, 87166, 56761, 31105, 23312, 40325, 58815, 21509, 20607, 18005, 72732, 33618, 18545, 80508, 58092, 61430, 56144, 19219, 16570, 55229, 26248, 16570, 55229, 77448, 12365, 46880, 25827, 25996, 57272, 66500, 51571, 19612, 61501, 81205, 53984, 64954, 80982, 1496, 3551, 75375, 5145, 7186, 96692, 97439, 60544, 20025, 53870, 13480, 14622, 26312, 67040, 46281, 35858, 12865, 28050, 70599, 96698, 10814, 84086, 32812, 77946, 43798, 50058, 80729, 29088, 70750, 35331, 8123, 10017, 90253, 53835, 13763, 30303, 95836, 21166, 90475, 39428, 29074, 53256, 43230, 20193, 85421, 17204, 3475, 56703, 77751, 66678, 87400, 88432, 88878, 17811, 27113, 31351, 64761, 97564, 78287, 59555, 40890, 18178, 91825, 84912, 71692, 75852, 21563, 84413, 92700, 12883, 46892, 87831, 27274, 29383, 90356, 99004, 26020, 1865, 33456, 30526, 23534, 13492, 35853, 92728, 96136, 52108, 56952, 50476, 21815, 67712, 74108, 8532, 36260, 87598, 24390, 85546, 5249, 21443, 4059, 52640, 75598, 24139, 92519, 22980, 32268, 24207, 13233, 57831, 7268, 84806, 12733, 90221, 28332, 32460, 30006, 68697, 70701, 5773, 95924, 40468, 33890, 52878, 80867, 2760, 79759, 16120, 71125, 14081, 8608, 45666, 81379, 93294, 35919, 84579, 4177, 33662, 29770, 94131, 94897, 132, 70863, 70136, 7652, 89468, 74066, 21967, 5267, 86980, 93946, 91353, 28306, 4804, 5305, 36833, 62023, 55258, 24134, 13316, 28208, 95611, 77579, 55031, 84178, 38383, 41553, 43797, 7750, 81833, 92081]
Tree:
None

Fitness:
[0.41631799163179917, 0.5068263592859806]