Generation:
60

Phenotype:
def p():
  x = 0.0
  index = 12
  n = 1
  b = 1
  c = opposite[b]
  if main[b] > opposite[b] + 9:
    x = (x - 0.1)
  return x
XXX_output_XXX = p()

Genotype:
[12583, 64187, 3332, 76408, 29490, 35094, 36364, 109, 70891, 95136, 67540, 98437, 18553, 11716, 76045, 62349, 98437, 52320, 4942, 34736, 1874, 76763, 84553, 10045, 94594, 24086, 1496, 66731, 20394, 12365, 11595, 31074, 70786, 18005, 31105, 33618, 18545, 80508, 58092, 61430, 60668, 19219, 16570, 55229, 26248, 66382, 77238, 75138, 43498, 97167, 33056, 15090, 55565, 60687, 7532, 25448, 60514, 83673, 75608, 24889, 24593, 49414, 17092, 30472, 23456, 74295, 39086, 34201, 30236, 20804, 51737, 20819, 48876, 38855, 72988, 6566, 60745, 6745, 86868, 30060, 18718, 60848, 82934, 23722, 58775, 74715, 31095, 18169, 238, 12440, 88045, 78805, 37151, 84056, 52881, 33628, 73377, 47486, 22849, 95475, 54836, 99291, 10605, 60767, 85409, 35939, 565, 34442]
Tree:
None

Fitness:
[0.9055962343096234, 0.5051890238702545]