Generation:
60

Phenotype:
def p():
  x = 0.0
  index = 12
  n = 1
  b = 1
  c = opposite[b]
  if main[b] > opposite[b] + 9:
    x = (x - 0.1)
  return x
XXX_output_XXX = p()

Genotype:
[12583, 9634, 3332, 76408, 29490, 35094, 36364, 109, 70891, 95136, 67540, 98437, 18553, 11716, 11305, 62349, 98437, 13780, 10795, 64954, 24086, 1496, 66731, 62724, 62315, 5081, 85732, 45933, 12631, 3119, 16365, 50142, 85929, 70988, 54386, 47090, 17251, 82342, 55533, 53283, 551, 25918, 93669, 91516, 1185, 11744, 88428, 32593, 19998, 19262, 3150, 86252, 4618, 5344, 66930, 27661, 21412, 71191, 64040, 32932, 43806, 88210, 96484, 92515, 31947, 37765, 26576, 45965, 77314, 2662, 29767, 26016, 984, 30645, 18728, 19893, 11413, 31144, 7010, 81344, 5465, 38391, 48941, 4355, 41643, 90107, 32926, 92839, 16123, 82675, 20770, 89665, 51978, 35841, 14308, 64780, 51187, 57973, 26739, 45391, 57411, 5610, 9407, 23203, 58901, 53247, 25310, 91114, 94492, 45709, 94782, 74481, 4551]
Tree:
None

Fitness:
[0.9055962343096234, 0.5051890238702545]