Generation:
60

Phenotype:
def p():
  x = 0.0
  index = 12
  n = 1
  b = 1
  c = opposite[b]
  if main[b] > opposite[b] + 9:
    x = (x - 0.1)
  return x
XXX_output_XXX = p()

Genotype:
[12583, 34275, 3332, 76408, 29490, 85788, 36364, 109, 70891, 96355, 67540, 98437, 18553, 11716, 76045, 62349, 98437, 52320, 78192, 75608, 16006, 97680, 38125, 57301, 41182, 13657, 62724, 86024, 77001, 71847, 49926, 52354, 27331, 56164, 97134, 55162, 33007, 31735, 31105, 89682, 64100, 27036, 31750, 18130, 66500, 95599, 31294, 71626, 84553, 14201, 64954, 24086, 1496, 66731, 62724, 86024, 5081, 38305, 5653, 49412, 84685, 9390, 61008, 8385, 61016, 93355, 79105, 74176, 67243, 97412, 67360, 8291, 58709, 67096, 22296, 46487, 89453, 80908, 77583, 38176, 66723, 78523, 38316, 38465, 99870, 9660, 22168]
Tree:
None

Fitness:
[0.9055962343096234, 0.5051890238702545]