Generation:
60

Phenotype:
def p():
  x = 0.0
  index = 49
  n = 11
  b = 18
  c = sum(opposite[-index:])
  if abs(sum(main[-index:]) - sum(opposite[-index:])) > 500:
    x = (x + 0.6)
  index = 6
  n = 46
  b = 43
  c = main[b]
  if sum(main[-index:]) < opposite[b]:
    x = (x * 0.1)
  return x
XXX_output_XXX = p()

Genotype:
[63352, 96953, 22333, 27036, 70225, 9529, 78500, 18414, 44898, 85616, 71847, 51811, 67462, 83790, 56164, 45140, 55162, 33007, 23471, 31105, 50488, 44874, 13164, 58092, 17182, 82490, 26053, 26350, 43066, 95976, 45696, 58092, 17182, 56144, 19219, 16570, 55229, 26248, 19450, 27802, 63598, 64683, 12884, 58815, 25942, 87166, 56761, 31105, 33618, 3211, 80508, 51373, 7517, 56144, 19219, 16570, 55229, 26248, 29490, 42783, 28889, 54998, 97638, 33786, 26641, 87603, 62984, 90340, 16570, 37283, 26248, 12365, 28807, 88180, 23471, 8290, 7332, 44874, 13164, 58092, 17182, 62984, 19219, 16570, 55229, 26248, 12365, 30472, 23456, 74295, 39086, 34201, 30236, 20804, 51737, 26196, 48876, 8530, 62860, 6566, 60745, 6745, 53360, 91840, 69120, 49413, 77561, 73564, 99628, 91953, 98108, 9087, 78022, 28816, 40177, 64075, 59707, 37504, 6732, 74645, 48413, 52490, 12436, 82162, 81809, 89371, 19889, 12548, 13048, 78563, 57544, 32760, 29091, 60133, 4412, 82053, 94856, 73749, 77477, 55781, 96156, 645, 78760, 33678, 49860, 2619, 14825, 48080, 1138, 50163, 80040, 33119, 11078, 48589, 77406, 3211, 1605]
Tree:
None

Fitness:
[0.9165794979079498, 0.5046707262207635]