Generation:
60

Phenotype:
def p():
  x = 0.0
  index = 12
  n = 36
  b = 18
  c = opposite[b]
  if abs(sum(main[:-index]) - sum(opposite[:-index])) > 500:
    x = 0.9
  return x
XXX_output_XXX = p()

Genotype:
[94705, 59456, 33412, 13489, 29490, 68532, 36144, 34013, 22203, 14743, 75922, 98437, 52320, 88510, 48603, 95627, 85732, 60595, 778, 66931, 7109, 62299, 58324, 99328, 53180, 77248, 33893, 63279, 28082, 60276, 88679, 35465, 89408, 75060, 58876, 33893, 41325, 38812, 5811, 33211, 28331, 87166, 23471, 31105, 7332, 44874, 33786, 58092, 87603, 62984, 19219, 16570, 55229, 26248, 12365, 45862, 77187, 19219, 16570, 55229, 26248, 12365, 24086, 1496, 46231, 62724, 86024, 5081, 59552, 9478, 49412, 84685, 9390, 61008, 8385, 61016, 93355, 79105, 74176, 67243, 97412, 67360, 8291, 58709, 67096, 22296, 46487, 89453, 80908, 77583, 38176, 66723, 78523, 38316, 38465, 99870, 9660, 22168]
Tree:
None

Fitness:
[0.9176255230125523, 0.5044098349319359]