Generation:
60

Phenotype:
def p():
  x = 0.0
  index = 13
  n = 18
  b = 36
  c = opposite[b]
  if abs(sum(main[:-index]) - sum(opposite[:-index])) > 500:
    x = (x + 0.2)
  return x
XXX_output_XXX = p()

Genotype:
[58766, 761, 48160, 16791, 82888, 89130, 23478, 13945, 80667, 35556, 75922, 98437, 52320, 45792, 33893, 64187, 68612, 56111, 63111, 4632, 38045, 64790, 52173, 28781, 77361, 4228, 29822, 65910, 48596, 49012, 27048, 33661, 78631, 10522, 33020, 20514, 80597, 62724, 66731, 18902, 99120, 46979, 59552, 11715, 71774, 29956, 33661, 8191, 42783, 34013, 23261, 23458, 75922, 54207, 52320, 2652, 33893, 41325, 85732, 60276, 34602, 71438, 45274, 4232, 16313, 36395, 96264, 4050, 80156, 96411, 26818, 86665, 73058, 46423, 22157, 83602, 21772, 89084, 40829, 65053, 14178, 24593, 49414, 17092, 30472, 23456, 74295, 39086, 34201, 30236, 20804, 51737, 26196, 48876, 8530, 62860, 6566, 60745, 6745, 86868, 30060, 18718, 61213, 82934, 82323, 17090, 74715, 31095, 18169, 238, 12440, 88045, 78805, 37151, 84056, 52881, 33628, 73377, 47486, 22849, 95475, 54836, 99291, 10605, 60767, 85409, 35939, 565, 34442]
Tree:
None

Fitness:
[0.9176255230125523, 0.5044098349319359]