Generation:
60

Phenotype:
def p():
  x = 0.0
  index = 12
  n = 1
  b = 20
  c = main[b]
  if abs(sum(main[:-index]) - sum(opposite[:-index])) > 500:
    x = (x + 0.3)
  return x
XXX_output_XXX = p()

Genotype:
[40684, 18899, 80236, 67666, 29490, 68290, 76909, 57159, 71369, 41817, 89536, 89408, 97180, 58876, 53353, 41325, 47587, 38661, 27042, 66500, 2154, 11471, 12958, 84553, 93109, 28229, 24086, 1496, 66731, 492, 71854, 5081, 94306, 95674, 10687, 34602, 71438, 67518, 49200, 98686, 58878, 56383, 68640, 7354, 1496, 66731, 86655, 86024, 46311, 44308, 50563, 67270, 43368, 26232, 80379, 71626, 84553, 14201, 64954, 24086, 75204, 66731, 62724, 86024, 54591, 66168, 66516, 49412, 84685, 9089, 61008, 8385, 61016, 6483, 68152, 64627, 27036, 31750, 32587, 35743, 8178, 70612, 36739, 84553, 14201, 64954, 24086, 1496, 66731, 90327, 86024, 6556, 44146, 94736, 68401, 90734, 31358, 84641, 52828, 98798, 94535, 27577, 76909, 40163, 25932, 62299, 23383, 62060, 52320, 88510, 51307, 41325, 28082, 60276, 39349, 33412, 56617, 29490, 42783, 76909, 44308, 23261, 62299, 75922, 58544, 52320, 88510, 33893, 95605, 85732, 60276, 34602, 50958, 33412, 33661, 56886, 69194, 32238, 44308, 84921, 62299, 71920, 98437, 26350, 43066, 33893, 41325, 85732, 60276, 34602, 69593, 45274, 4232, 58684, 84075, 96264, 4050, 80156, 96411, 26818, 86665, 73058, 46423, 22157, 83602, 21772, 89084, 40829, 65053, 14178, 24593, 49414, 17092, 30472, 23456, 74295, 39086, 34201, 30236, 20804, 51737, 26196, 48876, 59768, 38625, 71748, 28240, 75791, 57135, 17748, 93565, 97084, 35930, 72056, 86454, 64513, 65300, 98318, 66956, 37710, 94759, 62912, 64209, 97080, 55053, 46637, 65212, 18451, 1119, 57580, 43081, 73317, 31700, 29436, 59282, 40804, 28850, 24223, 48019, 3341, 69992, 64254, 8858, 57228, 94451, 63117, 80101, 84017, 16572, 86970, 35609, 54222, 31099, 63420, 39747, 4293, 78492, 13025, 92549, 46522, 72851, 12334, 61100, 94827, 39051, 76031, 46005, 86563, 66561, 45498, 70147, 80962, 45027, 43469, 89723, 55859, 31932, 9608, 74204, 1636, 12339, 74316, 11413, 47943, 27225, 4002]
Tree:
None

Fitness:
[0.9176255230125523, 0.5044098349319359]