Generation:
60

Phenotype:
def p():
  x = 0.0
  index = 12
  n = 20
  b = 38
  c = main[b]
  if abs(sum(main[:-index]) - sum(opposite[:-index])) > 500:
    x = (x + 0.4)
  return x
XXX_output_XXX = p()

Genotype:
[98449, 32250, 75144, 23848, 29490, 41958, 99419, 44308, 89951, 9990, 75922, 89408, 75060, 88510, 52115, 41325, 85732, 60276, 11713, 62724, 86024, 71506, 32499, 55778, 79789, 7332, 44874, 13164, 58092, 44285, 62984, 19219, 16570, 35285, 26248, 12365, 61482, 13779, 33893, 41325, 85732, 60276, 88345, 71438, 45274, 4232, 58684, 84075, 96264, 4050, 80156, 96411, 26818, 86665, 73058, 46423, 22157, 83602, 21772, 89084, 40829, 65053, 14178, 24593, 49414, 17092, 30472, 23456, 74295, 39086, 34201, 30236, 20804, 51737, 26196, 48876, 8530, 62860, 6566, 60745, 6745, 86868, 30060, 18718, 61213, 82934, 82323, 17090, 74715, 31095, 18169, 238, 12440, 88045, 78805, 37151, 84056, 52881, 33628, 73377, 47486, 22849, 95475, 54836, 99291, 10605, 60767, 85409, 35939, 565, 34442]
Tree:
None

Fitness:
[0.9176255230125523, 0.5044098349319359]