Generation:
60

Phenotype:
def p():
  x = 0.0
  index = 13
  n = 1
  b = 5
  c = main[b]
  if abs(sum(main[:-index]) - sum(opposite[:-index])) > 500:
    x = (x + 0.7)
  return x
XXX_output_XXX = p()

Genotype:
[35158, 70584, 6928, 62954, 1084, 3235, 76909, 36657, 23261, 54195, 75922, 26724, 30885, 90394, 60261, 41325, 85732, 901, 53246, 44116, 32383, 9981, 68796, 71626, 25811, 66803, 11274, 87610, 1496, 16523, 4151, 86024, 54591, 62016, 64954, 24086, 1496, 66731, 62724, 86024, 5081, 56428, 9478, 21732, 97167, 33056, 15090, 38310, 26355, 7532, 71482, 78363, 20345, 75608, 90640, 26851, 25258, 31232, 41182, 13313, 44952, 83799, 95478, 3251, 25930, 83498, 10793, 85611, 87630, 60445, 43066, 33893, 41325, 85732, 60276, 27255, 85859, 84648, 8892, 95614, 78193, 23005, 59668, 77361, 27001, 39190, 8774, 5494, 49012, 95191, 71284, 28202, 18414, 44898, 85616, 71847, 49926, 17878, 88530, 56164, 23950, 11731, 33007, 48275, 72832, 28473, 56403, 34505, 25753, 96366, 34527, 25463, 6391, 24147, 12742, 31625, 86405, 3045, 48151, 12323, 43592, 155, 42858, 42656, 76524]
Tree:
None

Fitness:
[0.9176255230125523, 0.5044098349319359]