Generation:
60

Phenotype:
def p():
  x = 0.0
  index = 12
  n = 39
  b = 24
  c = sum(main[:-index]) - opposite[b] * main[b]
  if abs(sum(main[:-index]) - sum(opposite[:-index])) > 500:
    x = 0.1
  return x
XXX_output_XXX = p()

Genotype:
[54325, 49846, 33412, 25682, 29490, 34144, 82761, 16443, 25932, 62299, 57740, 30812, 52320, 72676, 51307, 95197, 28082, 90701, 39349, 23261, 89906, 75922, 10540, 52320, 7986, 35575, 41325, 85732, 47380, 31750, 97111, 78735, 38689, 1534, 25996, 49012, 43287, 9529, 78500, 18414, 44898, 85616, 29175, 49926, 49557, 88530, 19780, 77740, 95242, 33007, 23471, 6865, 10616, 44874, 59286, 58092, 27580, 62984, 60526, 16570, 55229, 26248, 12365, 71438, 45274, 4232, 58684, 84075, 96264, 4050, 80156, 97867, 71086, 95957, 73058, 46423, 22157, 19016, 21772, 89084, 40829, 81320, 24889, 24593, 49414, 17092, 30472, 23456, 74295, 39086, 34201, 30236, 20804, 51737, 26196, 48876, 8530, 62860, 6566, 60745, 6745, 86868, 30060, 18718, 61213, 82934, 82323, 17090, 74715, 31095, 18169, 238, 12440, 88045, 78805, 37151, 84056, 52881, 33628, 73377, 47486, 22849, 95475, 54836, 99291, 10605, 60767, 85409, 35939, 565, 34442]
Tree:
None

Fitness:
[0.9176255230125523, 0.5044098349319359]