Generation:
60

Phenotype:
def p():
  x = 0.0
  index = 13
  n = 38
  b = 3
  c = opposite[b]
  if abs(sum(main[:-index]) - sum(opposite[:-index])) > 500:
    x = (x + 0.6)
  return x
XXX_output_XXX = p()

Genotype:
[58766, 21810, 48160, 33661, 82888, 22593, 33545, 76282, 73137, 83214, 75922, 90381, 52320, 72988, 33893, 41325, 85732, 60276, 23995, 66731, 87166, 56761, 31105, 33618, 3211, 80508, 51373, 7517, 56144, 19219, 16570, 55229, 26248, 29490, 42783, 28889, 54998, 97638, 33786, 26641, 87603, 62984, 90340, 16570, 37283, 26248, 12365, 28807, 88180, 23471, 8290, 7332, 44874, 13164, 58092, 17182, 62984, 19219, 16570, 55229, 26248, 12365, 30472, 23456, 74295, 39086, 34201, 30236, 20804, 51737, 26196, 48876, 8530, 62860, 6566, 60745, 6745, 53360, 91840, 69120, 49413, 77561, 73564, 99628, 91953, 98108, 9087, 78022, 28816, 40177, 64075, 59707, 37504, 6732, 74645, 48413, 52490, 12436, 82162, 81809, 89371, 19889, 12548, 13048, 78563, 57544, 32760, 29091, 60133, 4412, 82053, 94856, 73749, 77477, 55781, 96156, 645, 78760, 33678, 49860, 2619, 14825, 48080, 1138, 50163, 80040, 33119, 11078, 48589, 77406, 3211, 1605]
Tree:
None

Fitness:
[0.9176255230125523, 0.5044098349319359]