Generation:
60

Phenotype:
def p():
  x = 0.0
  index = 12
  n = 10
  b = 36
  c = opposite[b]
  if abs(sum(main[:-index]) - sum(opposite[:-index])) > 500:
    x = 0.3
  return x
XXX_output_XXX = p()

Genotype:
[3536, 83975, 33412, 66812, 29490, 21382, 16126, 44308, 6258, 62299, 79744, 47301, 52320, 88510, 55405, 59201, 81797, 85620, 61482, 72779, 42196, 96280, 75060, 77260, 89536, 19949, 75060, 58876, 81971, 87780, 31750, 17893, 18721, 14984, 85319, 68841, 78043, 14201, 64954, 24086, 1496, 66731, 62724, 86024, 5081, 99652, 18590, 13092, 90179, 87166, 18416, 54309, 7332, 44874, 13164, 83036, 79795, 62984, 19219, 3703, 89813, 1153, 3742, 41860, 46660, 14201, 64954, 34530, 1496, 66731, 67773, 86024, 5081, 59552, 9478, 49412, 84685, 9390, 61008, 8385, 61016, 93355, 79105, 74176, 67243, 97412, 67360, 8291, 58709, 67096, 22296, 46487, 89453, 80908, 77583, 38176, 66723, 78523, 38316, 38465, 99870, 9660, 22168]
Tree:
None

Fitness:
[0.9176255230125523, 0.5044098349319359]