Generation:
60

Phenotype:
def p():
  x = 0.0
  index = 12
  n = 1
  b = 12
  c = main[b]
  if abs(sum(main[:-index]) - sum(opposite[:-index])) > 500:
    x = (x + 0.6)
  return x
XXX_output_XXX = p()

Genotype:
[83142, 94100, 33412, 7808, 29490, 53157, 87670, 44308, 18933, 62299, 65671, 65624, 52320, 88510, 33893, 80377, 88692, 87166, 47615, 80652, 43946, 50141, 80508, 21802, 99234, 29394, 19219, 16570, 55229, 26248, 12365, 16570, 55229, 26248, 19450, 41115, 49154, 33893, 41325, 28082, 60276, 39349, 56886, 79764, 32238, 99794, 20639, 62299, 71920, 99416, 89795, 25011, 31708, 75357, 65333, 36640, 91718, 79003, 32581, 56632, 12072, 25699, 3178, 63022, 33186, 93151, 89672, 90291, 94940, 74191, 15320, 77207, 66068, 38920, 23885, 52466, 79783, 64198, 7124, 84001, 17534, 71035, 22126, 35926, 55571, 97869, 53825, 86113, 95818, 89399, 30058, 22634, 82775, 85069, 55832, 83249]
Tree:
None

Fitness:
[0.9176255230125523, 0.5044098349319359]