Generation:
60

Phenotype:
def p():
  x = 0.0
  index = 12
  n = 40
  b = 25
  c = sum(main[:-index]) - main[14] + sum(main[-index:])
  if abs(sum(main[:-index]) - sum(opposite[:-index])) > 500:
    x = (x + 0.7)
  return x
XXX_output_XXX = p()

Genotype:
[5623, 86278, 7528, 35169, 29490, 42783, 26917, 44308, 18691, 62299, 77933, 38351, 52320, 88510, 33893, 80377, 62378, 87166, 67351, 64954, 24086, 1496, 53175, 71920, 66804, 60445, 82014, 17677, 41325, 85732, 60276, 32656, 15864, 68044, 33868, 277, 73623, 6556, 44146, 28564, 68401, 90734, 31358, 84641, 52828, 25339, 94535, 64340, 85081, 64754, 96029, 89406, 71830, 83618, 75998, 62738, 39678, 38593, 80801, 11297, 2880, 90128, 45997, 19983, 67349, 96694, 87584, 97763, 86679, 11325, 85662, 1323, 7910, 63743, 92485, 31733, 97989, 20692, 5689, 42195, 35461, 43157, 63818, 26643, 69680, 65201, 30408, 28301, 29579, 88488, 12153, 98699, 5435, 18340, 23914, 23260, 90848, 50530, 63437, 14794, 98478, 19633, 49051, 8057, 93362, 91690, 82778, 58042, 61560, 25056, 76679, 13355, 57535, 31618, 30971, 4015, 15133, 75554, 22326]
Tree:
None

Fitness:
[0.9176255230125523, 0.5044098349319359]