Generation:
60

Phenotype:
def p():
  x = 0.0
  index = 24
  n = 21
  b = 27
  c = main[b]
  if main[17] < main[b] + 6:
    x = (x - 0.1)
  return x
XXX_output_XXX = p()

Genotype:
[69877, 65071, 7476, 9362, 67803, 62367, 64485, 10586, 45162, 94303, 84553, 80228, 64954, 24086, 1496, 32776, 34736, 42902, 89350, 64710, 19150, 21732, 97167, 33056, 15090, 38310, 75077, 7532, 73450, 60651, 36468, 75608, 16006, 97680, 38125, 57301, 41182, 13657, 62724, 86024, 77001, 71847, 49926, 52354, 27331, 56164, 97134, 55162, 33007, 31735, 31105, 89682, 64100, 27036, 31750, 18130, 66500, 95599, 31294, 71626, 84553, 14201, 64954, 24086, 1496, 66731, 62724, 86024, 5081, 38305, 5653, 49412, 84685, 9390, 61008, 8385, 61016, 93355, 79105, 74176, 67243, 97412, 67360, 8291, 58709, 67096, 22296, 46487, 89453, 80908, 77583, 38176, 66723, 78523, 38316, 38465, 99870, 9660, 22168]
Tree:
None

Fitness:
[0.42076359832635984, 0.5061748485491219]