Generation:
60

Phenotype:
def p():
  x = 0.0
  index = 12
  n = 16
  b = 2
  c = opposite[b]
  if abs(sum(main[:-index]) - sum(opposite[:-index])) > 500:
    x = 0.1
  return x
XXX_output_XXX = p()

Genotype:
[5300, 11049, 33412, 20368, 29490, 55926, 30463, 34013, 77828, 62299, 44833, 24273, 8180, 88510, 2253, 41325, 93867, 41325, 48260, 82688, 31750, 78683, 85092, 55039, 12829, 19953, 96880, 18391, 64954, 24086, 35118, 66731, 62724, 86024, 85611, 68257, 44087, 80508, 66286, 79111, 56144, 19219, 16570, 55229, 26248, 98201, 79755, 30205, 87241, 6928, 25135, 29490, 67469, 76909, 62217, 88726, 62299, 96721, 98437, 52320, 50974, 60261, 41325, 85732, 42141, 73829, 64954, 39498, 1496, 66731, 5199, 86024, 31105, 42668, 35146, 80508, 45489, 99662, 56144, 19219, 16570, 55229, 8388, 12365, 51279, 2370, 38968, 27036, 83842, 12398, 61506, 12548, 32867, 64424, 23725, 32441, 64954, 60371, 1496, 66876, 62724, 40101, 5081, 59552, 36241, 69806, 33235, 86850, 7350, 48605, 17735, 14002, 38625, 29242, 28240, 75791, 57135, 17748, 93565, 97084, 35930, 72056, 86454, 64513, 65300, 98318, 66956, 37710, 94759, 62912, 64209, 97080, 55053, 46637, 65212, 18451, 1119, 57580, 43081, 73317, 31700, 29436, 59282, 40804, 28850, 24223, 48019, 3341, 69992, 64254, 8858, 57228, 94451, 63117, 80101, 84017, 16572, 86970, 35609, 54222, 31099, 63420, 39747, 4293, 78492, 13025, 92549, 46522, 72851, 12334, 61100, 94827, 39051, 76031, 46005, 86563, 66561, 45498, 70147, 80962, 45027, 43469, 89723, 55859, 31932, 9608, 74204, 1636, 12339, 74316, 11413, 47943, 27225, 4002]
Tree:
None

Fitness:
[0.9176255230125523, 0.5044098349319359]