Generation:
60

Phenotype:
def p():
  x = 0.0
  index = 12
  n = 1
  b = 43
  c = opposite[b]
  if abs(sum(main[:-index]) - sum(opposite[:-index])) > 500:
    x = (x + 0.5)
  return x
XXX_output_XXX = p()

Genotype:
[1806, 97405, 70628, 95071, 29490, 92285, 76909, 13494, 42169, 62299, 49486, 229, 44505, 88510, 33893, 41325, 28082, 40681, 63764, 78265, 28176, 35121, 29608, 85326, 95478, 55914, 25930, 83498, 76727, 95351, 30956, 61320, 56251, 14552, 24233, 96835, 98200, 62769, 37817, 90233, 70641, 8712, 4841, 985, 28197, 90206, 36775, 62736, 84970, 34734, 74392, 35935, 65246, 86625, 28834, 29997, 88501, 71035, 23116, 73426, 18699, 50484, 1947, 53419, 17353, 7058, 28517, 5710, 51400, 2704, 93070, 5918, 47201, 6453, 3868, 32712, 58568, 83451, 9082, 33600, 47360, 90568, 45153, 4884, 63004, 39586, 50778, 45560, 42602, 17907, 63294, 87210, 74135, 80126, 29533, 29361, 65093, 38651, 46629, 1969, 12541, 515, 34394, 90867, 3894, 17297, 21886, 76578, 94798, 53944, 78751, 3575, 43638, 89395, 28833, 81795, 83434, 55530, 83896, 47485, 57105, 91607, 10462, 30130, 39142, 50786, 59184, 86641, 99017, 4632, 10924, 65707, 66879, 78788, 75485, 72539, 67509, 25113, 28230, 46774, 70528, 29397, 55155, 28693, 72276, 36781, 72186, 44212, 84121, 64452, 37180, 96100, 99021, 55416, 1080, 32475, 36722, 89515, 76233, 96878, 21665, 94545, 96358, 45841, 80519, 56067, 31677, 95638, 13146, 25195, 26615, 56633, 37222, 19295, 47590, 54842, 4809, 9912, 27523, 4270, 94542, 32546, 32188, 36357, 9437, 39691, 37182, 62181, 6730, 78038, 24723, 89618, 473, 4268, 93355, 96565, 81008, 35754]
Tree:
None

Fitness:
[0.9176255230125523, 0.5044098349319359]