Generation:
60

Phenotype:
def p():
  x = 0.0
  index = 12
  n = 36
  b = 34
  c = opposite[b]
  if abs(sum(main[:-index]) - sum(opposite[:-index])) > 500:
    x = (x + 0.1)
  return x
XXX_output_XXX = p()

Genotype:
[11133, 80544, 33412, 17728, 29490, 82839, 18498, 3157, 52972, 62299, 49486, 229, 52320, 24498, 33893, 41325, 28082, 60276, 52880, 7765, 54760, 24450, 5821, 73021, 70452, 36310, 50378, 86159, 54091, 75684, 52394, 17655, 33412, 7058, 27036, 84875, 16273, 66500, 34878, 28290, 23937, 21826, 93672, 64954, 24086, 1496, 31699, 66753, 20394, 78735, 38016, 27468, 68918, 62490, 21694, 66121, 11561, 172, 904, 65911, 27507, 83338, 55818, 93993, 79327, 24375, 27032, 85328, 34618, 11497, 11403, 16376, 40613, 81756, 37033, 38228, 59833, 27289, 5033, 95143, 20905, 14230, 1276, 76864, 55286, 28498, 24299, 7632, 88610, 58702, 23047, 87693, 38718, 82816, 88859, 74236, 88289, 9995, 26876, 45838, 51418, 38697, 61936, 41787, 50290, 22778, 71917, 61617, 28310, 29960, 70704, 87850, 67870, 8555, 22105, 62217, 57979, 19863, 96339, 11525, 21203, 86112, 57142, 39058, 1870, 51898, 61662, 86616, 41299, 90500, 38661, 53827, 94168, 24735, 99780, 94289, 21029, 85432, 34070, 82336, 76468, 44087, 47629, 66660, 72456, 47637, 93918, 66986, 11241, 27747, 55011, 97377, 49629, 13011, 76147, 83048, 47619, 6762, 78220, 74721, 15838, 59277, 34129, 60788, 53108, 40201, 44924, 24104, 83746, 7383, 37792, 61261, 82213, 45661, 7989, 87187, 42222, 65506, 85918, 74480, 1113, 70648, 92921, 83810, 63824, 30027, 93473, 25282, 14995, 88349, 8407, 95721, 64956, 32660, 48919, 50524, 25063, 3991, 13298, 26471, 70023, 7537, 96243, 27117, 21811, 60036, 92949, 32005, 41587, 44453, 9904, 75097, 69607, 28754, 74594, 94084, 46957, 93698, 40310, 43514]
Tree:
None

Fitness:
[0.9176255230125523, 0.5044098349319359]