Generation:
60

Phenotype:
def p():
  x = 0.0
  index = 12
  n = 1
  b = 5
  c = main[b]
  if abs(sum(main[:-index]) - sum(opposite[:-index])) > 500:
    x = (x + 1.0)
  return x
XXX_output_XXX = p()

Genotype:
[66742, 18899, 75144, 58815, 29490, 42783, 76909, 90428, 23261, 77260, 42196, 96280, 75060, 88510, 33893, 24387, 85732, 32461, 86159, 54091, 37169, 52394, 17655, 19076, 21982, 56144, 51043, 16570, 58349, 26248, 19450, 87261, 53246, 87166, 62700, 31105, 7332, 44874, 5067, 58092, 17182, 56144, 19219, 16570, 55229, 26248, 19191, 61843, 52858, 88946, 66571, 63874, 91149, 33662, 83921, 9491, 65277, 7473, 72041, 63086, 74298, 7366, 5396, 29936, 37081, 90605, 5970, 17088, 52094, 64924, 32221, 75678, 55705, 98144, 71518, 29590, 39954, 50590, 89698, 82131, 60522, 99183, 85419, 29163, 37684, 72742, 22990, 34140, 12283, 73260, 35459, 25097, 2269]
Tree:
None

Fitness:
[0.9176255230125523, 0.5044098349319359]