Generation:
60

Phenotype:
def p():
  x = 0.0
  index = 12
  n = 1
  b = 24
  c = main[b]
  if abs(sum(main[:-index]) - sum(opposite[:-index])) > 500:
    x = (x + 1.0)
  return x
XXX_output_XXX = p()

Genotype:
[54325, 49846, 33412, 25682, 29490, 27577, 76909, 45311, 25932, 62299, 23383, 62060, 52320, 88510, 51307, 41325, 28082, 90701, 39349, 82517, 80729, 29088, 70750, 35331, 8123, 10017, 90253, 53835, 13763, 30303, 95836, 21166, 90475, 39428, 29074, 53256, 43230, 20193, 85421, 17204, 3475, 56703, 77751, 66678, 87400, 88432, 88878, 17811, 27113, 31351, 64761, 97564, 78287, 59555, 40890, 18178, 91825, 84912, 71692, 75852, 21563, 84413, 92700, 12883, 46892, 87831, 27274, 29383, 90356, 99004, 26020, 1865, 33456, 30526, 23534, 13492, 35853, 92728, 96136, 52108, 56952, 50476, 21815, 67712, 74108, 8532, 36260, 87598, 24390, 85546, 5249, 21443, 4059, 52640, 75598, 24139, 92519, 22980, 32268, 24207, 13233, 57831, 7268, 84806, 12733, 90221, 28332, 32460, 30006, 68697, 70701, 5773, 95924, 40468, 33890, 52878, 80867, 2760, 79759, 16120, 71125, 14081, 8608, 45666, 81379, 93294, 35919, 84579, 4177, 33662, 29770, 94131, 94897, 132, 70863, 70136, 7652, 89468, 74066, 21967, 5267, 86980, 93946, 91353, 28306, 4804, 5305, 36833, 62023, 55258, 24134, 13316, 28208, 95611, 77579, 55031, 84178, 38383, 41553, 43797, 7750, 81833, 92081]
Tree:
None

Fitness:
[0.9176255230125523, 0.5044098349319359]