Generation:
60

Phenotype:
def p():
  x = 0.0
  index = 12
  n = 33
  b = 5
  c = opposite[b]
  if abs(sum(main[:-index]) - sum(opposite[:-index])) > 500:
    x = (x + 0.2)
  return x
XXX_output_XXX = p()

Genotype:
[58766, 72974, 12640, 50556, 86916, 66204, 16098, 76149, 23261, 99525, 49486, 229, 52320, 88510, 33893, 41325, 28082, 5186, 28781, 87711, 68127, 81309, 64954, 24086, 1496, 66731, 62724, 86024, 5081, 39703, 1845, 19150, 56814, 60893, 33056, 15090, 55565, 60687, 7532, 84218, 38417, 29100, 79483, 4360, 21892, 2597, 53383, 1496, 56480, 62724, 86024, 90450, 53722, 50001, 24122, 6926, 28125, 64278, 69580, 56092, 98558, 37981, 68466, 47970, 17924, 29433, 57576, 71928, 62234, 85859, 84648, 43653, 54559, 96595, 23005, 2580, 50165, 19512, 39190, 5783, 25996, 9812, 58969, 71284, 78500, 73094, 38682, 98361, 51288, 85611, 17793, 17724, 18620, 52849]
Tree:
None

Fitness:
[0.9176255230125523, 0.5044098349319359]