Generation:
60

Phenotype:
def p():
  x = 0.0
  index = 12
  n = 1
  b = 24
  c = main[b]
  if abs(sum(main[:-index]) - sum(opposite[:-index])) > 500:
    x = (x + 0.7)
  return x
XXX_output_XXX = p()

Genotype:
[26198, 73186, 33412, 10548, 29490, 27577, 76909, 57934, 25932, 62299, 23383, 62060, 52320, 88510, 51307, 41325, 43942, 60276, 83566, 86024, 5081, 53722, 74295, 39086, 50994, 34804, 20804, 73232, 39110, 44308, 23261, 33449, 75922, 98437, 52320, 88510, 79143, 86173, 35436, 22990, 32235, 88938, 25675, 76247, 94044, 525, 42372, 35373, 56001, 28594, 28871, 79235, 73969, 2486, 11176, 88859, 31931, 14721, 71234, 77044, 14288, 96666, 7119, 68500, 79340, 37616, 36525, 65708, 57650, 35078, 99377, 98114, 1269, 91010, 30463, 30561, 98935, 51455, 82382, 21485, 10710, 29904, 97842, 78442, 5511, 38095, 82190, 6772, 32520, 81205, 59483, 97738, 28227, 84340, 4016, 89956, 54560, 52713, 5151, 513, 36987, 56216, 96242, 74203, 95700, 52330, 56813, 74219, 90406, 75729, 23021, 70674, 25615, 63584, 8227, 16012, 60504, 53997, 53924, 37693, 70870, 45748, 59351, 7880, 42282, 81064, 3887, 96722, 12381, 83729, 6487, 19279, 30770, 8815, 56854, 674, 8319, 3866]
Tree:
None

Fitness:
[0.9176255230125523, 0.5044098349319359]