Generation:
60

Phenotype:
def p():
  x = 0.0
  index = 12
  n = 15
  b = 5
  c = main[b]
  if abs(sum(main[:-index]) - sum(opposite[:-index])) > 500:
    x = 0.9
  return x
XXX_output_XXX = p()

Genotype:
[26071, 46118, 50512, 14484, 29490, 31171, 36531, 81078, 23261, 28075, 75922, 54080, 52320, 64270, 40407, 5495, 85732, 61735, 11258, 56183, 79466, 51571, 54534, 71626, 84553, 14201, 64954, 45718, 1496, 66731, 83289, 86024, 741, 97285, 57325, 89243, 34736, 70612, 48473, 77404, 35224, 33394, 24086, 1496, 66731, 62724, 86024, 5081, 86895, 12116, 195, 41395, 62234, 56714, 84648, 43653, 95614, 78193, 23005, 66520, 77361, 35934, 39190, 65910, 25996, 49012, 43287, 9529, 78500, 18414, 44898, 85616, 71847, 49926, 17878, 88530, 56164, 82472, 55162, 33007, 23471, 31105, 7332, 44874, 13164, 58092, 17182, 62984, 60526, 16570, 55229, 26248, 12365, 71438, 45274, 4232, 58684, 84075, 96264, 4050, 80156, 96411, 26818, 86665, 73058, 46423, 22157, 83602, 21772, 89084, 40829, 65053, 14178, 24593, 49414, 17092, 30472, 23456, 74295, 39086, 34201, 30236, 20804, 51737, 26196, 48876, 8530, 62860, 6566, 60745, 6745, 86868, 30060, 18718, 61213, 82934, 82323, 17090, 74715, 31095, 18169, 238, 12440, 88045, 78805, 37151, 84056, 52881, 33628, 73377, 47486, 22849, 95475, 54836, 99291, 10605, 60767, 85409, 35939, 565, 34442]
Tree:
None

Fitness:
[0.9176255230125523, 0.5044098349319359]