Generation:
60

Phenotype:
def p():
  x = 0.0
  index = 12
  n = 18
  b = 5
  c = opposite[b]
  if abs(sum(main[:-index]) - sum(opposite[:-index])) > 500:
    x = 0.5
  return x
XXX_output_XXX = p()

Genotype:
[77446, 8751, 33412, 33661, 29490, 73979, 99570, 36647, 23261, 32183, 75922, 98437, 52320, 88510, 48603, 5171, 85732, 60595, 21894, 19612, 58815, 53246, 53501, 65017, 31105, 7332, 44874, 80508, 58092, 17182, 56144, 19219, 16570, 55229, 26248, 12365, 61482, 63390, 92404, 1585, 53417, 3544, 84444, 11164, 33413, 41984, 70394, 26441, 88127, 17886, 28977, 43962, 56008, 79766, 34612, 20232, 35484, 34441, 46234, 8321, 7944, 57716, 65910, 28905, 73433, 33752, 22669, 39096, 64095, 72376, 78283, 43268, 12612, 96568, 56793, 66847, 65935, 41778, 56805, 63894, 19616, 67670, 34268, 74202, 73527, 36792, 47696, 15138, 78210, 61050, 15585, 19995, 15393, 96856, 40963, 1916, 70486, 58178, 12996, 59850, 74543, 66929, 14355, 4323, 72932, 54362, 56519, 97844, 79661, 26042, 98272, 88603, 87426, 6928, 40930, 30468, 79231, 27249]
Tree:
None

Fitness:
[0.9176255230125523, 0.5044098349319359]