Generation:
60

Phenotype:
def p():
  x = 0.0
  index = 4
  n = 46
  b = 15
  c = main[17]
  if opposite[44] > opposite[40] + 2:
    x = (x + 0.6)
  return x
XXX_output_XXX = p()

Genotype:
[57812, 78972, 48400, 56799, 30451, 76909, 40030, 2544, 30615, 52132, 95674, 70246, 1496, 83553, 98503, 70016, 5407, 44920, 85732, 60276, 1185, 52076, 59899, 29242, 28240, 75791, 88009, 25178, 87721, 12884, 58815, 48777, 83842, 73555, 14234, 61084, 40821, 74638, 73678, 94306, 95674, 10687, 34602, 71438, 67518, 49200, 65915, 58878, 1845, 19150, 43498, 97167, 33056, 15090, 55565, 60687, 7532, 25448, 60514, 83673, 75608, 24889, 24593, 49414, 17092, 30472, 23456, 74295, 39086, 34201, 30236, 20804, 51737, 20819, 48876, 38855, 72988, 6566, 60745, 6745, 86868, 30060, 18718, 60848, 82934, 23722, 58775, 74715, 31095, 18169, 238, 12440, 88045, 78805, 37151, 84056, 52881, 33628, 73377, 47486, 22849, 95475, 54836, 99291, 10605, 60767, 85409, 35939, 565, 34442]
Tree:
None

Fitness:
[0.919194560669456, 0.5033652447977539]