Generation:
60

Phenotype:
def p():
  x = 0.0
  index = 24
  n = 18
  b = 35
  c = sum(main[-index:])
  if abs(sum(main[-index:]) - sum(opposite[-index:])) > 100:
    x = (x + 0.8)
  return x
XXX_output_XXX = p()

Genotype:
[91883, 64187, 33412, 29823, 63111, 43653, 52752, 98312, 60878, 78053, 77361, 4228, 13262, 65910, 13760, 64954, 96784, 1496, 66731, 27527, 74823, 60179, 98001, 29966, 11989, 21603, 66731, 62724, 99145, 8325, 59552, 58841, 49012, 29956, 33661, 29490, 42783, 66178, 34013, 23261, 62299, 75922, 98437, 52320, 88510, 33893, 41325, 85732, 60276, 34602, 71438, 45274, 4232, 58684, 84075, 96264, 4050, 80156, 96411, 26818, 86665, 73058, 46423, 22157, 83602, 21772, 89084, 40829, 65053, 14178, 24593, 49414, 17092, 30472, 23456, 74295, 39086, 34201, 30236, 20804, 51737, 26196, 48876, 8530, 62860, 6566, 60745, 6745, 86868, 30060, 18718, 61213, 82934, 82323, 17090, 74715, 31095, 18169, 238, 12440, 88045, 78805, 37151, 84056, 52881, 33628, 73377, 47486, 22849, 95475, 54836, 99291, 10605, 60767, 85409, 35939, 565, 34442]
Tree:
None

Fitness:
[0.9568514644351465, 0.5028574019327549]