Generation:
60

Phenotype:
def p():
  x = 0.0
  index = 23
  n = 28
  b = 21
  c = main[b]
  if abs(sum(main[-index:]) - sum(opposite[-index:])) > 100:
    x = 0.2
  return x
XXX_output_XXX = p()

Genotype:
[66032, 39840, 21708, 23105, 25982, 5123, 62299, 84903, 62496, 52320, 88510, 25580, 41325, 0, 60276, 86024, 5081, 52320, 92661, 2340, 63111, 43653, 86940, 64790, 52173, 28781, 86586, 4228, 4757, 40455, 48596, 49012, 60930, 33661, 78631, 11531, 32196, 34013, 23261, 62299, 75922, 44976, 75791, 88009, 17748, 38909, 28031, 51820, 56144, 19219, 16570, 55229, 26248, 19450, 14920, 49154, 66731, 62724, 86024, 5081, 7673, 9478, 49412, 84685, 9390, 61008, 8385, 61016, 93355, 79105, 74176, 67243, 97412, 67360, 8291, 58709, 67096, 22296, 46487, 89453, 80908, 77583, 38176, 66723, 78523, 38316, 38465, 99870, 9660, 22168]
Tree:
None

Fitness:
[0.9568514644351465, 0.5028574019327549]