Generation:
60

Phenotype:
def p():
  x = 0.0
  index = 24
  n = 36
  b = 20
  c = sum(main[:-index])
  if abs(sum(main[-index:]) - sum(opposite[-index:])) > 100:
    x = 0.4
  return x
XXX_output_XXX = p()

Genotype:
[20562, 95401, 33412, 2777, 63111, 43653, 86940, 19387, 55508, 87413, 77361, 4228, 45087, 65910, 71066, 11662, 29956, 33661, 29490, 42783, 32806, 54998, 97638, 33786, 26641, 87603, 62984, 19219, 16570, 55229, 26248, 12365, 28807, 88180, 23471, 8290, 7332, 44874, 13164, 58092, 17182, 62984, 19219, 16570, 55229, 26248, 12365, 30472, 23456, 74295, 39086, 34201, 30236, 20804, 51737, 26196, 48876, 8530, 62860, 6566, 60745, 6745, 53360, 91840, 69120, 49413, 77561, 73564, 99628, 91953, 98108, 9087, 78022, 28816, 40177, 64075, 59707, 37504, 6732, 74645, 48413, 52490, 12436, 82162, 81809, 89371, 19889, 12548, 13048, 78563, 57544, 32760, 29091, 60133, 4412, 82053, 94856, 73749, 77477, 55781, 96156, 645, 78760, 33678, 49860, 2619, 14825, 48080, 1138, 50163, 80040, 33119, 11078, 48589, 77406, 3211, 1605]
Tree:
None

Fitness:
[0.9568514644351465, 0.5028574019327549]