Generation:
60

Phenotype:
def p():
  x = 0.0
  index = 24
  n = 30
  b = 40
  c = sum(opposite[-index:])
  if abs(sum(main[-index:]) - sum(opposite[-index:])) > 100:
    x = (x + 0.1)
  return x
XXX_output_XXX = p()

Genotype:
[11033, 21288, 12884, 3843, 63111, 31476, 38076, 20440, 97603, 96739, 77361, 55307, 13262, 65910, 72982, 89126, 66742, 1496, 66731, 73450, 3583, 36468, 75608, 16006, 97680, 38125, 57301, 41182, 13657, 62724, 86024, 77001, 71847, 49926, 52354, 27331, 56164, 97134, 55162, 33007, 31735, 31105, 89682, 64100, 27036, 31750, 18130, 66500, 95599, 31294, 71626, 84553, 14201, 64954, 24086, 1496, 66731, 62724, 86024, 5081, 38305, 5653, 49412, 84685, 9390, 61008, 8385, 61016, 93355, 79105, 74176, 67243, 97412, 67360, 8291, 58709, 67096, 22296, 46487, 89453, 80908, 77583, 38176, 66723, 78523, 38316, 38465, 99870, 9660, 22168]
Tree:
None

Fitness:
[0.9568514644351465, 0.5028574019327549]