Generation:
60

Phenotype:
def p():
  x = 0.0
  index = 24
  n = 30
  b = 40
  c = sum(main[-index:])
  if abs(sum(main[-index:]) - sum(opposite[-index:])) > 100:
    x = 0.2
  return x
XXX_output_XXX = p()

Genotype:
[11033, 61136, 12884, 3843, 63111, 31476, 38076, 20440, 97603, 96739, 77361, 60080, 13262, 65910, 72982, 20534, 85732, 60276, 23995, 36031, 10825, 56761, 31105, 33618, 3211, 80508, 51373, 7517, 56144, 19219, 16570, 55229, 26248, 29490, 42783, 28889, 54998, 97638, 33786, 26641, 87603, 62984, 90340, 16570, 37283, 26248, 12365, 28807, 88180, 23471, 8290, 7332, 44874, 13164, 58092, 17182, 62984, 19219, 16570, 55229, 26248, 12365, 30472, 23456, 74295, 39086, 34201, 30236, 20804, 51737, 26196, 48876, 8530, 62860, 6566, 60745, 6745, 53360, 91840, 69120, 49413, 77561, 73564, 99628, 91953, 98108, 9087, 78022, 28816, 40177, 64075, 59707, 37504, 6732, 74645, 48413, 52490, 12436, 82162, 81809, 89371, 19889, 12548, 13048, 78563, 57544, 32760, 29091, 60133, 4412, 82053, 94856, 73749, 77477, 55781, 96156, 645, 78760, 33678, 49860, 2619, 14825, 48080, 1138, 50163, 80040, 33119, 11078, 48589, 77406, 3211, 1605]
Tree:
None

Fitness:
[0.9568514644351465, 0.5028574019327549]