Generation:
60

Phenotype:
def p():
  x = 0.0
  index = 24
  n = 36
  b = 43
  c = sum(opposite[-index:])
  if abs(sum(main[-index:]) - sum(opposite[-index:])) > 100:
    x = (x + 0.4)
  return x
XXX_output_XXX = p()

Genotype:
[91883, 64187, 33412, 39925, 63111, 79764, 86940, 97273, 82306, 60137, 77361, 67779, 13262, 65910, 25476, 64954, 24086, 1496, 66731, 65023, 14201, 64954, 39498, 1496, 66731, 62724, 86024, 5081, 80233, 36241, 69806, 33235, 86850, 7350, 48605, 17735, 14002, 38625, 29242, 28240, 75791, 57135, 17748, 93565, 97084, 35930, 72056, 86454, 64513, 65300, 98318, 66956, 37710, 94759, 62912, 64209, 97080, 55053, 46637, 65212, 18451, 1119, 57580, 43081, 73317, 31700, 29436, 59282, 40804, 28850, 24223, 48019, 3341, 69992, 64254, 8858, 57228, 94451, 63117, 80101, 84017, 16572, 86970, 35609, 54222, 31099, 63420, 39747, 4293, 78492, 13025, 92549, 46522, 72851, 12334, 61100, 94827, 39051, 76031, 46005, 86563, 66561, 45498, 70147, 80962, 45027, 43469, 89723, 55859, 31932, 9608, 74204, 1636, 12339, 74316, 11413, 47943, 27225, 4002]
Tree:
None

Fitness:
[0.9568514644351465, 0.5028574019327549]