Generation:
60

Phenotype:
def p():
  x = 0.0
  index = 42
  n = 30
  b = 43
  c = main[0]
  if main[17] < main[49] + 5:
    x = (x - 0.1)
  return x
XXX_output_XXX = p()

Genotype:
[4832, 43881, 24020, 32962, 92811, 39197, 37260, 47922, 16363, 83656, 7261, 55378, 92667, 95674, 70246, 1496, 87166, 56761, 31105, 36342, 91210, 80508, 33661, 29490, 35094, 36364, 25395, 70891, 95136, 67540, 98437, 18553, 60544, 76045, 62349, 98437, 52320, 14831, 40085, 62349, 85732, 11741, 20941, 53467, 17893, 84964, 34736, 46304, 36739, 84553, 14201, 64954, 24086, 1496, 66731, 62724, 86024, 30576, 69590, 46660, 4415, 77340, 31200, 7640, 22717, 1850, 15436, 88550, 91570, 80274, 4440, 14048, 43258, 38412, 50489, 88080, 93096, 66702, 54552, 64705, 53847, 67751, 53439, 8692, 93400, 74832, 28273]
Tree:
None

Fitness:
[0.41631799163179917, 0.5068263592859806]