Generation:
60

Phenotype:
def p():
  x = 0.0
  index = 24
  n = 41
  b = 11
  c = sum(main[-index:])
  if abs(sum(main[-index:]) - sum(opposite[-index:])) > 100:
    x = (x + 0.2)
  return x
XXX_output_XXX = p()

Genotype:
[20562, 64187, 33412, 2340, 63111, 60401, 43748, 64790, 97472, 28781, 77361, 4228, 57836, 65910, 29536, 49012, 26604, 33661, 78631, 11531, 83415, 34013, 23261, 62299, 75922, 98437, 52320, 88510, 33893, 41325, 85732, 60276, 34602, 71438, 45274, 4232, 58684, 84075, 96264, 4050, 80156, 96411, 26818, 86665, 73058, 46423, 22157, 83602, 21772, 89084, 40829, 65053, 14178, 24593, 49414, 17092, 30472, 23456, 74295, 39086, 34201, 30236, 20804, 51737, 26196, 48876, 8530, 62860, 6566, 60745, 6745, 86868, 30060, 18718, 61213, 82934, 82323, 17090, 74715, 31095, 18169, 238, 12440, 88045, 78805, 37151, 84056, 52881, 33628, 73377, 47486, 22849, 95475, 54836, 99291, 10605, 60767, 85409, 35939, 565, 34442]
Tree:
None

Fitness:
[0.9568514644351465, 0.5028574019327549]