Generation:
60

Phenotype:
def p():
  x = 0.0
  index = 24
  n = 27
  b = 0
  c = sum(opposite[:-index])
  if abs(sum(main[-index:]) - sum(opposite[-index:])) > 100:
    x = 0.4
  index = 5
  n = 34
  b = 5
  c = opposite[b]
  if main[43] > main[b] * main[b]:
    x = (x / 0.7)
  return x
XXX_output_XXX = p()

Genotype:
[99676, 31011, 92661, 45218, 63111, 43653, 65511, 66143, 52173, 32879, 86586, 45879, 4757, 40455, 48596, 49012, 60930, 33661, 53320, 44513, 32196, 92616, 23261, 62299, 75922, 44976, 75791, 88009, 36790, 38909, 28031, 51820, 35014, 19219, 16570, 28589, 76588, 19450, 14920, 12958, 84553, 53720, 28229, 24086, 1496, 66731, 492, 71854, 5081, 27036, 44261, 72705, 66500, 10779, 68803, 16773, 84553, 56383, 90761, 7354, 69432, 66731, 47924, 86024, 5081, 52320, 16496, 33893, 62349, 71492, 60276, 34602, 2168, 87166, 65017, 60412, 7332, 44874, 80508, 58092, 10743, 56144, 19219, 16570, 55229, 26248, 19450, 4544, 96128, 74825, 41087, 20442, 50498, 37996, 91645, 4550, 41826, 11869, 63409, 87314, 30857, 37873, 43488, 25604, 62220, 55234, 24731, 15324, 9796, 97714, 97032, 14560, 80788, 50448, 22902, 88487, 36868, 86299, 50355, 21487, 76294, 40293, 36882, 4801, 12816, 25913, 18700, 1039, 54707, 40528, 16212, 68035, 15625, 28184, 64141, 27777, 37631, 30613, 94906, 20386, 83433, 9098, 14843, 9861, 91061, 88043, 7286, 40020, 5786, 94668, 66480, 27580, 55392, 33527, 5309, 8414, 4402, 74536, 38945, 45736, 93845, 60259, 78109, 82712, 27240, 75080, 33230, 72309, 95008, 64514, 95305, 70137, 87094, 79172, 46561, 77104, 19975, 72006, 84242, 4300, 44686, 91588, 50272, 58740, 66157, 62830, 35581, 94024, 12420, 74876, 646, 76153, 88046, 98794, 75753, 59661, 91722, 99552, 86381, 60550, 81925, 86319, 11683, 43051, 874, 27818, 19981, 91518, 83405, 69515, 87724, 75791, 57135, 17748, 93565, 97084, 35930, 72056, 86454, 64513, 65300, 17598, 46556, 37710, 94759, 62912, 64209, 97080, 70971, 80651, 78151, 18451, 1119, 57580, 43081, 73317, 31700, 29436, 59282, 40804, 28850, 27590, 48019, 3341, 69992, 64254, 8858, 57228, 85147, 63117, 80101, 84017, 16572, 86970, 97154, 83766, 31099, 63420, 39747, 4293, 39116, 13025, 92549, 46522, 72851, 12334, 61100, 70097, 72828, 76031, 12499, 86563, 91100, 99554, 70147, 80962, 45027, 43469, 89723, 55859, 31932, 9608, 74204, 1636, 12339, 47596, 11413, 47943, 27225, 4002]
Tree:
None

Fitness:
[0.9568514644351465, 0.5028574019327549]