Generation:
60

Phenotype:
def p():
  x = 0.0
  index = 44
  n = 28
  b = 28
  c = opposite[b]
  if main[19] > opposite[50] + 0:
    x = 0.4
  return x
XXX_output_XXX = p()

Genotype:
[58, 98667, 51508, 79446, 51350, 92462, 33229, 51569, 18286, 72146, 78964, 11629, 97638, 74694, 26641, 87479, 62984, 52310, 51890, 58713, 50798, 18152, 12790, 52888, 64954, 24086, 1496, 70071, 62724, 86024, 96901, 28198, 88891, 62299, 71920, 98437, 26350, 88510, 74309, 41325, 85732, 60276, 34602, 71438, 45274, 4232, 58684, 84075, 96264, 4050, 80156, 96411, 26818, 86665, 73058, 46423, 22157, 83602, 60325, 54204, 37419, 12928, 39668, 36629, 6060, 60718, 73651, 96761, 2124, 41667, 58310, 47551, 78661, 80202, 6996, 49651, 57919, 68402, 61828, 32235, 8116, 30561, 18617, 62226, 47422, 17735, 98684, 6496, 96487, 75117, 43957, 30678, 73526, 78347]
Tree:
None

Fitness:
[0.9861401673640168, 0.5026075804157424]