Generation:
60

Phenotype:
def p():
  x = 0.0
  index = 44
  n = 9
  b = 28
  c = main[b]
  if main[19] > opposite[50] + 0:
    x = (x + 1.0)
  return x
XXX_output_XXX = p()

Genotype:
[60151, 95917, 47924, 70016, 51350, 65946, 85281, 55313, 334, 96840, 31105, 7332, 97638, 33786, 26641, 87603, 62984, 52310, 61231, 55229, 11279, 58713, 82884, 47321, 27014, 29935, 65520, 53637, 43580, 82101, 7236, 66213, 19150, 43498, 97167, 33056, 15090, 69741, 22475, 63736, 40022, 9985, 83673, 81319, 60533, 33396, 15992, 7532, 76461, 8689, 56786, 79483, 22002, 40091, 90878, 83973, 66500, 9886, 85337, 11902, 25932, 29391, 23383, 47674, 52320, 88510, 15285, 41325, 55314, 60276, 27122, 19749, 84553, 32322, 93504, 22706, 1496, 53279, 62724, 86024, 39515, 37967, 6279, 84513, 36739, 84553, 14201, 72449, 24086, 1496, 66731, 62724, 86024, 37090, 30891, 9478, 49412, 84685, 9390, 61008, 8385, 61016, 93355, 79105, 74176, 67243, 97412, 67360, 8291, 58709, 67096, 22296, 46487, 89453, 80908, 77583, 38176, 66723, 78523, 38316, 38465, 99870, 9660, 22168]
Tree:
None

Fitness:
[0.9861401673640168, 0.5026075804157424]