Generation:
60

Phenotype:
def p():
  x = 0.0
  index = 42
  n = 13
  b = 37
  c = main[7]
  if opposite[24] < main[45] + 0:
    x = 0.9
  return x
XXX_output_XXX = p()

Genotype:
[61151, 87721, 12884, 58815, 72411, 83842, 73555, 14234, 61084, 12484, 74638, 73678, 94306, 95674, 76755, 34602, 71438, 67518, 49200, 35745, 58878, 56231, 75929, 6501, 19501, 75144, 58815, 76800, 96606, 23471, 88647, 7332, 44874, 13164, 7354, 67195, 62984, 19219, 16570, 55229, 26248, 31671, 66731, 62724, 60179, 5081, 53722, 9478, 49412, 84685, 9390, 61008, 8385, 61016, 93355, 79105, 74176, 67243, 97412, 67360, 8291, 58709, 67096, 22296, 46487, 89453, 80908, 77583, 38176, 66723, 78523, 38316, 38465, 99870, 9660, 22168]
Tree:
None

Fitness:
[0.9861401673640168, 0.5026075804157424]