Generation:
60

Phenotype:
def p():
  x = 0.0
  index = 44
  n = 31
  b = 19
  c = sum(opposite[-index:])
  if abs(sum(main[:-index]) - sum(opposite[-index:])) > 50:
    x = 0.8
  return x
XXX_output_XXX = p()

Genotype:
[34215, 52707, 1512, 50230, 47321, 1325, 1357, 40443, 6547, 9480, 29121, 78555, 40, 19150, 43498, 97167, 33056, 64270, 55565, 60687, 7532, 25448, 64954, 83673, 75608, 5070, 21765, 15217, 13944, 68803, 36739, 2937, 56383, 59102, 7354, 1496, 66731, 14261, 22374, 55540, 44308, 23261, 62299, 71920, 36411, 26350, 88510, 77135, 41325, 85732, 60276, 34602, 64329, 45274, 4232, 44510, 84075, 96264, 4050, 80156, 96411, 26818, 86665, 73058, 46423, 22157, 83602, 60325, 54204, 37419, 40633, 39668, 36629, 6060, 60718, 73651, 96761, 2124, 41667, 58310, 47551, 78661, 80202, 6996, 49651, 57919, 68402, 61828, 32235, 8116, 30561, 18617, 62226, 47422, 17735, 98684, 6496, 96487, 75117, 43957, 30678, 73526, 78347]
Tree:
None

Fitness:
[0.9869246861924686, 0.5024772372692158]