Generation:
60

Phenotype:
def p():
  x = 0.0
  index = 44
  n = 37
  b = 48
  c = sum(main[:-index])
  if abs(sum(main[:-index]) - sum(opposite[-index:])) > 50:
    x = 0.6
  index = 34
  n = 46
  b = 25
  c = sum(opposite[-index:])
  if c > sum(opposite[-index:]):
    x = (x / 0.1)
  return x
XXX_output_XXX = p()

Genotype:
[44706, 47267, 98261, 50230, 47321, 50572, 41551, 56036, 73947, 43580, 32694, 29256, 1845, 19150, 21732, 97167, 33056, 15090, 38310, 26355, 35864, 71482, 15385, 20345, 13765, 90640, 26851, 25258, 93870, 97335, 6780, 44952, 76486, 150, 27813, 25930, 42239, 88530, 75495, 76282, 73137, 83214, 75922, 98437, 52320, 88510, 33893, 41325, 85732, 60276, 25729, 66731, 87166, 56761, 31105, 33618, 3211, 80508, 51373, 7517, 56144, 19219, 16570, 55229, 26248, 29490, 42783, 28889, 54998, 97638, 33786, 26641, 87603, 62984, 90340, 16570, 37283, 26248, 12365, 28807, 88180, 23471, 8290, 7332, 44874, 13164, 58092, 17182, 62984, 19219, 16570, 55229, 26248, 12365, 30472, 23456, 74295, 39086, 34201, 30236, 20804, 51737, 26196, 48876, 8530, 62860, 6566, 60745, 6745, 53360, 91840, 69120, 49413, 77561, 73564, 99628, 91953, 98108, 9087, 78022, 28816, 40177, 64075, 59707, 37504, 6732, 74645, 48413, 52490, 12436, 82162, 81809, 89371, 19889, 12548, 13048, 78563, 57544, 32760, 29091, 60133, 4412, 82053, 94856, 73749, 77477, 55781, 96156, 645, 78760, 33678, 49860, 2619, 14825, 48080, 1138, 50163, 80040, 33119, 11078, 48589, 77406, 3211, 1605]
Tree:
None

Fitness:
[0.9869246861924686, 0.5024772372692158]