Generation:
60

Phenotype:
def p():
  x = 0.0
  index = 44
  n = 43
  b = 43
  c = opposite[9]
  if abs(sum(main[:-index]) - sum(opposite[-index:])) > 50:
    x = 0.2
  return x
XXX_output_XXX = p()

Genotype:
[90748, 57553, 33412, 50417, 47321, 6563, 11875, 43027, 43291, 24688, 15601, 41879, 1845, 19150, 81968, 71321, 6294, 15090, 55565, 66351, 75608, 5070, 21765, 15217, 7532, 84218, 8689, 29100, 79483, 37767, 21892, 2597, 53383, 1496, 56480, 62724, 86024, 33382, 53722, 50001, 24122, 6926, 28125, 64278, 69580, 56092, 20043, 37981, 37429, 47970, 17924, 29433, 57576, 71928, 25111, 85859, 20517, 43653, 54559, 96595, 23005, 2580, 50165, 19512, 39190, 5783, 25996, 9812, 58969, 71284, 78500, 73094, 38682, 98361, 51288, 85611, 17793, 17724, 18620, 52849]
Tree:
None

Fitness:
[0.9869246861924686, 0.5024772372692158]