Generation:
60

Phenotype:
def p():
  x = 0.0
  index = 44
  n = 43
  b = 36
  c = sum(main[:-index])
  if abs(sum(main[:-index]) - sum(opposite[-index:])) > 50:
    x = 0.2
  return x
XXX_output_XXX = p()

Genotype:
[85114, 77023, 45400, 50230, 47321, 27014, 11875, 22785, 53637, 74576, 88200, 32086, 51167, 19150, 11058, 51891, 33056, 15090, 55565, 60261, 89363, 85732, 42141, 73829, 81203, 39498, 1496, 66731, 5199, 86024, 31105, 42668, 35146, 80508, 45489, 99662, 56144, 19219, 16570, 55229, 8388, 12365, 51279, 2370, 38968, 27036, 83842, 12398, 61506, 12548, 32867, 64424, 23725, 32441, 64954, 60371, 1496, 66876, 62724, 40101, 5081, 59552, 36241, 69806, 33235, 86850, 7350, 48605, 17735, 14002, 38625, 29242, 28240, 75791, 57135, 17748, 93565, 97084, 35930, 72056, 86454, 64513, 65300, 98318, 66956, 37710, 94759, 62912, 64209, 97080, 55053, 46637, 65212, 18451, 1119, 57580, 43081, 73317, 31700, 29436, 59282, 40804, 28850, 24223, 48019, 3341, 69992, 64254, 8858, 57228, 94451, 63117, 80101, 84017, 16572, 86970, 35609, 54222, 31099, 63420, 39747, 4293, 78492, 13025, 92549, 46522, 72851, 12334, 61100, 94827, 39051, 76031, 46005, 86563, 66561, 45498, 70147, 80962, 45027, 43469, 89723, 55859, 31932, 9608, 74204, 1636, 12339, 74316, 11413, 47943, 27225, 4002]
Tree:
None

Fitness:
[0.9869246861924686, 0.5024772372692158]