Generation:
60

Phenotype:
def p():
  x = 0.0
  index = 8
  n = 6
  b = 16
  c = sum(main[:-index])
  if abs(sum(main[:-index]) - sum(opposite[-index:])) > 50:
    x = 0.8
  return x
XXX_output_XXX = p()

Genotype:
[85114, 67157, 56072, 17968, 95327, 76031, 6891, 93555, 10777, 86048, 52242, 23038, 1845, 19150, 77624, 44571, 33056, 15090, 55565, 60687, 82020, 71482, 69700, 27036, 89341, 80623, 66500, 34736, 92002, 36739, 24342, 16661, 58905, 24086, 1496, 66731, 62724, 86024, 31750, 17893, 73493, 18413, 70612, 36739, 84553, 14201, 64954, 24086, 1496, 66731, 62724, 86024, 5081, 15300, 97393, 63116, 59410, 7332, 28727, 80508, 58092, 17182, 56144, 19219, 16570, 55229, 26248, 19450, 4544, 27202, 87166, 62700, 31105, 7332, 44874, 5067, 58092, 17182, 56144, 19219, 16570, 55229, 26248, 19191, 61843, 52858, 88946, 66571, 63874, 91149, 33662, 83921, 9491, 65277, 7473, 72041, 63086, 74298, 7366, 5396, 29936, 37081, 90605, 5970, 17088, 52094, 64924, 32221, 75678, 55705, 98144, 71518, 29590, 39954, 50590, 89698, 82131, 60522, 99183, 85419, 29163, 37684, 72742, 22990, 34140, 12283, 73260, 35459, 25097, 2269]
Tree:
None

Fitness:
[0.9869246861924686, 0.5024772372692158]