Generation:
60

Phenotype:
def p():
  x = 0.0
  index = 12
  n = 28
  b = 24
  c = main[b]
  if abs(sum(main[-index:]) - sum(opposite[:-index])) > 50:
    x = 0.1
  return x
XXX_output_XXX = p()

Genotype:
[93233, 49846, 33412, 25682, 29490, 27577, 25324, 31852, 25932, 62299, 1936, 62060, 52320, 88510, 61416, 59605, 99620, 1845, 19150, 3017, 97167, 57792, 67985, 55565, 70257, 7532, 75857, 38417, 34388, 75608, 31670, 24447, 86282, 47344, 15438, 70612, 16327, 93998, 42902, 45163, 84553, 43504, 67765, 62760, 1496, 73595, 33412, 18625, 29490, 89635, 72639, 71047, 53363, 39785, 29505, 31750, 75471, 58838, 86202, 62792, 2416, 49907, 41740, 64954, 22706, 1496, 53279, 62724, 86024, 39515, 37967, 6279, 84513, 36739, 84553, 14201, 72449, 24086, 1496, 66731, 62724, 86024, 37090, 30891, 9478, 49412, 84685, 9390, 61008, 8385, 61016, 93355, 79105, 74176, 67243, 97412, 67360, 8291, 58709, 67096, 22296, 46487, 89453, 80908, 77583, 38176, 66723, 78523, 38316, 38465, 99870, 9660, 22168]
Tree:
None

Fitness:
[0.9869246861924686, 0.5024772372692158]