Generation:
60

Phenotype:
def p():
  x = 0.0
  index = 44
  n = 43
  b = 34
  c = sum(main[-index:])
  if abs(sum(main[:-index]) - sum(opposite[-index:])) > 50:
    x = 0.8
  index = 11
  n = 39
  b = 39
  c = opposite[41]
  if c > main[b]:
    x = (x - 0.2)
  return x
XXX_output_XXX = p()

Genotype:
[19896, 43647, 58713, 43452, 47321, 27014, 11875, 43027, 54808, 24282, 47481, 32086, 77928, 19150, 78438, 97167, 82844, 15090, 55565, 60687, 7532, 92022, 36527, 34388, 86739, 92249, 21765, 15217, 36787, 91559, 50378, 44952, 69028, 34417, 91564, 5637, 71921, 26656, 29490, 42783, 23708, 44308, 23261, 73522, 23383, 44369, 736, 38049, 51307, 72254, 66071, 38935, 74219, 13654, 66641, 32961, 64954, 24086, 25246, 66731, 62724, 60179, 57135, 53722, 4544, 49154, 74825, 41087, 20442, 50498, 37996, 91645, 4550, 41826, 11869, 63409, 87314, 30857, 37873, 43488, 25604, 62220, 55234, 24731, 15324, 9796, 97714, 97032, 14560, 80788, 50448, 22902, 88487, 36868, 86299, 50355, 21487, 76294, 40293, 36882, 4801, 12816, 25913, 18700, 1039, 54707, 40528, 16212, 68035, 15625, 28184, 64141, 27777, 37631, 30613, 94906, 20386, 83433, 9098, 14843, 9861, 91061, 88043, 7286, 40020, 5786, 94668, 66480, 27580, 55392, 33527, 5309, 8414, 4402, 74536, 38945, 45736, 93845, 60259, 78109, 82712, 27240, 75080, 33230, 72309, 95008, 64514, 95305, 70137, 87094, 79172, 46561, 77104, 19975, 72006, 84242, 4300, 44686, 91588, 50272, 58740, 66157, 62830, 35581, 94024, 12420, 74876, 646, 76153, 88046, 98794, 75753, 59661, 91722, 99552, 86381, 60550, 81925, 86319, 11683, 43051, 874, 27818, 19981, 91518, 83405, 69515, 87724, 75791, 57135, 17748, 93565, 97084, 35930, 72056, 86454, 64513, 65300, 17598, 46556, 37710, 94759, 62912, 64209, 97080, 70971, 80651, 78151, 18451, 1119, 57580, 43081, 73317, 31700, 29436, 59282, 40804, 28850, 27590, 48019, 3341, 69992, 64254, 8858, 57228, 85147, 63117, 80101, 84017, 16572, 86970, 97154, 83766, 31099, 63420, 39747, 4293, 39116, 13025, 92549, 46522, 72851, 12334, 61100, 70097, 72828, 76031, 12499, 86563, 91100, 99554, 70147, 80962, 45027, 43469, 89723, 55859, 31932, 9608, 74204, 1636, 12339, 47596, 11413, 47943, 27225, 4002]
Tree:
None

Fitness:
[0.9869246861924686, 0.5024772372692158]