Generation:
60

Phenotype:
def p():
  x = 0.0
  index = 44
  n = 41
  b = 38
  c = sum(main[:-index])
  if abs(sum(main[:-index]) - sum(opposite[-index:])) > 50:
    x = 0.7
  return x
XXX_output_XXX = p()

Genotype:
[13294, 82386, 47076, 15940, 51350, 28016, 82814, 65959, 69806, 8547, 67098, 57996, 13719, 48845, 59768, 87063, 7746, 28240, 29490, 86986, 5455, 83067, 23343, 51203, 77, 43182, 59950, 28430, 17132, 64954, 24086, 34736, 31780, 9450, 84553, 47395, 64954, 24086, 2201, 67773, 86024, 58661, 17995, 14405, 76485, 15871, 55378, 14201, 95674, 70246, 1496, 98437, 98503, 88510, 5407, 41325, 85732, 60276, 1185, 55279, 56144, 74651, 16570, 55229, 26248, 1496, 4744, 27981, 86024, 30221, 68008, 9478, 49412, 84685, 9390, 61008, 8385, 61016, 93355, 79105, 74176, 67243, 97412, 67360, 8291, 58709, 67096, 22296, 46487, 89453, 80908, 77583, 38176, 66723, 78523, 38316, 38465, 99870, 9660, 22168]
Tree:
None

Fitness:
[0.9869246861924686, 0.5024772372692158]