Generation:
60

Phenotype:
def p():
  x = 0.0
  index = 44
  n = 33
  b = 22
  c = sum(main[:-index])
  if abs(sum(main[:-index]) - sum(opposite[-index:])) > 50:
    x = 0.1
  return x
XXX_output_XXX = p()

Genotype:
[26348, 98667, 47924, 34662, 51350, 4783, 49401, 42359, 9253, 33235, 45795, 7350, 98401, 3895, 33820, 38625, 29242, 28240, 65915, 65910, 7709, 24086, 12423, 66731, 62724, 86024, 5081, 35920, 74387, 24450, 21765, 43222, 74342, 94567, 50378, 86159, 54091, 38085, 52394, 17655, 50789, 8588, 16722, 72756, 98622, 21596, 6849, 24233, 53723, 98200, 5014, 17342, 96867, 12884, 58815, 18361, 49422, 18005, 31105, 23309, 27709, 7102, 58092, 7517, 98567, 19219, 45624, 55229, 58784, 57902, 79755, 64954, 24086, 1496, 66731, 6069, 47385, 18462, 11822, 1496, 66731, 11827, 86024, 5081, 20457, 46464, 38437, 70737, 95370, 45458, 50404, 28748, 66715, 7332, 39928, 83081, 31108, 89344, 13675, 16570, 55229, 26248, 41530, 29508, 97537, 53057, 38682, 25458, 51288, 85611, 18458, 17724, 18620, 52849]
Tree:
None

Fitness:
[0.9869246861924686, 0.5024772372692158]