Generation:
60

Phenotype:
def p():
  x = 0.0
  index = 23
  n = 13
  b = 37
  c = main[7]
  if abs(sum(main) - sum(opposite)) > 10000:
    x = (x + 0.5)
  index = 44
  n = 3
  b = 14
  c = opposite[b]
  if abs(sum(main[:-index]) - sum(opposite[-index:])) > 50:
    x = 0.8
  return x
XXX_output_XXX = p()

Genotype:
[40289, 21854, 92601, 27036, 82541, 36610, 73555, 56527, 61084, 14973, 83104, 73678, 94306, 58065, 12835, 1496, 66731, 62724, 86024, 71506, 88427, 50225, 82878, 310, 25973, 13805, 32086, 1845, 19150, 91960, 57501, 33056, 15090, 55565, 60687, 7532, 71482, 39420, 77387, 84326, 88329, 69314, 15217, 10673, 41182, 53087, 53187, 83799, 960, 63971, 25930, 83498, 76727, 95351, 88440, 61320, 85231, 82082, 59948, 14229, 7448, 75010, 25275, 24191, 35380, 74126, 59592, 93076, 11338, 58400, 91367, 6116, 93917, 23261, 94697, 75922, 98437, 54139, 48328, 10197, 55793, 85732, 60276, 34602, 71438, 80508, 4232, 58684, 84075, 96264, 4050, 80156, 96411, 26818, 76896, 73058, 46423, 45104, 17720, 15727, 89084, 75280, 13799, 14178, 24593, 49414, 56761, 31105, 33618, 44087, 80508, 58092, 65582, 56144, 19219, 16570, 55229, 26248, 41530, 79755, 42032, 45943, 65826, 88059, 38194, 26160, 67711, 59263, 95022, 73486, 28428, 54119, 18122, 7943, 53328, 37776, 54060, 5027, 13335, 41918, 89960, 33935, 81236, 28112, 67483, 17968, 72262, 3205, 41140, 67582, 29581, 94836, 89705, 74650, 51424, 30253, 80233, 73753, 16114, 68173, 4905, 64202, 29670, 20441, 27434, 35264, 58613, 19980, 52571, 54082, 59716, 94347, 68720, 60745, 38411, 11433, 51939, 26205, 59382, 13667, 53914, 23972, 39236, 34701, 79642, 32423, 18109, 32043, 82255, 53740, 90293, 21701, 57551, 91898, 38717, 51287, 22165]
Tree:
None

Fitness:
[0.9869246861924686, 0.5024772372692158]