Generation:
60

Phenotype:
def p():
  x = 0.0
  index = 44
  n = 9
  b = 43
  c = sum(main[:-index])
  if abs(sum(main[:-index]) - sum(opposite[-index:])) > 50:
    x = (x + 1.0)
  return x
XXX_output_XXX = p()

Genotype:
[35280, 8341, 47924, 53065, 51350, 49620, 1539, 68282, 82918, 88600, 86850, 45898, 99999, 17735, 14002, 59899, 29242, 28240, 75791, 88009, 17748, 36739, 84553, 56383, 59102, 7354, 1496, 66731, 14261, 86024, 5081, 44308, 23261, 62299, 71920, 98437, 26350, 88510, 74309, 41325, 85732, 60276, 34602, 71438, 45274, 4232, 58684, 84075, 96264, 4050, 80156, 96411, 26818, 86665, 73058, 46423, 22157, 83602, 60325, 54204, 37419, 12928, 39668, 36629, 6060, 60718, 73651, 96761, 2124, 41667, 58310, 47551, 78661, 80202, 6996, 49651, 57919, 68402, 61828, 32235, 8116, 30561, 18617, 62226, 47422, 17735, 98684, 6496, 96487, 75117, 43957, 30678, 73526, 78347]
Tree:
None

Fitness:
[0.9869246861924686, 0.5024772372692158]