Generation:
60

Phenotype:
def p():
  x = 0.0
  index = 44
  n = 41
  b = 38
  c = sum(main[:-index])
  if abs(sum(main[:-index]) - sum(opposite[-index:])) > 50:
    x = 0.1
  return x
XXX_output_XXX = p()

Genotype:
[73369, 90175, 47924, 77834, 51350, 11430, 82814, 12762, 69806, 33235, 86850, 7350, 48605, 17735, 14002, 38625, 29242, 28240, 64790, 22900, 27036, 31750, 32587, 35743, 8178, 95367, 36739, 84553, 14201, 64954, 24086, 1496, 66731, 90327, 86024, 6556, 72908, 47929, 68401, 90734, 31358, 84641, 52828, 98798, 94535, 27577, 76909, 40163, 25932, 62299, 23383, 62060, 52320, 88510, 51307, 41325, 28082, 60276, 39349, 33412, 56617, 29490, 42783, 76909, 44308, 23261, 62299, 75922, 58544, 52320, 88510, 33893, 95605, 85732, 60276, 34602, 50958, 33412, 33661, 56886, 69194, 32238, 44308, 84921, 62299, 71920, 98437, 26350, 43066, 33893, 41325, 85732, 60276, 34602, 69593, 45274, 4232, 58684, 84075, 96264, 4050, 80156, 96411, 26818, 86665, 73058, 46423, 22157, 83602, 21772, 89084, 40829, 65053, 14178, 24593, 49414, 17092, 30472, 23456, 74295, 39086, 34201, 30236, 20804, 51737, 26196, 48876, 59768, 38625, 71748, 28240, 75791, 57135, 17748, 93565, 97084, 35930, 72056, 86454, 64513, 65300, 98318, 66956, 37710, 94759, 62912, 64209, 97080, 55053, 46637, 65212, 18451, 1119, 57580, 43081, 73317, 31700, 29436, 59282, 40804, 28850, 24223, 48019, 3341, 69992, 64254, 8858, 57228, 94451, 63117, 80101, 84017, 16572, 86970, 35609, 54222, 31099, 63420, 39747, 4293, 78492, 13025, 92549, 46522, 72851, 12334, 61100, 94827, 39051, 76031, 46005, 86563, 66561, 45498, 70147, 80962, 45027, 43469, 89723, 55859, 31932, 9608, 74204, 1636, 12339, 74316, 11413, 47943, 27225, 4002]
Tree:
None

Fitness:
[0.9869246861924686, 0.5024772372692158]