Generation:
60

Phenotype:
def p():
  x = 0.0
  index = 44
  n = 34
  b = 43
  c = sum(opposite[:-index])
  if abs(sum(main[:-index]) - sum(opposite[-index:])) > 50:
    x = 0.8
  return x
XXX_output_XXX = p()

Genotype:
[14456, 85162, 99352, 80407, 47321, 27014, 1360, 43027, 43291, 11252, 49131, 12021, 1845, 19150, 81968, 97167, 57792, 15090, 55565, 70257, 7532, 61625, 86323, 34388, 72886, 31670, 9236, 9275, 73493, 57443, 70612, 95923, 84553, 14201, 40504, 9906, 1496, 64395, 99189, 74452, 5081, 65609, 8321, 22212, 9246, 68371, 59473, 11500, 58544, 52320, 88510, 33893, 14721, 85732, 6860, 34602, 97793, 41461, 18023, 84553, 64317, 64954, 24086, 1496, 66731, 454, 86024, 58815, 80211, 88472, 65017, 85391, 87312, 93331, 80508, 58092, 47591, 56144, 19219, 16570, 55229, 71628, 19450, 85065, 62724, 86024, 85611, 5373, 17724, 18620, 52849]
Tree:
None

Fitness:
[0.9869246861924686, 0.5024772372692158]