Generation:
60

Phenotype:
def p():
  x = 0.0
  index = 44
  n = 11
  b = 37
  c = sum(main[:-index])
  if abs(sum(main[:-index]) - sum(opposite[-index:])) > 50:
    x = 0.5
  return x
XXX_output_XXX = p()

Genotype:
[47261, 52707, 29336, 50230, 47321, 1325, 42086, 40443, 93673, 43580, 29121, 7740, 51081, 19150, 90944, 77391, 33056, 38515, 55565, 75394, 52394, 2370, 38968, 27036, 69592, 53034, 85281, 80078, 18286, 72146, 31105, 7332, 97638, 33786, 26641, 87603, 62984, 52310, 16570, 55229, 98804, 50378, 86159, 54091, 75684, 52394, 17655, 19076, 8588, 95351, 72756, 85178, 21596, 29902, 24233, 51503, 98200, 59470, 34040, 56452, 17893, 70956, 98512, 2763, 7117, 84553, 14201, 64954, 24086, 1496, 66731, 55929, 86024, 30576, 69590, 826, 30684, 29661, 46836, 13853, 96875, 96424, 70502, 62178, 95800, 28836, 52348, 44671, 31667, 73900, 3535, 20176, 10122, 18122, 9737, 18920, 72203, 6309, 80341, 19686, 94022, 21595, 20849, 82702, 35244, 76680, 65041, 98870, 51647, 81004, 32497]
Tree:
None

Fitness:
[0.9869246861924686, 0.5024772372692158]