Generation:
60

Phenotype:
def p():
  x = 0.0
  index = 44
  n = 37
  b = 48
  c = sum(main[:-index])
  if abs(sum(main[:-index]) - sum(opposite[-index:])) > 50:
    x = 0.6
  index = 34
  n = 46
  b = 25
  c = sum(opposite[-index:])
  if c > sum(opposite[-index:]):
    x = (x / 0.1)
  return x
XXX_output_XXX = p()

Genotype:
[44706, 47267, 98261, 50230, 47321, 50572, 41551, 56036, 73947, 43580, 32694, 70436, 1845, 19150, 21732, 97167, 33056, 15090, 38310, 26355, 35864, 71482, 15385, 20345, 13765, 90640, 26851, 25258, 93870, 97335, 6780, 44952, 76486, 95478, 27813, 25930, 42239, 88530, 75495, 87630, 60445, 43066, 33893, 63111, 43653, 86940, 17223, 5186, 28781, 77361, 9897, 13262, 65910, 71066, 49012, 29956, 33661, 81501, 66010, 66178, 34013, 23261, 95967, 75922, 98437, 52320, 39176, 33893, 41325, 85732, 60276, 34602, 71438, 45274, 4232, 58684, 84075, 96264, 4050, 80156, 96411, 26818, 86665, 73058, 46423, 22157, 83602, 21772, 89084, 40829, 65053, 14178, 24593, 49414, 17092, 30472, 23456, 74295, 39086, 34201, 30236, 20804, 51737, 26196, 48876, 8530, 62860, 6566, 60745, 6745, 86868, 30060, 18718, 61213, 82934, 82323, 17090, 74715, 31095, 18169, 238, 12440, 88045, 78805, 37151, 84056, 52881, 33628, 73377, 47486, 22849, 95475, 54836, 99291, 10605, 60767, 85409, 35939, 565, 34442]
Tree:
None

Fitness:
[0.9869246861924686, 0.5024772372692158]