Generation:
60

Phenotype:
def p():
  x = 0.0
  index = 44
  n = 9
  b = 11
  c = main[b]
  if abs(sum(main[:-index]) - sum(opposite[-index:])) > 50:
    x = 0.9
  return x
XXX_output_XXX = p()

Genotype:
[65531, 98667, 47924, 13406, 51350, 4783, 85281, 9529, 78500, 84844, 78700, 85616, 29175, 37634, 36407, 59932, 19780, 77740, 40268, 35089, 23471, 6865, 10616, 44874, 59286, 58092, 27580, 62984, 60526, 16570, 55229, 26248, 12365, 71438, 45274, 4232, 58684, 84075, 96264, 4050, 80156, 97867, 71086, 95957, 73058, 46423, 22157, 19016, 21772, 89084, 40829, 81320, 24889, 24593, 49414, 17092, 30472, 23456, 74295, 39086, 34201, 30236, 20804, 51737, 26196, 48876, 8530, 62860, 6566, 60745, 6745, 86868, 30060, 18718, 61213, 82934, 82323, 17090, 74715, 31095, 18169, 238, 12440, 88045, 78805, 37151, 84056, 52881, 33628, 73377, 47486, 22849, 95475, 54836, 99291, 10605, 60767, 85409, 35939, 565, 34442]
Tree:
None

Fitness:
[0.9869246861924686, 0.5024772372692158]