Generation:
60

Phenotype:
def p():
  x = 0.0
  index = 9
  n = 35
  b = 43
  c = sum(main[:-index])
  if main[17] < opposite[b] + 3:
    x = 0.2
  return x
XXX_output_XXX = p()

Genotype:
[4832, 12189, 24020, 73013, 59730, 39197, 5543, 66154, 16363, 76485, 86970, 6990, 14201, 95674, 70246, 1496, 83553, 98503, 73450, 95211, 26293, 75608, 16006, 97680, 38125, 57301, 41182, 13657, 62724, 86024, 77001, 71847, 49926, 52354, 27331, 56164, 97134, 55162, 33007, 31735, 31105, 89682, 64100, 27036, 31750, 18130, 66500, 95599, 31294, 71626, 84553, 14201, 64954, 24086, 1496, 66731, 62724, 86024, 5081, 38305, 5653, 49412, 84685, 9390, 61008, 8385, 61016, 93355, 79105, 74176, 67243, 97412, 67360, 8291, 58709, 67096, 22296, 46487, 89453, 80908, 77583, 38176, 66723, 78523, 38316, 38465, 99870, 9660, 22168]
Tree:
None

Fitness:
[0.9874476987447699, 0.5009096345827324]