Generation:
60

Phenotype:
def p():
  x = 0.0
  index = 17
  n = 28
  b = 48
  c = opposite[b]
  if main[17] < opposite[45] + 4:
    x = (x + 1.0)
  return x
XXX_output_XXX = p()

Genotype:
[80003, 33899, 38968, 59815, 84167, 17893, 21958, 22702, 48855, 23966, 84553, 31229, 64954, 3790, 53210, 29823, 67773, 86024, 5081, 36909, 34736, 99652, 92717, 30451, 76909, 95385, 87709, 30615, 52132, 95674, 70246, 1496, 83553, 98503, 70016, 5407, 44920, 85732, 60276, 1185, 52076, 56144, 74651, 16570, 55229, 26248, 1496, 4744, 27981, 86024, 30221, 68008, 9478, 49412, 84685, 9390, 61008, 8385, 61016, 93355, 79105, 74176, 67243, 97412, 67360, 8291, 58709, 67096, 22296, 46487, 89453, 80908, 77583, 38176, 66723, 78523, 38316, 38465, 99870, 9660, 22168]
Tree:
None

Fitness:
[1.0, 0.5005226025607525]