Generation:
60

Phenotype:
def p():
  x = 0.0
  index = 29
  n = 42
  b = 44
  c = opposite[b] + opposite[23]
  if main[17] < opposite[20] + 4:
    x = (x + 0.8)
  return x
XXX_output_XXX = p()

Genotype:
[20379, 2370, 38968, 24592, 46796, 66070, 79755, 7836, 88784, 901, 53246, 84044, 32383, 9981, 68796, 3691, 25811, 14201, 11274, 87610, 1496, 16523, 4151, 86024, 9281, 46587, 93900, 63653, 53427, 36739, 84553, 93980, 64954, 3790, 53210, 66731, 67773, 86024, 5081, 63495, 9478, 26576, 45965, 77314, 2662, 29767, 26016, 984, 30645, 18728, 19893, 11413, 31144, 7010, 81344, 5465, 38391, 48941, 4355, 41643, 90107, 32926, 92839, 16123, 82675, 20770, 89665, 51978, 35841, 14308, 64780, 51187, 57973, 26739, 45391, 57411, 5610, 9407, 23203, 58901, 53247, 25310, 91114, 94492, 45709, 94782, 74481, 4551]
Tree:
None

Fitness:
[1.0, 0.5005226025607525]