Generation:
60

Phenotype:
def p():
  x = 0.0
  index = 21
  n = 43
  b = 37
  c = sum(main[-index:])
  if main[17] < opposite[45] + 4:
    x = (x + 0.7)
  return x
XXX_output_XXX = p()

Genotype:
[40289, 21854, 38968, 27036, 62394, 58552, 17893, 66500, 56647, 68803, 81456, 2702, 60138, 37029, 7354, 1496, 98219, 62724, 86024, 5081, 8696, 86531, 63116, 59410, 7332, 28727, 80508, 58092, 17182, 56144, 19219, 16570, 55229, 26248, 19450, 4544, 27202, 87166, 62700, 31105, 7332, 44874, 5067, 58092, 17182, 56144, 19219, 16570, 55229, 26248, 19191, 61843, 52858, 88946, 66571, 63874, 91149, 33662, 83921, 9491, 65277, 7473, 72041, 63086, 74298, 7366, 5396, 29936, 37081, 90605, 5970, 17088, 52094, 64924, 32221, 75678, 55705, 98144, 71518, 29590, 39954, 50590, 89698, 82131, 60522, 99183, 85419, 29163, 37684, 72742, 22990, 34140, 12283, 73260, 35459, 25097, 2269]
Tree:
None

Fitness:
[1.0, 0.5005226025607525]