Generation:
60

Phenotype:
def p():
  x = 0.0
  index = 30
  n = 33
  b = 29
  c = sum(opposite[:-index])
  if main[1] < opposite[45] + 9:
    x = 0.9
  return x
XXX_output_XXX = p()

Genotype:
[72033, 40113, 12884, 57575, 37209, 7685, 94587, 62268, 14615, 59843, 89433, 84553, 78043, 64954, 41334, 25246, 66731, 62724, 60179, 57135, 64818, 15217, 13944, 12475, 50378, 44952, 83799, 78568, 69557, 25930, 96854, 51193, 7685, 89700, 61005, 63239, 78835, 3984, 12329, 29044, 70604, 76510, 25246, 66731, 62724, 60179, 14560, 2881, 76909, 13337, 95947, 50652, 75922, 95225, 52320, 88510, 33893, 41325, 85732, 62065, 62299, 75922, 95225, 52320, 88510, 33893, 41325, 85732, 62065, 66731, 62724, 86024, 5081, 53722, 36168, 31105, 7332, 44874, 13164, 58092, 17182, 62984, 19219, 16570, 55229, 26248, 12365, 61482, 81004, 59596, 27706, 87009, 57191, 64800, 76263, 53058, 38884, 65173, 88655]
Tree:
None

Fitness:
[1.0, 0.5005226025607525]