Generation:
60

Phenotype:
def p():
  x = 0.0
  index = 16
  n = 21
  b = 21
  c = main[b]
  if main[17] < opposite[45] + 4:
    x = 0.1
  return x
XXX_output_XXX = p()

Genotype:
[69670, 11202, 38968, 87309, 27760, 26607, 64485, 4771, 19656, 30139, 84553, 67020, 64954, 24086, 1496, 66731, 62724, 86024, 58815, 86940, 82802, 15855, 28781, 77361, 89749, 29822, 65910, 54706, 49012, 29956, 99206, 15321, 69986, 69730, 45169, 77412, 3535, 13942, 10122, 62708, 9737, 18920, 75922, 70340, 52320, 7986, 40407, 41325, 85732, 15776, 89453, 56475, 55565, 60687, 53722, 49569, 96609, 52927, 68004, 91227, 53845, 5041, 47331, 36110, 16272, 16916, 26654, 66803, 55903, 52255, 99026, 99306, 46720, 33497, 48002, 85967, 97425, 62683]
Tree:
None

Fitness:
[1.0, 0.5005226025607525]