Generation:
60

Phenotype:
def p():
  x = 0.0
  index = 42
  n = 49
  b = 5
  c = opposite[39]
  if opposite[b] < main[25] + 5:
    x = (x - 0.2)
  return x
XXX_output_XXX = p()

Genotype:
[51820, 94348, 12884, 97766, 28398, 92679, 21010, 29542, 23261, 81081, 75922, 19047, 18654, 86024, 5081, 53722, 37714, 98155, 94567, 91261, 24623, 31686, 65959, 4451, 8547, 6961, 7350, 74258, 48845, 59768, 38625, 32284, 28240, 53490, 10272, 88510, 33893, 41325, 85732, 60276, 34602, 65651, 13470, 60693, 23328, 41041, 98394, 36587, 95685, 47619, 69237, 78220, 74721, 15838, 60429, 34129, 60788, 90939, 40201, 44924, 24104, 40772, 7383, 37792, 61261, 82213, 45661, 7989, 87187, 42222, 9139, 85918, 42173, 1113, 70648, 591, 83810, 63824, 30027, 93473, 37719, 4183, 88349, 8407, 89044, 64956, 32660, 48919, 31365, 25063, 29438, 13298, 26471, 38776, 7537, 96243, 60332, 21811, 60036, 45594, 2870, 41587, 44453, 9904, 35599, 69607, 74475, 74594, 94084, 46957, 93698, 40310, 43514]
Tree:
None

Fitness:
[0.8961820083682008, 0.5057079365070688]