Generation:
60

Phenotype:
def p():
  x = 0.0
  index = 48
  n = 43
  b = 7
  c = main[b]
  if main[17] < opposite[45] + 4:
    x = (x + 0.4)
  return x
XXX_output_XXX = p()

Genotype:
[22521, 73939, 38968, 27036, 41970, 83794, 29674, 79246, 46468, 34950, 84553, 15076, 64954, 794, 1496, 66731, 62724, 86024, 5081, 68813, 62088, 85732, 60276, 34602, 71438, 45274, 4232, 58684, 84075, 96264, 4050, 80156, 96411, 26818, 86665, 73058, 46423, 22157, 83602, 21772, 89084, 40829, 65053, 14178, 24593, 49414, 17092, 30472, 23456, 74295, 39086, 34201, 30236, 20804, 51737, 26196, 48876, 8530, 62860, 6566, 60745, 6745, 86868, 30060, 18718, 61213, 82934, 82323, 17090, 74715, 31095, 18169, 238, 12440, 88045, 78805, 37151, 84056, 52881, 33628, 73377, 47486, 22849, 95475, 54836, 99291, 10605, 60767, 85409, 35939, 565, 34442]
Tree:
None

Fitness:
[1.0, 0.5005226025607525]