Generation:
60

Phenotype:
def p():
  x = 0.0
  index = 15
  n = 33
  b = 37
  c = sum(opposite[:-index])
  if main[17] < opposite[45] + 4:
    x = 0.8
  return x
XXX_output_XXX = p()

Genotype:
[71018, 72811, 12884, 14898, 10011, 75721, 8295, 66500, 47671, 76063, 51582, 68163, 14201, 64954, 24086, 1496, 63731, 62724, 86024, 78315, 2777, 63111, 39542, 86940, 9810, 23848, 28781, 77361, 4228, 13262, 65910, 71066, 11662, 79058, 33661, 29490, 1845, 19150, 43498, 97167, 33056, 64270, 55565, 95214, 11433, 15510, 65123, 7517, 8069, 27515, 16570, 55229, 26248, 24086, 62597, 26248, 41530, 79755, 23868, 45943, 65826, 88059, 38194, 26160, 67711, 59263, 95022, 73486, 28428, 54119, 18122, 7943, 53328, 37776, 54060, 5027, 13335, 41918, 89960, 33935, 81236, 28112, 67483, 17968, 72262, 3205, 41140, 67582, 29581, 94836, 89705, 74650, 51424, 30253, 80233, 73753, 16114, 68173, 4905, 64202, 29670, 20441, 27434, 35264, 58613, 19980, 52571, 54082, 59716, 94347, 68720, 60745, 38411, 11433, 51939, 26205, 59382, 13667, 53914, 23972, 39236, 34701, 79642, 32423, 18109, 32043, 82255, 53740, 90293, 21701, 57551, 91898, 38717, 51287, 22165]
Tree:
None

Fitness:
[1.0, 0.5005226025607525]