Generation:
60

Phenotype:
def p():
  x = 0.0
  index = 42
  n = 0
  b = 4
  c = opposite[b]
  if main[17] < opposite[45] + 5:
    x = (x + 0.3)
  return x
XXX_output_XXX = p()

Genotype:
[63352, 24507, 38968, 49114, 33141, 17893, 36210, 34736, 7960, 71583, 46759, 14201, 95674, 70246, 1496, 66731, 62724, 99145, 68796, 59552, 63238, 23471, 46274, 7332, 71151, 7661, 94159, 79795, 62984, 19219, 9450, 84553, 14201, 64954, 24086, 1496, 66731, 20394, 78735, 56231, 92639, 55550, 33791, 5113, 86161, 75491, 26628, 10369, 51434, 59457, 37154, 56747, 29296, 32257, 31862, 92700, 45224, 35634, 6223, 99165, 99182, 29777, 85293, 49264, 38796, 35403, 56806, 24702, 29903, 8513, 86971, 11018, 15946, 60783, 33711, 30779, 95630, 9914, 69593, 20971, 90582, 13135, 26149, 47323, 75128, 48461, 35449, 81268, 51660, 23058, 13315, 58563, 6196, 44322, 30859, 90808, 60887, 19460, 51928, 74240, 26670, 30044, 71177, 46050, 80529, 86420, 16868, 27064, 69865, 73487, 40931, 40947, 33753, 8583, 25960, 11200, 74400, 81236, 31386, 93561, 94856, 41858, 84116, 35562, 40797, 94056, 71265, 64152, 65429, 93071, 65232, 62111, 68829, 68321, 23776, 40793, 27051, 63677, 89380, 10066, 30110, 59011, 4542, 24085, 9807, 22471, 62505, 51910, 67805, 63791, 93622, 26102, 45302, 93870, 86870, 45256, 67069, 42469, 22214, 97677, 8744, 40812, 54458, 94969, 25895, 2080, 43856, 98267, 39540, 71009, 71216, 73717, 13825, 78114, 83532, 90010, 32660, 12800, 94854, 80309, 69543]
Tree:
None

Fitness:
[1.0, 0.5005226025607525]