Generation:
60

Phenotype:
def p():
  x = 0.0
  index = 28
  n = 45
  b = 37
  c = opposite[b]
  if main[17] < opposite[45] + 4:
    x = (x + 0.1)
  return x
XXX_output_XXX = p()

Genotype:
[30752, 2370, 38968, 67920, 31750, 74079, 19527, 30125, 15592, 36739, 84553, 14201, 64954, 24086, 1496, 66731, 62724, 86024, 5081, 97890, 68874, 1916, 46796, 66070, 79755, 7836, 88784, 901, 53246, 84044, 32383, 9981, 68796, 3691, 25811, 14201, 11274, 87610, 1496, 16523, 4151, 86024, 9281, 27981, 51300, 5081, 25661, 80706, 9478, 49412, 84685, 9390, 61008, 8385, 61016, 93355, 79105, 74176, 67243, 97412, 67360, 8291, 58709, 67096, 22296, 46487, 89453, 80908, 77583, 38176, 66723, 78523, 38316, 38465, 99870, 9660, 22168]
Tree:
None

Fitness:
[1.0, 0.5005226025607525]