Generation:
60

Phenotype:
def p():
  x = 0.0
  index = 18
  n = 44
  b = 46
  c = sum(opposite[:-index])
  if main[24] < opposite[45] + 0:
    x = (x - 0.6)
  index = 34
  n = 9
  b = 38
  c = main[31]
  if c > main[6]:
    x = (x / 0.6)
  return x
XXX_output_XXX = p()

Genotype:
[53020, 60591, 58057, 64928, 24957, 48143, 76442, 18853, 73690, 32491, 89433, 84553, 41773, 64954, 24086, 61122, 65199, 62724, 47210, 26632, 95815, 9732, 68861, 97138, 62984, 3936, 62724, 86024, 10832, 53722, 9478, 98155, 94567, 95792, 29608, 85326, 95478, 55914, 80545, 763, 76727, 95351, 72756, 61320, 21596, 14552, 24233, 96835, 98200, 62769, 37817, 90233, 70641, 8712, 4841, 985, 28197, 90206, 36775, 62736, 84970, 34734, 10759, 35935, 65246, 86625, 28834, 29997, 70656, 71035, 23116, 43020, 18699, 50484, 1947, 53419, 17353, 91643, 21165, 5710, 51400, 2704, 93070, 68080, 47201, 6453, 3868, 32712, 31303, 83451, 9082, 33600, 47360, 90568, 45153, 4884, 63004, 39586, 50778, 45560, 42602, 17907, 63294, 87210, 74135, 80126, 29533, 86639, 65093, 38651, 46629, 1969, 12541, 515, 34394, 90867, 3894, 17297, 67916, 76578, 56825, 12771, 47044, 61591, 72736, 69678, 62023, 71106, 86245, 51300, 37467, 97609, 85874, 30859, 76039, 71767, 42632, 65114, 97978, 81077, 81756, 78498, 88545, 60139, 33739, 13445, 41150, 77183, 3917, 29609, 62219, 85199, 3069, 14112, 88468, 58451, 34012, 18452, 76769, 21029, 63929, 42080, 50280, 43104, 64896, 14509, 49089, 32128, 65467, 4582, 11533, 54658, 82119, 99012, 26517, 97850, 72069, 61572, 10037, 29642, 24595, 58836, 41943, 35264, 87689, 70710, 10747, 67628, 63568, 76843, 53155, 37189, 27854, 28092, 51195, 15916, 42846, 13228, 76570, 78782, 65144, 12653, 68770, 80991, 90350, 18575, 31604, 65988, 28038, 43809, 82716, 33135, 38712, 51020, 25788, 85335, 65938, 76012, 87406, 64205, 53945, 14006, 18556, 91407, 94479, 1601, 31293, 68448, 89007, 66932, 63514, 5601, 92600, 77414, 57715, 97679, 64423, 44184, 99429, 51828, 79792, 92962, 35431, 34859, 81223, 37237, 93993, 83720, 93557]
Tree:
None

Fitness:
[1.0, 0.5005226025607525]