Generation:
60

Phenotype:
def p():
  x = 0.0
  index = 34
  n = 42
  b = 2
  c = sum(main[-index:])
  if main[27] < opposite[45] + 9:
    x = (x + 0.9)
  return x
XXX_output_XXX = p()

Genotype:
[54457, 39090, 12884, 2269, 65773, 7685, 89700, 27211, 23768, 99703, 72855, 89844, 73380, 64954, 24086, 5229, 66731, 62724, 60179, 77361, 4228, 22127, 65910, 9240, 41808, 29956, 3487, 41580, 13853, 96875, 96424, 70502, 62178, 73414, 28836, 76674, 44671, 31667, 73900, 3535, 31522, 10122, 18122, 9737, 27036, 83842, 17893, 66500, 12548, 70830, 2662, 84553, 14201, 64954, 39498, 1496, 66731, 62724, 86024, 45220, 59552, 9478, 49412, 84685, 9390, 61008, 8385, 61016, 93355, 79105, 74176, 67243, 97412, 67360, 8291, 58709, 67096, 22296, 46487, 89453, 80908, 77583, 38176, 66723, 78523, 38316, 38465, 99870, 9660, 22168]
Tree:
None

Fitness:
[1.0, 0.5005226025607525]