Generation:
60

Phenotype:
def p():
  x = 0.0
  index = 29
  n = 48
  b = 44
  c = opposite[b] + opposite[23]
  if main[17] < opposite[20] + 4:
    x = (x + 0.2)
  return x
XXX_output_XXX = p()

Genotype:
[20379, 2370, 38968, 96529, 46796, 59518, 34983, 7836, 88784, 901, 53246, 84044, 32383, 9981, 68796, 3691, 25811, 14201, 11274, 87610, 1496, 16523, 4151, 86024, 9281, 27981, 51300, 58324, 99328, 53180, 77248, 33893, 63279, 28082, 60276, 88679, 35465, 89408, 75060, 58876, 33893, 41325, 38812, 5811, 33211, 28331, 87166, 23471, 31105, 7332, 44874, 33786, 58092, 87603, 62984, 19219, 16570, 55229, 26248, 12365, 45862, 77187, 19219, 16570, 55229, 26248, 12365, 24086, 1496, 46231, 62724, 86024, 5081, 59552, 9478, 49412, 84685, 9390, 61008, 8385, 61016, 93355, 79105, 74176, 67243, 97412, 67360, 8291, 58709, 67096, 22296, 46487, 89453, 80908, 77583, 38176, 66723, 78523, 38316, 38465, 99870, 9660, 22168]
Tree:
None

Fitness:
[1.0, 0.5005226025607525]