Generation:
60

Phenotype:
def p():
  x = 0.0
  index = 39
  n = 45
  b = 2
  c = sum(opposite[-index:])
  if main[1] < opposite[6] + 9:
    x = (x + 0.7)
  return x
XXX_output_XXX = p()

Genotype:
[15469, 19449, 12884, 53934, 49203, 7685, 31053, 4745, 90068, 36050, 89433, 57019, 46018, 64954, 58750, 25246, 66731, 74823, 60179, 98001, 29966, 11989, 21603, 66731, 62724, 99145, 8325, 59552, 58841, 49012, 29956, 33661, 29490, 42783, 66178, 34013, 23261, 62299, 75922, 98437, 52320, 88510, 33893, 41325, 85732, 60276, 34602, 71438, 45274, 4232, 58684, 84075, 96264, 4050, 80156, 96411, 26818, 86665, 73058, 46423, 22157, 83602, 21772, 89084, 40829, 65053, 14178, 24593, 49414, 17092, 30472, 23456, 74295, 39086, 34201, 30236, 20804, 51737, 26196, 48876, 8530, 62860, 6566, 60745, 6745, 86868, 30060, 18718, 61213, 82934, 82323, 17090, 74715, 31095, 18169, 238, 12440, 88045, 78805, 37151, 84056, 52881, 33628, 73377, 47486, 22849, 95475, 54836, 99291, 10605, 60767, 85409, 35939, 565, 34442]
Tree:
None

Fitness:
[1.0, 0.5005226025607525]