Generation:
60

Phenotype:
def p():
  x = 0.0
  index = 15
  n = 50
  b = 36
  c = main[24] - opposite[22]
  if main[17] < opposite[45] + 5:
    x = (x + 0.8)
  return x
XXX_output_XXX = p()

Genotype:
[58987, 18355, 38968, 58164, 7206, 89174, 67268, 74689, 43182, 21726, 99350, 20604, 64954, 24086, 38274, 49293, 59452, 58719, 46585, 64954, 24086, 1496, 66731, 20394, 78735, 37396, 29947, 68416, 64954, 90154, 1496, 66731, 62724, 86024, 5081, 53722, 90273, 38968, 27036, 10711, 83794, 66500, 79246, 46468, 34950, 84553, 14201, 64954, 43934, 1496, 66731, 62724, 86024, 5081, 68813, 2076, 85732, 60276, 34602, 71438, 45274, 4232, 58684, 84075, 96264, 4050, 80156, 96411, 26818, 86665, 73058, 46423, 22157, 83602, 21772, 89084, 40829, 65053, 14178, 24593, 49414, 17092, 30472, 23456, 74295, 39086, 34201, 30236, 20804, 51737, 26196, 48876, 8530, 62860, 6566, 60745, 6745, 86868, 30060, 18718, 61213, 82934, 82323, 17090, 74715, 31095, 18169, 238, 12440, 88045, 78805, 37151, 84056, 52881, 33628, 73377, 47486, 22849, 95475, 54836, 99291, 10605, 60767, 85409, 35939, 565, 34442]
Tree:
None

Fitness:
[1.0, 0.5005226025607525]