Generation:
60

Phenotype:
def p():
  x = 0.0
  index = 17
  n = 21
  b = 27
  c = opposite[b]
  if main[17] < opposite[45] + 4:
    x = (x + 0.5)
  return x
XXX_output_XXX = p()

Genotype:
[48303, 43093, 38968, 31809, 40766, 70206, 64485, 46720, 45162, 62992, 84553, 9469, 64954, 24086, 1496, 66731, 62724, 86024, 69036, 94774, 12966, 85165, 72779, 49701, 1507, 18557, 64954, 9906, 6689, 29113, 19474, 86024, 89422, 15300, 55229, 88427, 85210, 51795, 53637, 39285, 5973, 32086, 1845, 19150, 41202, 97167, 45918, 15090, 95615, 2370, 38968, 70703, 85084, 5081, 53722, 16128, 98155, 94567, 19594, 33412, 3843, 63111, 43653, 38076, 20440, 23005, 47387, 77361, 4228, 13262, 65910, 71066, 49012, 66742, 1496, 66731, 62724, 86024, 5081, 59552, 9478, 49412, 84685, 9390, 61008, 8385, 61016, 93355, 79105, 74176, 67243, 97412, 67360, 8291, 58709, 67096, 22296, 46487, 89453, 80908, 77583, 38176, 66723, 78523, 38316, 38465, 99870, 9660, 22168]
Tree:
None

Fitness:
[1.0, 0.5005226025607525]