Generation:
60

Phenotype:
def p():
  x = 0.0
  index = 2
  n = 27
  b = 5
  c = main[23]
  if main[17] < opposite[7] + 4:
    x = 0.6
  return x
XXX_output_XXX = p()

Genotype:
[71018, 84602, 12884, 14898, 5714, 75721, 66021, 83941, 34736, 11471, 92308, 85314, 14201, 64954, 24086, 1496, 63731, 79261, 77324, 7430, 50555, 99314, 84865, 65017, 31105, 7332, 28727, 80508, 58092, 17182, 56144, 19219, 16570, 55229, 26248, 19450, 4544, 53246, 87166, 62700, 31105, 7332, 44874, 5067, 58092, 17182, 56144, 19219, 16570, 55229, 26248, 19191, 61843, 52858, 88946, 66571, 63874, 91149, 33662, 83921, 9491, 65277, 7473, 72041, 63086, 74298, 7366, 5396, 29936, 37081, 90605, 5970, 17088, 52094, 64924, 32221, 75678, 55705, 98144, 71518, 29590, 39954, 50590, 89698, 82131, 60522, 99183, 85419, 29163, 37684, 72742, 22990, 34140, 12283, 73260, 35459, 25097, 2269]
Tree:
None

Fitness:
[1.0, 0.5005226025607525]