Generation:
60

Phenotype:
def p():
  x = 0.0
  index = 19
  n = 43
  b = 28
  c = opposite[b]
  if main[b] > opposite[b] + 3:
    x = (x - 0.7)
  return x
XXX_output_XXX = p()

Genotype:
[6462, 84133, 50784, 78469, 2977, 75124, 68842, 54905, 19612, 71626, 76240, 39957, 38968, 48896, 33141, 17893, 91717, 34736, 76408, 29490, 35094, 36364, 109, 70891, 95136, 67540, 98437, 18553, 11716, 76045, 62349, 98437, 52320, 14831, 40085, 62349, 85732, 11741, 20941, 53467, 17893, 84964, 34736, 46304, 36739, 84553, 14201, 64954, 24086, 1496, 66731, 62724, 86024, 30576, 69590, 46660, 4415, 77340, 31200, 7640, 22717, 1850, 15436, 88550, 91570, 80274, 4440, 14048, 43258, 38412, 50489, 88080, 93096, 66702, 54552, 64705, 53847, 67751, 53439, 8692, 93400, 74832, 28273]
Tree:
None

Fitness:
[1.0, 0.5005226025607525]