Generation:
60

Phenotype:
def p():
  x = 0.0
  index = 24
  n = 4
  b = 6
  c = opposite[b]
  if main[17] < opposite[45] + 4:
    x = 0.1
  return x
XXX_output_XXX = p()

Genotype:
[63352, 13299, 38968, 27036, 37713, 17893, 18721, 14984, 23721, 92939, 78043, 14201, 39304, 24086, 1496, 66731, 62724, 86024, 410, 5070, 21765, 15217, 7532, 84218, 8689, 29100, 79483, 37767, 21892, 2597, 53383, 1496, 56480, 62724, 86024, 33382, 53722, 50001, 24122, 6926, 28125, 64278, 69580, 56092, 20043, 37981, 37429, 47970, 17924, 29433, 57576, 71928, 25111, 85859, 20517, 43653, 54559, 96595, 23005, 2580, 50165, 19512, 39190, 5783, 25996, 9812, 58969, 71284, 78500, 73094, 38682, 98361, 51288, 85611, 17793, 17724, 18620, 52849]
Tree:
None

Fitness:
[1.0, 0.5005226025607525]