Generation:
60

Phenotype:
def p():
  x = 0.0
  index = 8
  n = 18
  b = 46
  c = sum(main[:-index])
  if main[17] < opposite[45] + 5:
    x = 0.9
  return x
XXX_output_XXX = p()

Genotype:
[1806, 78497, 60400, 57882, 3119, 45641, 24804, 58713, 59563, 23807, 14661, 85502, 45869, 64954, 24086, 1496, 66731, 20394, 78735, 69460, 91308, 67773, 86024, 58661, 17995, 14405, 76485, 15871, 55378, 14201, 95674, 70246, 1496, 98437, 98503, 88510, 5407, 41325, 85732, 60276, 1185, 55279, 56144, 74651, 16570, 55229, 26248, 1496, 4744, 27981, 86024, 30221, 68008, 9478, 49412, 84685, 9390, 61008, 8385, 61016, 93355, 79105, 74176, 67243, 97412, 67360, 8291, 58709, 67096, 22296, 46487, 89453, 80908, 77583, 38176, 66723, 78523, 38316, 38465, 99870, 9660, 22168]
Tree:
None

Fitness:
[1.0, 0.5005226025607525]