Generation:
60

Phenotype:
def p():
  x = 0.0
  index = 47
  n = 4
  b = 22
  c = main[b]
  if main[17] < opposite[45] + 4:
    x = (x + 0.8)
  return x
XXX_output_XXX = p()

Genotype:
[63352, 2370, 38968, 39573, 11012, 96474, 10663, 915, 63466, 94804, 78847, 77428, 64954, 80918, 1496, 66731, 62724, 86024, 8926, 64177, 62496, 52320, 88510, 13648, 41325, 0, 60276, 67150, 5821, 73021, 58862, 94567, 50378, 86159, 54091, 75684, 52394, 17655, 79285, 8588, 95351, 72756, 85178, 21596, 29902, 11879, 21637, 57624, 2226, 91516, 1185, 11744, 88428, 3821, 19998, 19262, 3150, 80717, 99284, 5344, 66930, 27661, 21412, 71191, 64040, 32932, 43806, 88210, 96484, 92515, 31947, 37765, 26576, 45965, 77314, 2662, 29767, 26016, 984, 30645, 18728, 19893, 11413, 31144, 7010, 81344, 5465, 38391, 48941, 4355, 41643, 90107, 32926, 92839, 16123, 82675, 20770, 89665, 51978, 35841, 14308, 64780, 51187, 57973, 26739, 45391, 57411, 5610, 9407, 23203, 58901, 53247, 25310, 91114, 94492, 45709, 94782, 74481, 4551]
Tree:
None

Fitness:
[1.0, 0.5005226025607525]