Generation:
60

Phenotype:
def p():
  x = 0.0
  index = 12
  n = 1
  b = 5
  c = sum(main[-index:])
  if opposite[b] < main[12] + 5:
    x = (x - 0.9)
  return x
XXX_output_XXX = p()

Genotype:
[62197, 43507, 33412, 69600, 29490, 92679, 76909, 34013, 23261, 80568, 11562, 15442, 62724, 86024, 5081, 46006, 16128, 98155, 94567, 50378, 86159, 54091, 75684, 52394, 17655, 19076, 8588, 95351, 72756, 85178, 21596, 29902, 24233, 51503, 98200, 59470, 34040, 56452, 17893, 70956, 98512, 2763, 7117, 84553, 14201, 64954, 24086, 1496, 66731, 55929, 86024, 30576, 69590, 826, 30684, 29661, 46836, 13853, 96875, 96424, 70502, 62178, 95800, 28836, 52348, 44671, 31667, 73900, 3535, 20176, 10122, 18122, 9737, 18920, 72203, 6309, 80341, 19686, 94022, 21595, 20849, 82702, 35244, 76680, 65041, 98870, 51647, 81004, 32497]
Tree:
None

Fitness:
[0.8961820083682008, 0.5057079365070688]