Generation:
60

Phenotype:
def p():
  x = 0.0
  index = 12
  n = 47
  b = 4
  c = sum(opposite[-index:])
  if main[b] < opposite[32] + 4:
    x = (x + 0.9)
  return x
XXX_output_XXX = p()

Genotype:
[23162, 26135, 12808, 27036, 68709, 49923, 66500, 10779, 68803, 36739, 2937, 3441, 59102, 44109, 1496, 66731, 14261, 86024, 5081, 44308, 23261, 62299, 71920, 98437, 26350, 88510, 74309, 41325, 85732, 60276, 34602, 71438, 45274, 4232, 58684, 84075, 96264, 4050, 80156, 96411, 26818, 86665, 73058, 46423, 22157, 83602, 60325, 54204, 37419, 12928, 39668, 36629, 6060, 60718, 73651, 96761, 2124, 41667, 58310, 47551, 78661, 80202, 6996, 49651, 57919, 68402, 61828, 32235, 8116, 30561, 18617, 62226, 47422, 17735, 98684, 6496, 96487, 75117, 43957, 30678, 73526, 78347]
Tree:
None

Fitness:
[1.0, 0.5005226025607525]