Generation:
60

Phenotype:
def p():
  x = 0.0
  index = 49
  n = 2
  b = 12
  c = opposite[b]
  if main[17] < opposite[45] + 4:
    x = (x + 0.8)
  return x
XXX_output_XXX = p()

Genotype:
[93143, 65027, 38968, 27036, 83842, 22629, 58499, 83709, 89466, 36739, 84553, 14201, 22799, 84114, 1496, 76275, 67773, 86024, 5081, 68787, 41427, 33618, 98980, 73726, 14893, 7517, 56144, 86974, 16570, 55229, 26248, 12365, 3845, 54998, 70786, 87098, 65581, 67541, 92901, 13787, 54204, 67750, 53544, 48781, 66616, 30091, 70960, 69907, 87811, 93675, 84958, 26022, 99883, 99627, 60869, 56213, 27144, 10187, 37143, 16969, 94054, 42004, 61606, 25752, 98536, 78081, 91227, 99283, 17386, 41769, 48747, 90630, 5210, 14114, 85684, 35538, 65127, 93985, 92264, 72763, 82870, 41728, 19803, 97527, 20487, 17602, 70954, 26460, 11978, 41776, 18501, 15901, 42125, 2544, 6960, 80240, 37747, 85081, 49208, 41151, 1463, 8002, 54721, 14845, 81912, 35326, 62400, 10570, 29153, 47898, 15678, 21802, 54009, 72189, 19500, 77298, 53128, 30135, 25424, 67795, 15403, 65535, 87742, 73417, 36605, 95481, 30550, 94749, 347, 95436, 3421, 29153, 2719, 41472, 92097, 46058, 62550, 93633, 24221, 54063, 5912, 82947, 36038, 49579, 72835, 54533, 32628, 91996, 39440, 51531, 36120, 6292, 69368, 64108, 62503, 53122, 79896, 39561, 59595, 88813, 73562, 57065, 73662, 56591, 88906, 19612, 45811, 96655, 55788, 98594, 20042, 35243, 47493, 8228, 49350, 58649, 78012, 22709, 66999, 41753, 83665, 48376, 34247, 78824, 91339, 51257, 65981, 3433, 79148, 71690, 43468, 65958, 30231, 86856, 50669, 30524, 73580, 19492, 85806, 54377, 80711, 32915, 42932, 44770, 58356, 34346, 94291, 84045, 95928, 49785, 41840, 63520, 89291, 22744, 57743, 76828, 21594, 92057, 88861, 67122, 81263, 92885, 89760, 41769, 93781, 15603, 46005, 47283, 71904, 94600, 2510, 79803, 58764, 5598, 38365, 48934, 35675, 72510, 61181, 32080, 37514, 53183]
Tree:
None

Fitness:
[1.0, 0.5005226025607525]