Generation:
60

Phenotype:
def p():
  x = 0.0
  index = 49
  n = 7
  b = 29
  c = sum(opposite[:-index])
  if main[30] < opposite[45] + 4:
    x = (x + 0.6)
  return x
XXX_output_XXX = p()

Genotype:
[63352, 24456, 38968, 92351, 83842, 43619, 21121, 19445, 97439, 2366, 19953, 84553, 14201, 64954, 24086, 35118, 74623, 62724, 86024, 85611, 45435, 37351, 35998, 48472, 44308, 52972, 62299, 49486, 229, 52320, 81354, 33893, 41325, 28082, 60276, 39349, 65159, 55081, 18136, 81515, 69806, 33235, 86850, 7350, 48605, 17735, 59768, 38625, 71748, 28240, 75791, 57135, 17748, 93565, 97084, 35930, 72056, 86454, 64513, 65300, 98318, 66956, 37710, 94759, 62912, 64209, 97080, 55053, 46637, 65212, 18451, 1119, 57580, 43081, 73317, 31700, 29436, 59282, 40804, 28850, 24223, 48019, 3341, 69992, 64254, 8858, 57228, 94451, 63117, 80101, 84017, 16572, 86970, 35609, 54222, 31099, 63420, 39747, 4293, 78492, 13025, 92549, 46522, 72851, 12334, 61100, 94827, 39051, 76031, 46005, 86563, 66561, 45498, 70147, 80962, 45027, 43469, 89723, 55859, 31932, 9608, 74204, 1636, 12339, 74316, 11413, 47943, 27225, 4002]
Tree:
None

Fitness:
[1.0, 0.5005226025607525]