Generation:
60

Phenotype:
def p():
  x = 0.0
  index = 12
  n = 47
  b = 4
  c = sum(opposite[-index:])
  if main[b] < opposite[32] + 4:
    x = (x + 0.9)
  return x
XXX_output_XXX = p()

Genotype:
[81119, 26135, 12808, 27036, 68709, 49923, 66500, 10779, 68803, 36739, 2937, 3441, 59102, 7354, 1496, 66731, 14261, 86024, 5081, 60258, 45907, 9450, 84553, 14201, 55299, 24086, 1496, 84728, 9608, 78735, 56231, 75929, 72863, 62490, 21694, 66121, 86924, 48808, 904, 67, 27507, 83338, 784, 39833, 88384, 60111, 27032, 85328, 87266, 11497, 51924, 16376, 40613, 81756, 37033, 38228, 59833, 6221, 5033, 95143, 20905, 14230, 1276, 22005, 55286, 56474, 24299, 7632, 88610, 68760, 19161, 87693, 29289, 82816, 18104, 49665, 42101, 9995, 35180, 45838, 90521, 38697, 30842, 41787, 50290, 19525, 71917, 48964, 28310, 29960, 70704, 87850, 67870, 8555, 34895, 62217, 60510, 19863, 96339, 47607, 17259, 86112, 57142, 39058, 93900, 67198, 61662, 33949, 41299, 90500, 38661, 6608, 94168, 62248, 99780, 94289, 51749, 85432, 34070, 39079, 76468, 44087, 47629, 66660, 56834, 45641, 93918, 88754, 44424, 70540, 55011, 97377, 45726, 16675, 76147, 83048, 65164, 6762, 78220, 74721, 15838, 59277, 35289, 60788, 90939, 40201, 44924, 39072, 55626, 88218, 37792, 1487, 29939, 45661, 7989, 87187, 42222, 9139, 85918, 74480, 21397, 84629, 591, 83810, 63824, 30027, 93473, 37719, 14995, 88349, 55999, 18697, 64956, 32660, 48919, 94472, 25063, 3991, 13298, 68279, 64637, 88694, 25322, 60332, 21811, 804, 16373, 2870, 41587, 44453, 9904, 4385, 69607, 28754, 74594, 94084, 46957, 93698, 40310, 43514]
Tree:
None

Fitness:
[1.0, 0.5005226025607525]