Generation:
60

Phenotype:
def p():
  x = 0.0
  index = 34
  n = 10
  b = 20
  c = opposite[24] - opposite[30]
  if main[17] < opposite[b] + 4:
    x = 0.2
  return x
XXX_output_XXX = p()

Genotype:
[58987, 18355, 38968, 58164, 34714, 89174, 1540, 96930, 51632, 21726, 99350, 20604, 64954, 79087, 38274, 49293, 59452, 58719, 44553, 64954, 24086, 1496, 67173, 20394, 78735, 56231, 37833, 43934, 77361, 4228, 13262, 65910, 9240, 23944, 51572, 3487, 29896, 13853, 96875, 96424, 70502, 62178, 73414, 28836, 76674, 44671, 31667, 73900, 3535, 31522, 10122, 18122, 9737, 27036, 83842, 17893, 66500, 12548, 70830, 2662, 84553, 14201, 64954, 39498, 1496, 66731, 62724, 86024, 45220, 59552, 9478, 49412, 84685, 9390, 61008, 8385, 61016, 93355, 79105, 74176, 67243, 97412, 67360, 8291, 58709, 67096, 22296, 46487, 89453, 80908, 77583, 38176, 66723, 78523, 38316, 38465, 99870, 9660, 22168]
Tree:
None

Fitness:
[1.0, 0.5005226025607525]