Generation:
60

Phenotype:
def p():
  x = 0.0
  index = 42
  n = 4
  b = 38
  c = main[b]
  if main[17] < opposite[45] + 4:
    x = (x + 0.3)
  return x
XXX_output_XXX = p()

Genotype:
[63352, 73106, 38968, 39573, 24318, 96951, 10663, 915, 53384, 8964, 84553, 77428, 64954, 56858, 1496, 66731, 62724, 86024, 5081, 79072, 17232, 53246, 87166, 89700, 16867, 19612, 71626, 84553, 98968, 64954, 24086, 25246, 66731, 62724, 60179, 20115, 34464, 10937, 22260, 61796, 56886, 79764, 76909, 6361, 23261, 62299, 75922, 98437, 52320, 88510, 33893, 41325, 85732, 60276, 50561, 66678, 13470, 60693, 23328, 41041, 98394, 36587, 95685, 47619, 69237, 78220, 74721, 15838, 60429, 34129, 60788, 90939, 40201, 44924, 24104, 40772, 7383, 37792, 61261, 82213, 45661, 7989, 87187, 42222, 9139, 85918, 42173, 1113, 70648, 591, 83810, 63824, 30027, 93473, 37719, 4183, 88349, 8407, 89044, 64956, 32660, 48919, 31365, 25063, 29438, 13298, 26471, 38776, 7537, 96243, 60332, 21811, 60036, 45594, 2870, 41587, 44453, 9904, 35599, 69607, 74475, 74594, 94084, 46957, 93698, 40310, 43514]
Tree:
None

Fitness:
[1.0, 0.5005226025607525]