Generation:
60

Phenotype:
def p():
  x = 0.0
  index = 28
  n = 13
  b = 19
  c = opposite[b]
  if main[1] < opposite[45] + 9:
    x = 0.2
  return x
XXX_output_XXX = p()

Genotype:
[978, 49750, 6928, 19044, 31750, 18590, 45199, 76391, 78814, 19879, 84553, 14201, 64954, 41450, 25246, 66731, 62724, 60179, 14560, 23261, 2123, 64954, 24086, 74651, 16570, 55229, 26248, 19450, 41115, 65333, 36640, 19780, 82472, 95242, 33007, 23471, 31105, 7332, 44874, 13164, 58092, 17182, 62984, 60526, 16570, 55229, 26248, 12365, 71438, 45274, 4232, 58684, 84075, 96264, 4050, 80156, 96411, 26818, 86665, 73058, 46423, 22157, 83602, 21772, 89084, 40829, 65053, 14178, 24593, 49414, 17092, 30472, 23456, 74295, 39086, 34201, 30236, 20804, 51737, 26196, 48876, 8530, 62860, 6566, 60745, 6745, 86868, 30060, 18718, 61213, 82934, 82323, 17090, 74715, 31095, 18169, 238, 12440, 88045, 78805, 37151, 84056, 52881, 33628, 73377, 47486, 22849, 95475, 54836, 99291, 10605, 60767, 85409, 35939, 565, 34442]
Tree:
None

Fitness:
[1.0, 0.5005226025607525]