Generation:
60

Phenotype:
def p():
  x = 0.0
  index = 28
  n = 47
  b = 15
  c = sum(main[-index:])
  if abs(sum(main[-index:]) - sum(opposite[:-index])) > 500:
    x = 0.3
  return x
XXX_output_XXX = p()

Genotype:
[43959, 58168, 38968, 10968, 31750, 26573, 28964, 33893, 41325, 84012, 60276, 88078, 96380, 4415, 77340, 31200, 14015, 22717, 1850, 30952, 30179, 48607, 75922, 98437, 52320, 88510, 48603, 90961, 85732, 60595, 778, 16638, 86940, 64790, 99995, 28781, 77361, 29854, 72492, 65035, 54706, 49012, 29956, 18856, 78631, 98811, 11672, 61093, 87121, 6984, 73363, 7332, 10857, 13164, 48022, 86024, 31618, 3023, 9478, 49412, 11595, 54886, 12240, 78972, 54234, 64251, 48656, 39223, 20230, 31324, 6126, 87912, 66928, 80038, 5955, 74996, 28351, 63086, 74298, 7366, 5396, 29936, 37081, 90605, 5970, 17088, 52094, 64924, 32221, 75678, 55705, 98144, 71518, 29590, 39954, 50590, 89698, 82131, 60522, 99183, 85419, 29163, 37684, 72742, 22990, 34140, 12283, 73260, 35459, 25097, 2269]
Tree:
None

Fitness:
[0.8964435146443515, 0.5055773883647678]