Generation:
60

Phenotype:
def p():
  x = 0.0
  index = 12
  n = 0
  b = 37
  c = main[9]
  if main[17] < opposite[45] + 4:
    x = 0.4
  return x
XXX_output_XXX = p()

Genotype:
[16247, 9657, 75144, 23848, 29490, 96468, 46104, 99908, 56647, 68803, 91015, 2702, 60138, 37029, 89086, 1496, 98219, 62724, 86024, 41740, 85633, 66500, 94366, 25746, 60101, 89320, 14201, 64954, 24086, 1496, 66731, 62724, 33314, 5081, 42347, 31522, 10122, 18122, 9737, 44913, 65760, 32609, 87221, 25996, 924, 43287, 9529, 78500, 18414, 44898, 85616, 71847, 49926, 33148, 88530, 56164, 97134, 55162, 33007, 23471, 31105, 7332, 44874, 13164, 58092, 17182, 62984, 60526, 16570, 55229, 26248, 12365, 71438, 45274, 4232, 58684, 84075, 96264, 4050, 80156, 96411, 26818, 86665, 73058, 46423, 22157, 83602, 21772, 89084, 40829, 65053, 14178, 24593, 49414, 17092, 30472, 23456, 74295, 39086, 34201, 30236, 20804, 51737, 26196, 48876, 8530, 62860, 6566, 60745, 6745, 86868, 30060, 18718, 61213, 82934, 82323, 17090, 74715, 31095, 18169, 238, 12440, 88045, 78805, 37151, 84056, 52881, 33628, 73377, 47486, 22849, 95475, 54836, 99291, 10605, 60767, 85409, 35939, 565, 34442]
Tree:
None

Fitness:
[1.0, 0.5005226025607525]