Generation:
60

Phenotype:
def p():
  x = 0.0
  index = 35
  n = 47
  b = 39
  c = main[b]
  if main[17] < opposite[45] + 5:
    x = 0.9
  return x
XXX_output_XXX = p()

Genotype:
[8395, 2370, 64932, 66727, 43181, 23058, 66500, 44066, 50019, 67032, 14995, 99340, 76259, 68902, 1496, 66731, 20394, 98355, 11595, 54998, 41285, 16204, 41395, 81395, 56714, 84648, 43653, 95614, 78193, 23005, 66520, 77361, 75961, 39190, 65910, 25996, 41470, 43287, 9529, 2242, 18414, 44898, 29587, 3429, 36180, 17878, 88530, 56164, 22592, 55162, 33007, 23471, 31105, 7332, 44874, 13164, 58092, 17182, 62984, 60526, 16570, 55229, 26248, 12365, 71438, 45274, 4232, 58684, 84075, 96264, 4050, 80156, 96411, 26818, 86665, 73058, 46423, 22157, 83602, 21772, 89084, 40829, 65053, 14178, 24593, 49414, 17092, 30472, 23456, 74295, 39086, 34201, 30236, 20804, 51737, 26196, 48876, 8530, 62860, 6566, 60745, 6745, 86868, 30060, 18718, 61213, 82934, 82323, 17090, 74715, 31095, 18169, 238, 12440, 88045, 78805, 37151, 84056, 52881, 33628, 73377, 47486, 22849, 95475, 54836, 99291, 10605, 60767, 85409, 35939, 565, 34442]
Tree:
None

Fitness:
[1.0, 0.5005226025607525]