Generation:
60

Phenotype:
def p():
  x = 0.0
  index = 15
  n = 27
  b = 0
  c = sum(opposite[:-index])
  if main[17] < opposite[45] + 4:
    x = 0.7
  return x
XXX_output_XXX = p()

Genotype:
[71018, 45842, 12884, 14898, 10011, 75721, 66021, 66500, 81804, 76063, 51582, 68163, 14201, 64954, 24086, 1496, 63731, 62724, 86024, 78315, 1496, 66731, 20394, 12365, 68416, 96536, 45079, 48589, 2150, 64093, 99160, 90189, 34377, 42135, 65910, 4452, 49012, 14500, 29376, 60980, 49523, 78020, 84553, 14201, 64954, 24086, 25246, 66731, 62724, 60179, 58730, 34464, 93898, 49412, 84685, 9390, 61008, 8385, 61016, 93355, 79105, 74176, 67243, 97412, 67360, 8291, 58709, 67096, 22296, 46487, 89453, 80908, 77583, 38176, 66723, 78523, 38316, 38465, 99870, 9660, 22168]
Tree:
None

Fitness:
[1.0, 0.5005226025607525]