Generation:
60

Phenotype:
def p():
  x = 0.0
  index = 8
  n = 36
  b = 2
  c = main[b]
  if main[17] < opposite[45] + 4:
    x = (x + 0.2)
  return x
XXX_output_XXX = p()

Genotype:
[80623, 36917, 60400, 17364, 3119, 64880, 99639, 58713, 50798, 71456, 12790, 52888, 179, 24086, 1496, 66731, 62724, 86024, 96901, 62601, 66731, 14201, 64954, 39498, 1496, 66731, 62724, 86024, 5081, 80233, 36241, 69806, 33235, 86850, 7350, 48605, 17735, 14002, 38625, 29242, 28240, 75791, 57135, 17748, 93565, 97084, 35930, 72056, 86454, 64513, 65300, 98318, 66956, 37710, 94759, 62912, 64209, 97080, 55053, 46637, 65212, 18451, 1119, 57580, 43081, 73317, 31700, 29436, 59282, 40804, 28850, 24223, 48019, 3341, 69992, 64254, 8858, 57228, 94451, 63117, 80101, 84017, 16572, 86970, 35609, 54222, 31099, 63420, 39747, 4293, 78492, 13025, 92549, 46522, 72851, 12334, 61100, 94827, 39051, 76031, 46005, 86563, 66561, 45498, 70147, 80962, 45027, 43469, 89723, 55859, 31932, 9608, 74204, 1636, 12339, 74316, 11413, 47943, 27225, 4002]
Tree:
None

Fitness:
[1.0, 0.5005226025607525]