Generation:
60

Phenotype:
def p():
  x = 0.0
  index = 44
  n = 23
  b = 29
  c = sum(main[:-index])
  if main[17] < opposite[45] + 4:
    x = (x + 0.3)
  return x
XXX_output_XXX = p()

Genotype:
[11033, 90995, 14140, 21052, 24728, 5078, 76982, 80689, 5639, 63466, 17550, 43108, 98891, 64954, 24086, 1496, 66731, 62724, 86024, 23471, 91652, 36239, 31750, 19281, 8604, 814, 19612, 51504, 84553, 14201, 64954, 24086, 25246, 66731, 62724, 78159, 5081, 63960, 71847, 49926, 28614, 83790, 56164, 97134, 55162, 33007, 31735, 31105, 89682, 64100, 27036, 31750, 18130, 66500, 95599, 31294, 71626, 84553, 14201, 64954, 24086, 1496, 66731, 62724, 86024, 5081, 38305, 5653, 49412, 84685, 9390, 61008, 8385, 61016, 93355, 79105, 74176, 67243, 97412, 67360, 8291, 58709, 67096, 22296, 46487, 89453, 80908, 77583, 38176, 66723, 78523, 38316, 38465, 99870, 9660, 22168]
Tree:
None

Fitness:
[1.0, 0.5005226025607525]