Generation:
60

Phenotype:
def p():
  x = 0.0
  index = 44
  n = 3
  b = 41
  c = sum(opposite[:-index])
  if main[17] < opposite[45] + 4:
    x = (x + 0.2)
  return x
XXX_output_XXX = p()

Genotype:
[11033, 15778, 12884, 2011, 24728, 87166, 43353, 53988, 35129, 33938, 17550, 19591, 14201, 64954, 24086, 1496, 66731, 62724, 86024, 17381, 89581, 47924, 17398, 51350, 4783, 82814, 54735, 69806, 33235, 86850, 7350, 98401, 3895, 32712, 38625, 29242, 28240, 65915, 38481, 43268, 29490, 42783, 72887, 54998, 97638, 33786, 26641, 87603, 62984, 19219, 16570, 55229, 26248, 12365, 28807, 88180, 23471, 8290, 7332, 44874, 13164, 58092, 17182, 62984, 19219, 16570, 55229, 26248, 12365, 30472, 23456, 74295, 39086, 34201, 30236, 20804, 51737, 26196, 48876, 8530, 62860, 6566, 60745, 6745, 53360, 91840, 69120, 49413, 77561, 73564, 99628, 91953, 98108, 9087, 78022, 28816, 40177, 64075, 59707, 37504, 6732, 74645, 48413, 52490, 12436, 82162, 81809, 89371, 19889, 12548, 13048, 78563, 57544, 32760, 29091, 60133, 4412, 82053, 94856, 73749, 77477, 55781, 96156, 645, 78760, 33678, 49860, 2619, 14825, 48080, 1138, 50163, 80040, 33119, 11078, 48589, 77406, 3211, 1605]
Tree:
None

Fitness:
[1.0, 0.5005226025607525]