Generation:
60

Phenotype:
def p():
  x = 0.0
  index = 7
  n = 21
  b = 39
  c = main[b]
  if main[17] < opposite[45] + 4:
    x = 0.8
  return x
XXX_output_XXX = p()

Genotype:
[31336, 2370, 38968, 95520, 51568, 53446, 64485, 67623, 17226, 82274, 84553, 36524, 64954, 24086, 1496, 66731, 62724, 86024, 39515, 17687, 60276, 39349, 2416, 84553, 41740, 64954, 22706, 1496, 53279, 62724, 86024, 39515, 37967, 6279, 84513, 36739, 84553, 14201, 72449, 24086, 1496, 66731, 62724, 86024, 37090, 30891, 9478, 49412, 84685, 9390, 61008, 8385, 61016, 93355, 79105, 74176, 67243, 97412, 67360, 8291, 58709, 67096, 22296, 46487, 89453, 80908, 77583, 38176, 66723, 78523, 38316, 38465, 99870, 9660, 22168]
Tree:
None

Fitness:
[1.0, 0.5005226025607525]