Generation:
60

Phenotype:
def p():
  x = 0.0
  index = 49
  n = 13
  b = 44
  c = opposite[b] + opposite[23]
  if main[17] < opposite[20] + 4:
    x = (x + 0.7)
  return x
XXX_output_XXX = p()

Genotype:
[63827, 2370, 38968, 59220, 83842, 59281, 36019, 61162, 88784, 901, 53246, 9666, 32383, 9981, 68796, 71626, 25811, 14201, 11274, 87610, 1496, 16523, 4151, 86024, 54591, 40376, 27036, 31750, 40969, 66500, 34736, 70612, 9450, 84553, 14201, 64954, 24086, 1496, 66731, 20394, 78735, 56231, 75929, 72863, 62490, 21694, 66121, 11561, 172, 904, 67, 27507, 83338, 55818, 39833, 88384, 76695, 27032, 85328, 34618, 11497, 11403, 16376, 40613, 81756, 37033, 38228, 59833, 31721, 5033, 95143, 20905, 14230, 1276, 76864, 55286, 28498, 24299, 7632, 88610, 58702, 23047, 87693, 29289, 82816, 18104, 74236, 88289, 9995, 26876, 45838, 51418, 38697, 61936, 41787, 50290, 22778, 71917, 48964, 28310, 29960, 70704, 87850, 67870, 8555, 22105, 62217, 60510, 19863, 96339, 47607, 17259, 86112, 57142, 39058, 93900, 51898, 61662, 33949, 41299, 90500, 38661, 53827, 94168, 62248, 99780, 94289, 17342, 85432, 34070, 39079, 76468, 44087, 47629, 66660, 56834, 47637, 93918, 66986, 75187, 27747, 55011, 97377, 49629, 13011, 76147, 83048, 47619, 6762, 78220, 74721, 15838, 59277, 34129, 60788, 90939, 40201, 44924, 24104, 55626, 7383, 37792, 61261, 82213, 45661, 7989, 87187, 42222, 9139, 85918, 74480, 1113, 70648, 591, 83810, 63824, 30027, 93473, 37719, 14995, 88349, 8407, 18697, 64956, 32660, 48919, 50524, 25063, 3991, 13298, 26471, 64637, 7537, 96243, 60332, 21811, 60036, 92949, 2870, 41587, 44453, 9904, 29228, 69607, 28754, 74594, 94084, 46957, 93698, 40310, 43514]
Tree:
None

Fitness:
[1.0, 0.5005226025607525]