Generation:
60

Phenotype:
def p():
  x = 0.0
  index = 47
  n = 14
  b = 30
  c = opposite[b]
  if main[17] < opposite[45] + 4:
    x = 0.3
  return x
XXX_output_XXX = p()

Genotype:
[65526, 2370, 38968, 37909, 11981, 4888, 10418, 34736, 46491, 9450, 84553, 14201, 81249, 34530, 1496, 66731, 67773, 86024, 8710, 66852, 29490, 92679, 29793, 41742, 23261, 47748, 75922, 66377, 52320, 88510, 33893, 64567, 85732, 60276, 26578, 63224, 60475, 99105, 27577, 76909, 40163, 67595, 62299, 23383, 38208, 52320, 88510, 51307, 41325, 28082, 41916, 39349, 75669, 75922, 95225, 52320, 88510, 33893, 41325, 85732, 62065, 75363, 65160, 31750, 17893, 70956, 98512, 2763, 7117, 84553, 14201, 64954, 24086, 1496, 66731, 55929, 86024, 30576, 69590, 826, 30684, 29661, 46836, 13853, 96875, 96424, 70502, 62178, 95800, 28836, 52348, 44671, 31667, 73900, 3535, 20176, 10122, 18122, 9737, 18920, 72203, 6309, 80341, 19686, 94022, 21595, 20849, 82702, 35244, 76680, 65041, 98870, 51647, 81004, 32497]
Tree:
None

Fitness:
[1.0, 0.5005226025607525]