Generation:
60

Phenotype:
def p():
  x = 0.0
  index = 49
  n = 41
  b = 36
  c = main[b]
  if main[17] < opposite[45] + 4:
    x = (x + 0.5)
  return x
XXX_output_XXX = p()

Genotype:
[62232, 81061, 38968, 26527, 27793, 58548, 82814, 97462, 27219, 61587, 31105, 7332, 64954, 24086, 1496, 66731, 67773, 86024, 5081, 62204, 18696, 11171, 34736, 46304, 8040, 84553, 14201, 64954, 11566, 1496, 71199, 75974, 86024, 30576, 71630, 43061, 65564, 64954, 24086, 1496, 66731, 62724, 86024, 46660, 74562, 13816, 12240, 78972, 54234, 64251, 48656, 39223, 20230, 31324, 6126, 87912, 66928, 80038, 5955, 74996, 28351, 63086, 74298, 7366, 5396, 29936, 37081, 90605, 5970, 17088, 52094, 64924, 32221, 75678, 55705, 98144, 71518, 29590, 39954, 50590, 89698, 82131, 60522, 99183, 85419, 29163, 37684, 72742, 22990, 34140, 12283, 73260, 35459, 25097, 2269]
Tree:
None

Fitness:
[1.0, 0.5005226025607525]