Generation:
60

Phenotype:
def p():
  x = 0.0
  index = 11
  n = 9
  b = 15
  c = opposite[b]
  if main[17] < opposite[33] + 5:
    x = 0.3
  return x
XXX_output_XXX = p()

Genotype:
[48846, 11946, 38968, 86366, 90944, 68649, 6027, 32680, 54534, 1607, 84553, 50769, 64954, 90610, 1496, 66731, 4827, 83335, 58815, 13262, 65910, 8443, 49012, 77494, 92795, 66731, 62724, 71517, 77391, 33056, 64270, 55565, 75394, 52394, 17655, 19076, 85613, 16722, 72756, 85178, 21596, 29902, 85095, 31700, 98200, 62769, 31209, 44308, 71163, 11504, 23116, 70737, 36087, 93196, 49103, 28748, 11460, 64954, 95493, 1496, 66731, 62724, 31282, 5081, 59552, 36241, 69806, 33235, 86850, 7350, 48605, 17735, 14002, 38625, 29242, 91752, 75791, 57135, 17748, 93565, 97084, 35930, 72056, 86454, 64513, 65300, 98318, 66956, 37710, 94759, 62912, 64209, 97080, 55053, 46637, 65212, 18451, 1119, 57580, 43081, 73317, 31700, 29436, 59282, 40804, 28850, 24223, 48019, 3341, 69992, 64254, 8858, 57228, 94451, 63117, 80101, 84017, 16572, 86970, 35609, 54222, 31099, 63420, 39747, 4293, 78492, 13025, 92549, 46522, 72851, 12334, 61100, 94827, 39051, 76031, 46005, 86563, 66561, 45498, 70147, 80962, 45027, 43469, 89723, 55859, 31932, 9608, 74204, 1636, 12339, 74316, 11413, 47943, 27225, 4002]
Tree:
None

Fitness:
[1.0, 0.5005226025607525]