Generation:
60

Phenotype:
def p():
  x = 0.0
  index = 44
  n = 23
  b = 29
  c = sum(opposite[:-index])
  if main[17] < opposite[45] + 4:
    x = (x + 0.8)
  return x
XXX_output_XXX = p()

Genotype:
[11033, 90995, 14140, 99267, 24728, 97109, 76982, 80689, 5639, 41630, 17550, 84553, 98891, 64954, 24086, 1496, 66731, 62724, 86024, 23471, 19857, 25337, 88850, 39518, 52348, 22674, 41291, 30293, 3535, 42242, 53394, 69850, 9737, 53586, 92639, 28101, 31750, 92642, 70956, 98512, 2763, 50003, 84553, 24468, 64954, 24086, 1496, 66731, 55929, 86024, 30576, 69590, 826, 30684, 29661, 46836, 13853, 96875, 96424, 70502, 62178, 95800, 28836, 52348, 44671, 31667, 73900, 3535, 20176, 10122, 18122, 9737, 18920, 72203, 6309, 80341, 19686, 94022, 21595, 20849, 82702, 35244, 76680, 65041, 98870, 51647, 81004, 32497]
Tree:
None

Fitness:
[1.0, 0.5005226025607525]