Generation:
60

Phenotype:
def p():
  x = 0.0
  index = 28
  n = 33
  b = 29
  c = opposite[36]
  if abs(sum(main[-index:]) - sum(opposite[:-index])) > 500:
    x = 0.6
  return x
XXX_output_XXX = p()

Genotype:
[4546, 2370, 47956, 52108, 31750, 27526, 94536, 1360, 21602, 29294, 80443, 49131, 12021, 1845, 19150, 22664, 63103, 57792, 67985, 55565, 70257, 7532, 75857, 27681, 34388, 75608, 31670, 24447, 55278, 39499, 15438, 32185, 16327, 93998, 42902, 45163, 84553, 43504, 67765, 9435, 1496, 73595, 33412, 8715, 29490, 89635, 72639, 71047, 53363, 39785, 29505, 31750, 75471, 58838, 86202, 62792, 2416, 49907, 41740, 64954, 22706, 1496, 53279, 62724, 86024, 39515, 37967, 6279, 84513, 36739, 84553, 14201, 72449, 24086, 1496, 66731, 62724, 86024, 37090, 30891, 9478, 49412, 84685, 9390, 61008, 8385, 61016, 93355, 79105, 74176, 67243, 97412, 67360, 8291, 58709, 67096, 22296, 46487, 89453, 80908, 77583, 38176, 66723, 78523, 38316, 38465, 99870, 9660, 22168]
Tree:
None

Fitness:
[0.8964435146443515, 0.5055773883647678]