Generation:
60

Phenotype:
def p():
  x = 0.0
  index = 6
  n = 43
  b = 36
  c = sum(opposite[:-index])
  if main[17] < opposite[19] + 4:
    x = 0.1
  return x
XXX_output_XXX = p()

Genotype:
[54325, 11049, 33412, 97766, 27036, 31750, 196, 86014, 21252, 67340, 55092, 50773, 14201, 64954, 24086, 1496, 66731, 95695, 86024, 30840, 35920, 14431, 29490, 76482, 75665, 44308, 52972, 62299, 49486, 229, 52320, 81354, 33893, 41325, 28082, 60276, 93027, 72718, 24086, 1496, 48127, 62724, 86024, 5081, 53722, 50001, 24122, 6926, 28125, 64278, 69580, 56092, 98558, 37981, 51127, 47970, 17924, 29433, 57576, 70127, 62234, 85859, 84648, 43653, 14796, 75151, 23005, 2580, 50165, 19512, 39190, 46658, 25996, 49012, 58969, 71284, 78500, 73094, 38682, 98361, 51288, 85611, 17793, 17724, 18620, 52849]
Tree:
None

Fitness:
[1.0, 0.5005226025607525]