Generation:
60

Phenotype:
def p():
  x = 0.0
  index = 28
  n = 4
  b = 47
  c = opposite[b]
  if main[17] < opposite[45] + 4:
    x = (x + 0.3)
  return x
XXX_output_XXX = p()

Genotype:
[63352, 49772, 38968, 27036, 31750, 17893, 18721, 60348, 85319, 68841, 78043, 14201, 64954, 24086, 1496, 66731, 62724, 86024, 62406, 99652, 92717, 15988, 55977, 20788, 57537, 31385, 99649, 41110, 82032, 67700, 71887, 19041, 37137, 37990, 33361, 38629, 62514, 18222, 22224, 25083, 70199, 44329, 32059, 26688, 6169, 36432, 64719, 15774, 4114, 37663, 96338, 46690, 32397, 44985, 75385, 78460, 32644, 71621, 36649, 14019, 4534, 35745, 55078, 76258, 14692, 53262, 73956, 63608, 96077, 45815, 14327, 66918, 72584, 9422, 18835, 94893, 72495, 38689, 30154, 88984, 57737, 95949, 20531, 79089, 5358, 89471, 40093, 44109, 89734, 10928, 4964, 27656, 79665, 39, 30558, 39847, 10096, 20085, 14073, 63161, 29799, 91937, 97585, 63042, 47839, 49702, 26118, 28795, 75640, 91574, 187, 21700, 1590, 34954, 67240, 57217, 41572, 6344, 43819, 21334, 82286, 50460, 14142, 49031, 80671, 47944, 77299, 93242, 86554, 51953, 19879, 94015, 90035, 61934, 34235, 94207, 37526, 25737, 47215, 16248, 24879, 71329, 58000, 64013, 80425, 4655, 87159, 36814, 29713, 91099, 12793, 56697, 29327, 62177, 22923, 77323, 51392, 58454, 1112, 27229, 45290, 71890, 82247, 59219, 34811, 4142, 38463, 81611, 97613, 58689, 20653, 2294, 79604, 25153, 55560, 94175, 25349, 17123, 61948, 25809, 87552, 39363, 57192, 47356, 76289, 50692, 38636, 30390, 93743, 3294, 66649, 16779, 18963, 41857, 4190, 99226, 6461, 81301, 589, 6047, 85310, 93226, 31084, 84864, 73350, 40028, 27869, 5736, 3494, 59926, 27383, 48388, 4375, 59977, 94166, 8847, 32398, 8580, 98000, 93519, 20745, 53992, 15117, 91902, 84316, 48499, 84967, 31027, 96064, 24552, 40127, 69520, 95298, 82280, 98697, 25193, 51233, 35597, 22558, 26111, 72095, 75638, 8458, 91975, 27967, 85846, 16908, 30332, 7009, 52516, 46867, 55535, 76740, 43795, 43423, 14857, 52771, 30228, 94555, 12732, 41583, 44375, 59902, 23260, 31280, 29417, 80498, 79416, 1369, 22436, 53606, 16349, 23551, 44670, 29009, 21530, 16567, 84717, 76643, 94865, 73267, 85207, 48538, 72425, 56030, 44999, 40867, 31480, 7014, 15400, 59392, 21523, 51744, 98583, 55476]
Tree:
None

Fitness:
[1.0, 0.5005226025607525]