Generation:
60

Phenotype:
def p():
  x = 0.0
  index = 40
  n = 19
  b = 36
  c = main[37] - sum(opposite[:-index])
  if main[17] < opposite[45] + 5:
    x = (x + 0.9)
  return x
XXX_output_XXX = p()

Genotype:
[88139, 18355, 38968, 58164, 89341, 89174, 21439, 34736, 43182, 21726, 76400, 20604, 64954, 24086, 80209, 49293, 55071, 13501, 44553, 64954, 24086, 1496, 66731, 20394, 78735, 24086, 63368, 76460, 62724, 60179, 14560, 47038, 34562, 31750, 30883, 58386, 51571, 21662, 75160, 96892, 14201, 64954, 24086, 25246, 66731, 62724, 60179, 21355, 51961, 99956, 93013, 10425, 52843, 2317, 8649, 42881, 10567, 66101, 89400, 538, 20956, 56484, 64620, 61027, 24086, 1496, 37833, 52542, 33943, 5081, 53722, 9478, 59808, 94910, 9390, 46029, 8385, 61016, 28406, 37282, 74176, 2841, 84064, 57847, 88030, 38835, 96346, 22296, 46487, 89453, 72882, 77583, 38176, 52668, 82644, 70612, 36739, 17123, 21968, 64954, 46071, 7220, 71776, 30576, 69590, 46660, 4415, 77340, 31200, 37314, 6846, 18696, 15436, 88550, 91570, 80274, 4440, 14048, 43258, 38412, 50489, 88080, 93096, 66702, 54552, 64705, 53847, 67751, 53439, 8692, 93400, 74832, 28273]
Tree:
None

Fitness:
[1.0, 0.5005226025607525]