Generation:
60

Phenotype:
def p():
  x = 0.0
  index = 28
  n = 26
  b = 9
  c = opposite[b]
  if main[17] < opposite[33] + 4:
    x = (x + 0.8)
  return x
XXX_output_XXX = p()

Genotype:
[16618, 16627, 48400, 71348, 31750, 51332, 78668, 97271, 2763, 95133, 84553, 14201, 64954, 24086, 1496, 66731, 55929, 86024, 30576, 67557, 23474, 46491, 49180, 84553, 14201, 64954, 40962, 1496, 66731, 20394, 78735, 68841, 66500, 4412, 75396, 1614, 15364, 25124, 64954, 24086, 1496, 66731, 46878, 86024, 63146, 99703, 44874, 13164, 98459, 18863, 62984, 19219, 3703, 89813, 1153, 22192, 41493, 52640, 89341, 68841, 29023, 56166, 11471, 50321, 15364, 16661, 21963, 24086, 1496, 65423, 62724, 4070, 66392, 96991, 95434, 49412, 84685, 9390, 61008, 8385, 61016, 93355, 79105, 74176, 67243, 97412, 67360, 8291, 58709, 67096, 22296, 46487, 89453, 80908, 77583, 38176, 66723, 78523, 38316, 38465, 99870, 9660, 22168]
Tree:
None

Fitness:
[1.0, 0.5005226025607525]