Generation:
60

Phenotype:
def p():
  x = 0.0
  index = 35
  n = 2
  b = 35
  c = opposite[b]
  if main[17] < opposite[45] + 5:
    x = 0.3
  return x
XXX_output_XXX = p()

Genotype:
[58987, 37683, 38968, 43992, 24974, 68350, 84101, 51181, 80615, 18152, 15364, 16661, 38284, 24086, 1496, 66731, 62724, 25715, 41325, 85732, 60276, 32656, 42844, 68044, 33868, 277, 73623, 6556, 44146, 28564, 68401, 90734, 31358, 84641, 52828, 25339, 94535, 64340, 85081, 64754, 96029, 89406, 71830, 83618, 75998, 62738, 39678, 38593, 80801, 11297, 2880, 90128, 45997, 19983, 67349, 96694, 87584, 97763, 86679, 11325, 85662, 1323, 7910, 63743, 92485, 31733, 97989, 20692, 5689, 42195, 35461, 43157, 63818, 26643, 69680, 65201, 30408, 28301, 29579, 88488, 12153, 98699, 5435, 18340, 23914, 23260, 90848, 50530, 63437, 14794, 98478, 19633, 49051, 8057, 93362, 91690, 82778, 58042, 61560, 25056, 76679, 13355, 57535, 31618, 30971, 4015, 15133, 75554, 22326]
Tree:
None

Fitness:
[1.0, 0.5005226025607525]