Generation:
60

Phenotype:
def p():
  x = 0.0
  index = 9
  n = 30
  b = 43
  c = sum(main[:-index])
  if main[17] < main[49] + 5:
    x = (x - 0.9)
  return x
XXX_output_XXX = p()

Genotype:
[87003, 4444, 18992, 5354, 59730, 39197, 37260, 47922, 16363, 76485, 86970, 55378, 14201, 95674, 70246, 1496, 87166, 56761, 31105, 88487, 36868, 11192, 31125, 97315, 93346, 23570, 93005, 84553, 96273, 18699, 24086, 25246, 23735, 62724, 60179, 61075, 68841, 99460, 34736, 10737, 18152, 15364, 16661, 64954, 24086, 1496, 66731, 62724, 86024, 5081, 74786, 27612, 35800, 73674, 32553, 50001, 24122, 64060, 28125, 62479, 41976, 56092, 67800, 37981, 51127, 58399, 77892, 85198, 25903, 95657, 74512, 66914, 89202, 511, 46531, 13877, 154, 35281, 10213, 69539, 36635, 61011, 3359, 2369, 64492, 51021, 87766, 75814, 27686, 94635]
Tree:
None

Fitness:
[0.41631799163179917, 0.5068263592859806]