Generation:
60

Phenotype:
def p():
  x = 0.0
  index = 49
  n = 8
  b = 41
  c = main[b]
  if main[17] < opposite[45] + 4:
    x = (x + 1.0)
  return x
XXX_output_XXX = p()

Genotype:
[63352, 2370, 75996, 54093, 83842, 46528, 30200, 74444, 49001, 69060, 73678, 89324, 95674, 24086, 1496, 66731, 62724, 86024, 9036, 32499, 474, 52597, 71626, 84553, 54056, 64954, 24086, 25246, 66731, 42910, 60179, 9556, 50182, 7332, 44874, 10618, 94179, 70737, 95370, 83716, 50404, 28748, 66715, 7332, 77378, 7775, 19760, 99125, 61203, 2358, 10833, 2192, 26251, 7951, 31564, 64629, 40516, 88979, 53202, 45925, 13231, 77322, 30045, 88517, 90424, 70596, 75507, 65946, 13415, 4605, 30786, 79327, 49010, 28441, 64765, 75500, 88161, 36046, 95544, 94544, 72589, 49740, 10051, 54610, 57405, 35688, 62121, 52929, 14162, 5651, 17037, 70985, 38367, 49595, 44559, 18204, 74597, 44156, 24980, 97472, 74437, 23314, 71200, 15608, 70927, 98866, 43069, 58479, 3429, 15933, 2604, 61117, 26610, 16403, 35522, 3104, 87161, 23511, 63338, 87203, 86659, 33842, 2522, 95962, 4063, 40382, 75752, 45771, 3878, 22193, 22980, 79964, 35026, 24338, 16762, 98784, 37756, 47021, 41600, 68040, 31128, 59728, 51785, 12458, 91635, 75631, 28189, 83593, 91533, 28525, 61854, 45330, 30429, 71818, 25572, 99163, 11373, 98613, 7366, 4005, 73214, 58698]
Tree:
None

Fitness:
[1.0, 0.5005226025607525]