Generation:
60

Phenotype:
def p():
  x = 0.0
  index = 7
  n = 21
  b = 39
  c = main[b]
  if main[17] < opposite[32] + 4:
    x = 0.1
  return x
XXX_output_XXX = p()

Genotype:
[69670, 2370, 38968, 60953, 51568, 53446, 64485, 51571, 17226, 82274, 84553, 36524, 64954, 24086, 1496, 66731, 87191, 86024, 39515, 33830, 36739, 89320, 14201, 64954, 24086, 1496, 66731, 62724, 86024, 43511, 19054, 15533, 29394, 19219, 16570, 55229, 26248, 12365, 16570, 55229, 26248, 19450, 41115, 49154, 33893, 41325, 28082, 60276, 39349, 56886, 79764, 32238, 99794, 20639, 62299, 71920, 99416, 89795, 25011, 31708, 75357, 65333, 36640, 91718, 79003, 32581, 56632, 12072, 25699, 3178, 63022, 33186, 93151, 89672, 90291, 94940, 74191, 15320, 77207, 66068, 38920, 23885, 52466, 79783, 64198, 7124, 84001, 17534, 71035, 22126, 35926, 55571, 97869, 53825, 86113, 95818, 89399, 30058, 22634, 82775, 85069, 55832, 83249]
Tree:
None

Fitness:
[1.0, 0.5005226025607525]