Generation:
60

Phenotype:
def p():
  x = 0.0
  index = 13
  n = 42
  b = 50
  c = opposite[b]
  if main[17] < opposite[45] + 4:
    x = (x + 0.1)
  return x
XXX_output_XXX = p()

Genotype:
[12257, 74541, 31896, 43022, 23116, 7685, 89700, 61005, 63239, 36739, 73678, 14201, 95674, 98202, 1496, 55579, 62724, 86024, 2716, 65910, 9240, 23944, 29956, 3487, 59371, 13853, 96875, 96424, 70502, 62178, 73414, 28836, 76674, 44671, 31667, 73900, 3535, 31522, 10122, 18122, 9737, 27036, 83842, 17893, 66500, 12548, 70830, 2662, 84553, 14201, 64954, 39498, 1496, 66731, 62724, 86024, 45220, 59552, 9478, 49412, 84685, 9390, 61008, 8385, 61016, 93355, 79105, 74176, 67243, 97412, 67360, 8291, 58709, 67096, 22296, 46487, 89453, 80908, 77583, 38176, 66723, 78523, 38316, 38465, 99870, 9660, 22168]
Tree:
None

Fitness:
[1.0, 0.5005226025607525]