Generation:
60

Phenotype:
def p():
  x = 0.0
  index = 47
  n = 38
  b = 11
  c = opposite[b]
  if main[17] < opposite[45] + 4:
    x = (x + 0.9)
  return x
XXX_output_XXX = p()

Genotype:
[68079, 21081, 38968, 44218, 6116, 37054, 37676, 35638, 25409, 59811, 15364, 68597, 64954, 24086, 1496, 66731, 62724, 86024, 5081, 28198, 66731, 62724, 86024, 5081, 99652, 18590, 13092, 90179, 87166, 18416, 54309, 7332, 44874, 13164, 83036, 79795, 62984, 19219, 3703, 89813, 1153, 3742, 41860, 46660, 14201, 64954, 34530, 1496, 66731, 67773, 86024, 5081, 59552, 9478, 49412, 84685, 9390, 61008, 8385, 61016, 93355, 79105, 74176, 67243, 97412, 67360, 8291, 58709, 67096, 22296, 46487, 89453, 80908, 77583, 38176, 66723, 78523, 38316, 38465, 99870, 9660, 22168]
Tree:
None

Fitness:
[1.0, 0.5005226025607525]