Generation:
60

Phenotype:
def p():
  x = 0.0
  index = 35
  n = 47
  b = 30
  c = opposite[b]
  if main[17] < opposite[45] + 4:
    x = (x + 0.3)
  return x
XXX_output_XXX = p()

Genotype:
[65526, 2370, 38968, 60975, 32522, 29129, 66500, 34736, 46491, 9450, 84553, 14201, 64954, 34530, 1496, 66731, 67773, 86024, 5081, 59552, 6012, 69330, 13700, 20246, 13544, 19219, 16570, 55229, 26248, 41530, 79755, 61651, 45943, 65826, 88059, 38194, 26160, 67711, 59263, 95022, 73486, 28428, 54119, 18122, 7943, 53328, 37776, 54060, 5027, 13335, 41918, 89960, 33935, 81236, 28112, 67483, 17968, 72262, 3205, 41140, 67582, 29581, 94836, 89705, 74650, 51424, 30253, 80233, 73753, 16114, 68173, 4905, 64202, 29670, 20441, 27434, 35264, 58613, 19980, 52571, 54082, 59716, 94347, 68720, 60745, 38411, 11433, 51939, 26205, 59382, 13667, 53914, 23972, 39236, 34701, 79642, 32423, 18109, 32043, 82255, 53740, 90293, 21701, 57551, 91898, 38717, 51287, 22165]
Tree:
None

Fitness:
[1.0, 0.5005226025607525]