Generation:
60

Phenotype:
def p():
  x = 0.0
  index = 19
  n = 7
  b = 28
  c = opposite[b]
  if main[4] < opposite[45] + 4:
    x = 1.0
  return x
XXX_output_XXX = p()

Genotype:
[1955, 2370, 38968, 39952, 1906, 44143, 94102, 98917, 70612, 88249, 42319, 72189, 64954, 24086, 820, 66731, 62724, 86024, 46660, 35719, 75922, 89408, 75060, 88510, 33893, 30027, 85732, 53210, 54742, 67773, 86024, 5081, 63495, 9478, 26576, 45965, 77314, 2662, 29767, 26016, 984, 30645, 18728, 19893, 11413, 31144, 7010, 81344, 5465, 38391, 48941, 4355, 41643, 90107, 32926, 92839, 16123, 82675, 20770, 89665, 51978, 35841, 14308, 64780, 51187, 57973, 26739, 45391, 57411, 5610, 9407, 23203, 58901, 53247, 25310, 91114, 94492, 45709, 94782, 74481, 4551]
Tree:
None

Fitness:
[1.0, 0.5005226025607525]