Generation:
60

Phenotype:
def p():
  x = 0.0
  index = 26
  n = 21
  b = 21
  c = main[b]
  if main[17] < opposite[45] + 5:
    x = 0.7
  return x
XXX_output_XXX = p()

Genotype:
[69670, 2370, 41804, 31809, 73670, 26607, 64485, 61320, 19656, 30139, 84553, 67020, 64954, 24086, 1496, 66731, 62724, 59155, 61145, 9516, 29490, 42783, 76909, 61996, 23261, 77260, 42196, 96280, 75060, 88510, 33893, 86625, 42037, 32461, 49509, 17550, 84553, 14201, 64954, 24086, 1496, 66731, 62724, 86024, 5081, 89581, 65567, 86024, 54591, 55403, 96405, 49412, 84685, 9390, 61008, 8385, 61016, 93355, 79105, 74176, 67243, 97412, 67360, 8291, 58709, 67096, 22296, 46487, 89453, 80908, 77583, 38176, 66723, 78523, 38316, 38465, 99870, 9660, 22168]
Tree:
None

Fitness:
[1.0, 0.5005226025607525]