Generation:
60

Phenotype:
def p():
  x = 0.0
  index = 28
  n = 33
  b = 30
  c = opposite[b]
  if main[17] < opposite[45] + 5:
    x = (x + 1.0)
  return x
XXX_output_XXX = p()

Genotype:
[57705, 2370, 38968, 27036, 31750, 40969, 67557, 46377, 46491, 60999, 84553, 14201, 64954, 23038, 1496, 66731, 20394, 78735, 66731, 20139, 12925, 43182, 18152, 15364, 52888, 64954, 2609, 37260, 49683, 46926, 86024, 91465, 54655, 66731, 62724, 86024, 47210, 31239, 25333, 48333, 68861, 3096, 62984, 19219, 62724, 86024, 30490, 53722, 9478, 25513, 9094, 93936, 9949, 62234, 85859, 84648, 43653, 14796, 75151, 23005, 66520, 52390, 39429, 39190, 46658, 25996, 49012, 59730, 62913, 1452, 53057, 38682, 98361, 51288, 85611, 18458, 17724, 18620, 52849]
Tree:
None

Fitness:
[1.0, 0.5005226025607525]