Generation:
60

Phenotype:
def p():
  x = 0.0
  index = 49
  n = 48
  b = 44
  c = main[b]
  if main[18] > opposite[1] + 4:
    x = (x + 0.9)
  return x
XXX_output_XXX = p()

Genotype:
[66032, 2370, 38968, 27036, 47428, 50239, 43653, 38076, 41303, 23005, 99160, 76044, 63443, 13262, 65910, 8443, 49012, 77494, 32086, 62528, 98858, 78438, 40093, 82844, 15090, 55565, 60687, 76408, 75424, 38417, 34388, 14258, 95702, 23261, 49930, 75922, 27705, 75060, 88510, 33893, 41325, 85732, 77316, 52320, 60544, 76045, 62349, 98437, 52320, 60544, 40085, 62349, 85732, 11741, 20941, 53467, 17893, 84964, 34736, 46304, 36739, 84553, 14201, 64954, 24086, 1496, 66731, 62724, 86024, 30576, 69590, 46660, 4415, 77340, 31200, 7640, 22717, 1850, 15436, 88550, 91570, 80274, 4440, 14048, 43258, 38412, 50489, 88080, 93096, 66702, 54552, 64705, 53847, 67751, 53439, 8692, 93400, 74832, 28273]
Tree:
None

Fitness:
[0.9024581589958159, 0.5054490951759848]