Generation:
60

Phenotype:
def p():
  x = 0.0
  index = 11
  n = 50
  b = 15
  c = opposite[b]
  if main[17] < opposite[33] + 4:
    x = (x + 0.7)
  return x
XXX_output_XXX = p()

Genotype:
[99553, 14174, 38968, 86366, 90944, 65521, 55385, 32680, 54534, 71626, 99349, 50769, 64954, 24086, 1496, 66731, 4827, 12884, 89951, 53246, 49131, 12021, 1845, 19150, 81968, 97167, 57792, 15090, 55565, 70257, 7532, 25514, 38417, 34388, 75608, 31670, 9236, 9275, 73493, 57443, 70612, 95923, 84553, 14201, 64954, 9906, 1496, 66731, 62724, 74452, 5081, 15300, 55229, 26248, 57726, 63550, 77549, 77316, 67525, 54674, 8507, 24457, 9547, 10924, 78473, 65660, 66940, 57617, 30682, 40090, 92426, 68395, 7691, 59400, 89412, 9921, 35609, 11817, 82986, 94153, 89325, 59132, 49851, 77466, 68400, 23702, 5999, 1068, 95805, 19309, 22219, 41786, 98458, 54529, 82031, 36255, 70475, 52193, 37037, 31051, 38148, 13213, 3401, 17359, 35048, 46080, 36730]
Tree:
None

Fitness:
[1.0, 0.5005226025607525]