Generation:
60

Phenotype:
def p():
  x = 0.0
  index = 8
  n = 47
  b = 18
  c = opposite[b]
  if main[17] < opposite[6] + 4:
    x = (x + 0.4)
  return x
XXX_output_XXX = p()

Genotype:
[41994, 57364, 38968, 27036, 23774, 99454, 66500, 4412, 75396, 1614, 15364, 81309, 64954, 24086, 1496, 66731, 23364, 86024, 63146, 99703, 44874, 5521, 90949, 18753, 9032, 26200, 33235, 27432, 35790, 99999, 64954, 24086, 1496, 66731, 62724, 86024, 5081, 170, 36473, 1496, 66731, 27981, 86024, 30221, 29799, 9478, 49412, 84685, 9390, 61008, 8385, 61016, 93355, 79105, 74176, 67243, 97412, 67360, 8291, 58709, 67096, 22296, 46487, 89453, 80908, 77583, 38176, 66723, 78523, 38316, 38465, 99870, 9660, 22168]
Tree:
None

Fitness:
[1.0, 0.5005226025607525]