Generation:
60

Phenotype:
def p():
  x = 0.0
  index = 28
  n = 47
  b = 28
  c = main[b]
  if main[17] < opposite[45] + 5:
    x = (x + 0.4)
  return x
XXX_output_XXX = p()

Genotype:
[52334, 59458, 38968, 89627, 31750, 97918, 66500, 14750, 19612, 30650, 86152, 39040, 64954, 24086, 1496, 66731, 62724, 62315, 15346, 23273, 66500, 34736, 69782, 76763, 84553, 10045, 94594, 24086, 1496, 66731, 20394, 12365, 14201, 96676, 79457, 1496, 48635, 62724, 86024, 5081, 87166, 65017, 90848, 9550, 86912, 17427, 92135, 18510, 56144, 19219, 16570, 55229, 26248, 19450, 4544, 91796, 1496, 66731, 62724, 86024, 5081, 53722, 9478, 49412, 84685, 9390, 61008, 8385, 61016, 93355, 79105, 74176, 67243, 97412, 67360, 8291, 58709, 67096, 22296, 46487, 89453, 80908, 77583, 38176, 66723, 78523, 38316, 38465, 99870, 9660, 22168]
Tree:
None

Fitness:
[1.0, 0.5005226025607525]