Generation:
60

Phenotype:
def p():
  x = 0.0
  index = 14
  n = 21
  b = 21
  c = main[b]
  if main[17] < opposite[45] + 4:
    x = 0.8
  return x
XXX_output_XXX = p()

Genotype:
[69670, 11202, 38968, 31809, 16640, 26607, 64485, 4771, 19656, 30139, 84553, 67020, 64954, 24086, 1496, 66731, 62724, 86024, 58815, 17687, 77406, 95605, 85732, 60276, 34602, 50958, 62523, 33661, 56886, 69194, 86655, 44308, 84921, 62299, 71920, 98437, 26350, 43066, 33893, 41325, 85732, 60276, 34602, 69593, 45274, 4232, 58684, 84075, 96264, 4050, 80156, 96411, 26818, 86665, 73058, 46423, 22157, 83602, 21772, 89084, 40829, 65053, 14178, 24593, 49414, 17092, 30472, 23456, 74295, 39086, 34201, 30236, 20804, 51737, 26196, 48876, 59768, 38625, 71748, 28240, 75791, 57135, 17748, 93565, 97084, 35930, 72056, 86454, 64513, 65300, 98318, 66956, 37710, 94759, 62912, 64209, 97080, 55053, 46637, 65212, 18451, 1119, 57580, 43081, 73317, 31700, 29436, 59282, 40804, 28850, 24223, 48019, 3341, 69992, 64254, 8858, 57228, 94451, 63117, 80101, 84017, 16572, 86970, 35609, 54222, 31099, 63420, 39747, 4293, 78492, 13025, 92549, 46522, 72851, 12334, 61100, 94827, 39051, 76031, 46005, 86563, 66561, 45498, 70147, 80962, 45027, 43469, 89723, 55859, 31932, 9608, 74204, 1636, 12339, 74316, 11413, 47943, 27225, 4002]
Tree:
None

Fitness:
[1.0, 0.5005226025607525]