Generation:
60

Phenotype:
def p():
  x = 0.0
  index = 28
  n = 18
  b = 15
  c = opposite[b]
  if main[17] < opposite[45] + 4:
    x = (x + 0.1)
  return x
XXX_output_XXX = p()

Genotype:
[25638, 2370, 38968, 32713, 31750, 6300, 43368, 20016, 54534, 30433, 45478, 50769, 64954, 24086, 1496, 51083, 62724, 86024, 54591, 77230, 49012, 29956, 18856, 78631, 98811, 11672, 61093, 87121, 6984, 73363, 7332, 10857, 13164, 48022, 86024, 31618, 3023, 9478, 49412, 11595, 54886, 12240, 78972, 54234, 64251, 48656, 39223, 20230, 31324, 6126, 87912, 66928, 80038, 5955, 74996, 28351, 63086, 74298, 7366, 5396, 29936, 37081, 90605, 5970, 17088, 52094, 64924, 32221, 75678, 55705, 98144, 71518, 29590, 39954, 50590, 89698, 82131, 60522, 99183, 85419, 29163, 37684, 72742, 22990, 34140, 12283, 73260, 35459, 25097, 2269]
Tree:
None

Fitness:
[1.0, 0.5005226025607525]