Generation:
60

Phenotype:
def p():
  x = 0.0
  index = 23
  n = 3
  b = 30
  c = main[b]
  if main[1] < opposite[45] + 9:
    x = (x + 0.1)
  return x
XXX_output_XXX = p()

Genotype:
[54795, 73870, 6928, 72274, 11192, 31125, 48912, 17771, 49857, 15303, 84553, 88976, 18699, 24086, 25246, 60767, 62724, 60179, 18696, 9440, 29416, 66500, 79246, 67340, 34950, 84553, 14201, 64954, 24086, 1496, 66731, 62724, 86024, 5081, 28952, 63605, 17878, 73320, 56164, 82472, 46340, 12066, 98020, 50230, 24888, 88427, 84471, 43027, 53637, 86048, 88200, 32086, 1845, 19150, 73954, 97167, 33056, 15090, 9036, 59552, 9478, 49412, 84685, 9390, 29190, 8385, 85088, 452, 79105, 74176, 5911, 97412, 67360, 40295, 58709, 67096, 22296, 46487, 89453, 13688, 77583, 38176, 66723, 78523, 38316, 38465, 99870, 9660, 22168]
Tree:
None

Fitness:
[1.0, 0.5005226025607525]