Generation:
60

Phenotype:
def p():
  x = 0.0
  index = 40
  n = 1
  b = 36
  c = main[5] - opposite[30]
  if main[17] < opposite[45] + 5:
    x = (x + 1.0)
  return x
XXX_output_XXX = p()

Genotype:
[58987, 18355, 38968, 58164, 89341, 89174, 63088, 34736, 43182, 21726, 99350, 20604, 64954, 24086, 34736, 49293, 59452, 58719, 44553, 64954, 24086, 1496, 66731, 20394, 78735, 56231, 75929, 6501, 19501, 75144, 58815, 76800, 96606, 23471, 88647, 7332, 44874, 13164, 7354, 67195, 62984, 19219, 16570, 55229, 26248, 31671, 66731, 62724, 60179, 5081, 53722, 9478, 49412, 84685, 9390, 61008, 8385, 61016, 93355, 79105, 74176, 67243, 97412, 67360, 8291, 58709, 67096, 22296, 46487, 89453, 80908, 77583, 38176, 66723, 78523, 38316, 38465, 99870, 9660, 22168]
Tree:
None

Fitness:
[1.0, 0.5005226025607525]