Generation:
5

Phenotype:
def p():
  x = 0.0
  index = 23
  n = 41
  b = 43
  c = sum(main[:-index])
  if c > opposite[b]:
    x = 0.3
  return x
XXX_output_XXX = p()

Genotype:
[52321, 752, 74068, 76207, 93812, 20085, 98777, 50745, 86845, 51600, 87627, 1774, 81569, 41322, 26438, 82717, 71113, 21020, 48102, 50952, 55914, 89255, 4508, 48276, 34349, 64076, 59595, 6242, 8296, 78635, 68075, 31954, 27739, 99099, 80349, 85814, 68227, 99908, 84936, 46113, 68980, 24735, 46192, 96974, 1094, 22036, 51751, 50443, 25149, 58138, 63652, 90626, 20061, 85195, 6622, 21109, 52152, 69884, 70598, 74402, 17603, 99059, 21368, 3913, 10752, 92027, 74267, 44537, 5133, 56946, 85612, 58563, 58251, 46147, 80717, 77402, 60553, 83667, 58234, 61525, 47103, 980, 97249, 39900, 75630, 36060, 65551, 30977, 62087, 80935, 9598, 63670, 91940, 71976, 52778, 67593, 69544, 85462, 91943, 14043, 497, 5864, 39099, 58221, 21212, 21702, 90840, 21335, 42900, 9684, 19223, 51052, 84850, 45906, 20985, 42904, 37139, 31345, 23923, 61258, 11665, 74155, 69048, 21095, 57259, 47527, 49247, 49203, 52963, 10745, 16109, 27894, 9425, 98976, 5246, 73380, 43741, 86337, 67018, 48770, 60096, 63660, 71547, 67541, 40108, 60791, 55816, 36412, 70327, 81895, 17936, 25518, 46762, 38732, 4752, 90775, 14780, 64765, 63244, 54721, 88850, 46970, 90557, 79044, 7495, 91824, 60670, 12264, 47083, 67596, 77512, 1046, 89553, 95504, 23825, 70124, 79341, 64072, 93393, 3220, 95225, 91647, 70761, 5868, 81308, 60971, 69477, 40978, 21719, 32794, 77212, 71345, 20771, 46354, 40536, 82732, 64072, 11257, 77012, 46478, 14120, 13756, 70431, 40147, 12294, 80586, 99901, 81784, 91737, 66221, 80466, 51055, 21495, 88608, 98889, 37395, 25445, 34941, 64883, 48036, 47815, 46399, 66112, 30188, 77888, 35174, 23252, 29655, 70788, 85428, 32317, 77136, 49243, 36264, 53852, 16079, 38276, 42329, 91922, 84803, 74567, 49631, 91705, 22700, 80161, 34405, 12309, 37420, 67555, 6769, 10024, 83710, 65306, 13051, 30719, 33725, 57505, 89579, 83546, 70291, 59816, 81163, 31637, 20034, 79207, 52502, 19718, 14647, 19450, 70230, 44852, 78486, 62836, 59717, 82709, 87785, 8473, 19078, 20364, 27781, 54360, 90315, 81181, 69841, 40501, 27497, 47860, 69809, 68421, 36688, 54325, 59401, 62684, 71641, 88418, 76667, 88282, 95213, 98452, 21300, 6689, 51929, 59794, 22445, 18070, 78794, 33693, 47097, 86232, 63448, 91669, 92640, 10468, 35616, 63322, 64110, 23863, 53970, 86610, 80418, 91290, 40125, 73877, 6926, 14081, 76248, 96946, 17906, 13547, 11704, 67553, 95094, 28114, 832, 62429, 94876, 34717, 53647, 5147, 88210, 28638, 77476, 26009, 36989, 11993, 33319, 90330, 93283, 95129, 20239, 5458, 85192, 78508, 55212, 7107, 36130, 43131, 22154, 71303, 63838, 71438, 66320, 90451, 86570, 96165, 98498, 38985, 24537, 34200, 10570, 92026, 66073, 21889, 50447, 16985, 29868, 61399, 24414, 87772, 10532, 32251, 85582, 98513, 89840, 55458, 59169, 94051, 58421, 30173, 8781, 12851, 57261, 76656, 79211, 26526, 52276, 88800, 89581, 27813, 65492, 49441, 85082, 59497, 10528, 53567, 93628, 46109, 71599, 1935, 1596, 44000, 75701, 14239, 53692, 93437, 26714, 55152, 29193, 50727, 19157, 96952, 84809, 49859, 62081, 64139, 5952, 59751, 69555, 35248, 26396, 97491, 35940, 73534, 33032, 55783, 45141, 57925, 97272, 92824, 58959, 53221, 70670, 16104, 6466, 80114, 21163, 96976, 74904, 37510, 10880, 90326, 20473, 33300, 69720, 83976, 47009, 31809, 90250, 36870, 25740, 62097, 9127, 34947, 22355, 13863, 22792, 14542, 43868, 65978, 37430, 20744, 29709, 2043, 73931, 40840, 275, 7288, 24915, 85458, 56370, 27522, 73963, 54111, 82525, 30382, 43056, 79376, 62562, 47581, 78590, 44062, 82224, 36996, 93198, 74291, 61507, 22957]
Tree:
None

Fitness:
[1.0, 0.5001308557969117]