Generation:
5

Phenotype:
def p():
  x = 0.0
  index = 23
  n = 30
  b = 43
  c = sum(main[-index:])
  if main[b] < opposite[b] + 9:
    x = 0.5
  return x
XXX_output_XXX = p()

Genotype:
[477, 86762, 74068, 12841, 93812, 20085, 67452, 50833, 86845, 21519, 45594, 97762, 37466, 36289, 25464, 10833, 3769, 36845, 27704, 68452, 17907, 68234, 6752, 73039, 76832, 74194, 53334, 79469, 42111, 6304, 36096, 26607, 62532, 34808, 3028, 24521, 68218, 5623, 26755, 24317, 4329, 59709, 27676, 37200, 91222, 30749, 63609, 93470, 84726, 31425, 14480, 87886, 82294, 55236, 14396, 48525, 64925, 95429, 36671, 39452, 83857, 75915, 59526, 69396, 22688, 71992, 19467, 96448, 13204, 19866, 80663, 32594, 55818, 96434, 28191, 74827, 45741, 49825, 11217, 9033]
Tree:
None

Fitness:
[1.0, 0.5001308557969117]