Generation:
5

Phenotype:
def p():
  x = 0.0
  index = 2
  n = 41
  b = 43
  c = sum(main[-index:])
  if main[b] < opposite[b] + 9:
    x = (x + 0.5)
  return x
XXX_output_XXX = p()

Genotype:
[477, 97710, 74068, 51450, 20402, 20085, 98777, 50833, 86845, 6842, 49902, 33682, 37466, 36289, 25464, 10833, 3769, 66551, 27704, 47579, 46047, 20258, 15850, 77164, 62996, 66924, 69047, 79792, 15580, 77755, 5450, 78027, 74775, 34148, 94362, 67445, 31998, 11761, 46592, 58708, 49219, 69952, 54327, 47957, 49437, 24027, 34093, 74106, 82144, 66532, 25942, 77214, 95300, 24931, 38301, 67872, 34522, 70241, 14864, 75757, 40444, 61942, 5196, 11272, 85352, 44512, 99857, 6712, 29512, 45184, 7436, 61525, 2761, 30059, 60687, 62938, 44280, 70030, 24933, 24270, 2711, 46133, 29148, 48744, 44383, 44407, 8287, 19854, 28576, 94367, 71880, 32712, 40666, 31372, 15779, 85618, 87434, 35624, 85064, 36016, 25274, 15385, 96085, 31945, 12080, 37354, 97513, 55765, 95289, 89437, 10375, 61784, 96995, 14697, 53019, 88925, 77593, 39857, 12143, 28485, 31252, 80137, 98256, 44664, 11880, 21762, 86030, 89365, 43232, 93649, 92372, 46997, 68951, 88394, 27004, 38466, 97480, 16125, 40144, 40324, 13360, 26155, 89756, 46221, 44594, 21440, 54821, 94499, 29032, 22147, 43098, 52402, 15312, 39181, 37648, 3372, 14686, 51302, 55668, 97667, 94803, 18326, 95785, 98337, 81984, 71981, 9900, 55806, 71072, 8183, 59650, 98724, 4004, 71515, 26346, 37727, 22359, 87335, 6389, 46633, 90945, 64367, 17133, 42112, 76, 99784, 80221, 88468, 59944, 43975, 4569, 86195, 12454, 90058, 87474, 93253, 96412, 29211, 25911, 21285, 88834, 95214, 62906, 85107, 96597, 83476, 27291, 99124, 65868, 47203, 90916, 84772, 8942, 52687, 96764, 85130, 52426, 80785, 18141, 55717, 59671, 55498, 64774, 56153, 59435, 53806, 29964, 13018, 38930, 9519, 67571, 67313, 29585, 33833, 84561, 43640, 57597, 1963, 67610, 21664, 70424, 41446, 59336, 52587, 24550, 15986, 83020, 10138, 67798, 31286]
Tree:
None

Fitness:
[1.0, 0.5001308557969117]