Generation:
5

Phenotype:
def p():
  x = 0.0
  n = 13
  b = 9
  c = opposite[47]
  if opposite[5] > main[16] + 7:
    x = 0.3
  return x
XXX_output_XXX = p()

Genotype:
[44499, 56087, 50020, 9128, 27502, 10958, 90534, 81965, 32326, 45027, 26006, 43734, 60803, 50597, 66414, 33523, 80197, 15485, 91392, 54955, 94, 87574, 57304, 78735, 29653, 23888, 80169, 8154, 47003, 23092, 5108, 23072, 68296, 54178, 73024, 15100, 74568, 89556, 6615, 50840, 72016, 130, 53996, 32477, 91990, 41671, 74296, 25076, 76889, 90655, 25537, 52125, 74273, 75548, 24807, 24198, 52640, 76944, 37728, 71247, 99306, 40863, 4044, 35422, 21364, 88298, 14690, 89148, 33515, 32398, 95534, 91961, 12160, 6739, 51117, 89432, 95897, 55150, 86261, 54685, 66493, 64354, 34779, 6801, 75198, 68403, 35586, 50599, 12942, 53883, 94009, 90720, 38401, 45202, 75103, 1351, 4408, 56296, 48142, 14532, 12315, 34604, 85606, 33091, 60768]
Tree:
None

Fitness:
[0.4375, 0.584949649737303]