Generation:
5

Phenotype:
def p():
  x = 0.0
  n = 10
  b = 0
  c = sum(main[-n:])/n
  if main[31] > main[25] + 6:
    x = (x + 0.6)
  n = 12
  b = 26
  c = opposite[b]
  if main[b] < main[b] + 6:
    x = (x - 0.1)
  return x
XXX_output_XXX = p()

Genotype:
[63707, 80241, 6057, 96407, 25459, 67050, 67881, 53851, 80277, 95832, 98002, 64926, 62302, 48278, 15223, 97206, 47151, 71835, 64088, 51948, 58662, 53451, 10073, 78996, 60697, 48225, 63391, 6896, 66220, 90526, 23737, 69160, 63003, 96582, 6781, 22844, 93080, 61237, 8451, 38114, 41532, 44671, 69805, 32315, 15257, 37681, 51491, 63810, 6534, 84844, 80158, 94181, 48570, 81803, 71030, 17609, 86302, 96444, 54320, 79038, 58375, 2729, 7884, 10034, 85459, 12579, 20190, 40096, 35832, 74400, 21678, 63214, 48909, 44403, 68739, 10466, 88048, 97439, 67243, 63221, 33776, 68658, 81574, 71502, 87429, 77977, 46002, 77876, 5144, 89626, 61559, 47397, 59331, 20156, 15263, 64935, 89171, 3461, 59727, 44423, 69002, 14064, 53589, 22547, 87055, 71597, 85795, 38570, 41857, 2168, 4080, 86420, 63276, 95665, 51771, 35503, 79487, 76752, 57223, 92684, 61513, 72125, 26310, 8039, 85830, 71860, 64483, 15328, 42621, 68267, 44210, 54657, 80207, 36320, 90618, 47061, 21284, 3278, 24004, 69098, 55085, 85753, 25211, 39682, 42583, 9264, 19517, 73920, 61507, 69158, 52065, 32258, 18098, 94153, 77149, 35909, 54399, 68346, 4654, 82476, 96594, 75751, 56951, 69549, 93614, 67078, 11949, 8397, 55578, 4080, 90047, 67460, 35247, 33543, 49393, 37097, 17258, 4487, 50687, 72392, 97035, 42486, 69292, 29678, 34, 16305, 49253, 53970, 22414, 82293, 26455, 26262, 69100, 97750, 11230, 94716, 33183, 41250, 29346, 31967, 48193, 11891, 97881, 50013, 21938, 58739, 16002, 64695, 37275, 85630, 44071, 71387, 14956, 38891, 74190, 92168, 12470, 46767, 37160, 23758, 48169, 6931, 48094, 25696, 5445, 20537, 68366, 34845, 8689, 53832, 22232, 35709, 34009, 97920, 99685, 50199, 80634, 65162, 40756, 41676, 68281, 46408, 97351, 85185, 41755, 24679, 15756, 39600, 91149, 97561, 41971, 2987, 18810, 9470, 44631, 38832, 95925, 50016, 11813, 42812, 88677, 11708, 534, 52183, 57034, 73173, 47908, 57134, 14998, 96357, 38923, 86483, 35797, 919, 82303, 49492, 99035, 7131, 39856, 55051, 76752, 36019, 4203, 69121, 50118, 76404, 95730, 71115, 97997, 14019, 1824, 20865, 27282, 33758, 50, 18812, 36942, 15712, 44223, 94458, 95655, 3070, 75612, 17248, 75459, 70342, 99766, 80761, 97794, 3219, 20386, 56590, 99576, 17032, 2761, 86384, 44620, 74610, 51253, 31384, 26815, 17837, 91782, 82766, 74472, 76045, 14760, 5939, 68236, 82411, 93646, 60723, 4880, 25912, 40853, 8493, 55296, 82403, 81917, 43528, 22846, 46397, 33555, 13479, 78329, 31022, 10171, 48913, 68928, 98698, 62963, 85728, 46027, 78941, 8477, 43473, 47754, 17952, 39167, 97873, 66363, 74188, 60741, 24422, 19832, 24511, 30785, 77242, 96335, 39167, 40998, 39416, 26626, 11741, 34664, 34098, 55628, 72226, 39911, 68379, 96553, 9829, 85692, 21509, 8631, 44812, 20403, 70228, 41478, 90160, 68375, 35240, 51584, 57547, 32508, 2244, 94670, 61944, 28252, 52310, 57822, 76879, 30619, 13557, 36752, 3157, 89510, 76508, 12718, 70687, 16002, 85033, 19939, 51862, 28328, 36803, 2934, 52624, 57221, 14633, 98462, 77937, 49841, 20188, 11686, 69117]
Tree:
None

Fitness:
[0.9305555555555556, 0.5726332944152559]