Generation:
5

Phenotype:
def p():
  x = 0.0
  index = 11
  n = 1
  b = 8
  c = sum(main[:-index])
  if abs(sum(main[-index:]) - sum(opposite[-index:])) > 100:
    x = (x - 0.5)
  index = 45
  n = 35
  b = 24
  c = main[19]
  if opposite[3] > opposite[b] + 2:
    x = (x + 1.0)
  return x
XXX_output_XXX = p()

Genotype:
[83555, 95398, 51533, 52674, 48257, 70099, 81550, 46329, 75488, 89091, 89871, 52194, 39539, 11645, 97986, 90462, 36832, 59371, 89692, 34984, 47696, 57490, 77769, 70164, 26300, 60814, 48270, 13163, 68869, 86686, 90544, 9383, 84927, 27645, 17097, 36832, 59371, 59519, 34340, 47696, 83608, 5328, 70164, 26300, 60814, 92976, 29821, 30281, 73222, 54190, 45916, 40062, 63203, 57922, 80950, 77785, 84771, 85241, 99232, 31835, 97742, 49929, 91853, 78029, 62511, 73931, 88196, 67251, 250, 2394, 19393, 96418, 34520, 7495, 49443, 16160, 41544, 29156, 70218, 53356, 24483, 86874, 41051, 99201, 15792, 47866, 11410, 36984, 60071, 27132, 36449, 67106, 71511, 11204, 4766, 85688, 65321, 99572, 33798, 77414, 12364, 72103, 63903, 28664, 30821, 12227, 79923, 49365, 90467, 52734, 55489, 75183, 28598, 41847, 91623, 22103, 14937, 30825, 28681, 19375, 47962, 68037, 94266, 76096, 60288, 52618, 16313, 22331, 32958, 4483, 20054, 71475, 77136, 36512, 61239, 13667, 97530, 50999, 41353, 32235, 19717, 61266, 98251, 3261, 382, 58719, 72366, 92078, 34079, 31757, 5448, 52384, 77105, 61896, 31814, 53105, 48353, 61891, 61491, 10471, 71411, 68401, 27058, 79514, 2456, 75603, 82277, 99796, 43425, 54529, 69756, 5562, 44806, 72592, 72649, 46382, 92915, 20313, 66961, 15013, 84804, 7034, 99233, 84500, 30991, 96289, 96628, 22335, 32304, 12661, 25859, 43347, 56034, 43610, 93101, 45929]
Tree:
None

Fitness:
[0.02247191011235955, 0.49658010580205786]