Generation:
5

Phenotype:
def p():
  x = 0.0
  index = 49
  n = 11
  b = 32
  c = main[b]
  if opposite[b] < sum(opposite[-index:]) - sum(main[-index:]) - main[b] + main[b]:
    x = (x + 0.9)
  return x
XXX_output_XXX = p()

Genotype:
[32879, 16782, 71916, 55876, 50488, 16247, 65189, 44346, 85508, 42277, 17233, 94356, 56256, 34087, 29629, 22261, 16712, 82972, 96080, 61756, 69720, 55449, 25130, 36037, 39593, 88458, 795, 77820, 28460, 3309, 59401, 72956, 63992, 24247, 85284, 17921, 63338, 82806, 17882, 64271, 36621, 29739, 55876, 34988, 71587, 22655, 21622, 29704, 96177, 3376, 63000, 68494, 5251, 45602, 97233, 73623, 97088, 56549, 76270, 85401, 56758, 1862, 8103, 82155, 26741, 23941, 19267, 18233, 92803, 20420, 63117, 73478, 58342, 54104, 24166, 79423, 55203, 99028, 95599, 40598, 42047, 24564, 2824, 16616, 57604, 86986, 85758, 57623, 24646, 64306, 70522, 42385, 57055, 52753, 24747, 22446, 85337, 58750, 85400, 23313, 40037, 27866, 69100, 39829, 83208, 88914, 26284, 57502, 10399, 56254, 64292, 21220, 58616, 55782, 29603, 44324, 40410, 18717, 40600, 1443, 85113, 843, 10105, 28325, 30086, 15195, 22394, 16451, 54954, 5855, 33913, 78487, 75892, 55591, 96164, 81784, 77182, 52067, 35489, 74571, 34388, 49403, 83950, 38973, 70285, 46399, 48010]
Tree:
None

Fitness:
[0.25842696629213485, 0.4707471130858737]