Generation:
60

Phenotype:
def p():
  x = 0.0
  index = 23
  n = 20
  b = 46
  c = sum(main[:-index])
  if abs(sum(main[-index:]) - sum(opposite[-index:])) > 100:
    x = (x + 0.8)
  return x
XXX_output_XXX = p()

Genotype:
[8588, 13428, 58448, 39517, 67241, 6364, 88199, 97834, 69049, 20984, 68934, 21710, 67589, 83005, 9912, 87912, 40670, 88651, 87156, 71987, 38926, 57692, 75232, 56022, 65221, 12204, 38585, 42578, 65314, 60353, 67340, 13452, 2219, 44457, 25093, 61585, 30604, 17187, 92817, 96828, 868, 32152, 65100, 17046, 30617, 79412, 98545, 65917, 34330, 41907, 70297, 498, 78960, 38858, 4144, 78343, 90985, 33619, 87118, 37018, 81801, 50404, 7192, 84567, 35090, 75544, 89236, 74623, 52229, 24077, 42977, 90445, 70260, 42397, 37143, 68844, 86572, 50454, 56066, 42624, 8785, 59180, 27968, 47515, 3796, 98922, 90609, 9548, 75845, 44935, 72325, 99879, 34605, 25003, 31713, 52584, 48721, 45737, 75398, 69200, 25264, 35163, 2147, 28272, 67578, 28410, 88442, 71861, 16743, 90490, 40519, 46716, 74781, 34497, 44268, 87140, 93659, 51696, 129, 33930, 95503, 18776, 17467, 10438, 30766, 93983, 41377, 23723, 95316, 40164, 90201, 57886, 13005, 66700, 42743, 38923, 51979, 14793, 35691, 59873, 88006, 3684, 15996, 88327, 2012, 84785, 45870, 37851, 98586, 94494, 50600, 18245, 77615, 67178, 24108, 41307, 22049, 22214, 94493, 67486, 55891, 97956, 29655, 55618, 63402, 57469, 92086, 46037, 91878, 92952, 78704, 70023, 99832, 53161, 67729, 97448, 4299, 76674, 34920, 98096, 94996, 19872, 20741, 52661, 7505, 60362, 7645, 3854, 3532, 92396]
Tree:
None

Training fitness:
[0.9568514644351465, 0.5028574019327549]
Test fitness:
[0.9510416666666667, 0.499130487058412]