Generation:
60

Phenotype:
def p():
  x = 0.0
  index = 20
  n = 24
  b = 7
  c = sum(opposite[-index:])
  if abs(sum(main) - sum(opposite)) > 1000:
    x = (x + 0.1)
  index = 23
  n = 21
  b = 36
  c = main[33]
  if sum(main[-index:]) - sum(main[:-index]) > opposite[43] - main[b]:
    x = (x - 0.1)
  return x
XXX_output_XXX = p()

Genotype:
[85363, 15974, 44553, 71520, 32966, 75280, 9204, 16674, 38155, 70101, 26259, 21627, 52086, 83005, 36003, 41718, 65221, 90420, 56212, 41354, 30674, 67484, 68208, 20825, 55830, 7091, 96388, 28474, 6357, 61336, 79412, 42644, 52929, 93970, 87806, 70297, 498, 78960, 68983, 4144, 60419, 90985, 33619, 49731, 37018, 81801, 50404, 7192, 84567, 35090, 75544, 89236, 74623, 52229, 24077, 42977, 90445, 70260, 42397, 37143, 68844, 86572, 50454, 56066, 42624, 8785, 59180, 27968, 47515, 3796, 98922, 90609, 9548, 75845, 44935, 72325, 99879, 34605, 25003, 31713, 52584, 48721, 45737, 75398, 69200, 25264, 35163, 2147, 28272, 67578, 28410, 88442, 71861, 16743, 90490, 40519, 46716, 74781, 34497, 44268, 87140, 93659, 51696, 129, 33930, 95503, 18776, 17467, 10438, 30766, 93983, 41377, 23723, 95316, 40164, 90201, 57886, 13005, 66700, 42743, 38923, 51979, 14793, 35691, 59873, 88006, 3684, 15996, 88327, 2012, 84785, 45870, 37851, 98586, 94494, 50600, 18245, 77615, 67178, 24108, 41307, 22049, 22214, 94493, 67486, 55891, 97956, 29655, 55618, 63402, 57469, 92086, 46037, 91878, 92952, 78704, 70023, 99832, 53161, 67729, 97448, 4299, 76674, 34920, 98096, 94996, 19872, 20741, 52661, 7505, 60362, 7645, 3854, 3532, 92396]
Tree:
None

Training fitness:
[0.9869246861924686, 0.5024772372692158]
Test fitness:
[0.8125, 0.5027872507869884]