Generation:
60

Phenotype:
def p():
  x = 0.0
  index = 26
  n = 25
  b = 46
  c = sum(main[:-index])
  if abs(sum(main) - sum(opposite)) > 1000:
    x = 0.2
  index = 24
  n = 8
  b = 45
  c = opposite[4] + main[43]
  if opposite[b] < opposite[40] + 2:
    x = 0.1
  return x
XXX_output_XXX = p()

Genotype:
[8588, 98528, 44553, 39517, 57095, 12162, 84073, 62389, 69049, 36247, 5397, 21710, 4663, 83005, 91301, 41718, 40670, 88651, 87156, 54508, 56379, 35887, 80027, 30876, 23352, 98297, 64040, 68464, 68137, 55003, 60286, 57692, 75232, 56022, 65221, 12204, 70745, 59363, 54406, 65362, 13125, 21090, 79000, 23571, 96634, 20158, 74948, 76227, 41925, 13514, 50409, 65314, 93743, 59557, 9518, 29268, 55575, 27858, 56662, 30078, 31011, 64884, 97053, 67510, 70144, 14926, 93112, 92890, 56665, 96927, 44620, 57988, 62215, 77436, 73765, 86753, 73545, 84216, 50395, 41596, 93004, 73000, 95461, 29548, 24390, 69661, 64519, 50771, 48834, 97940, 45902, 70905, 21705, 22551, 50297, 37382, 35531, 7411, 74478, 66492, 66489, 58257, 85401, 85286, 96960, 21803, 18556, 89957, 10930, 25740, 78770, 33935, 28361, 50274, 89842, 62235, 23302, 41109, 48409, 66542, 86877, 80423, 77847, 33229, 38345, 98074, 39761, 79540, 27108, 3559, 43214, 95213, 62197, 74421, 6886, 33121, 62586, 69933, 4721, 81936, 66565, 73074, 97684, 27968, 58187, 13849, 73371, 18756, 11996, 91662, 66828, 22011, 75108, 8169, 49150, 93100, 55957, 12580, 84359, 98738, 81929, 48432, 16207, 95799, 30314, 44445, 19503, 99595, 3422, 65731, 26138, 56599, 44635, 41027, 37989, 98003, 79523, 26760, 38539, 60374, 96775, 84791, 32736, 52943, 73988, 72750, 36959, 63390, 84093, 9965, 20269, 19068, 25478, 56764, 16366, 50330, 31056, 76945, 14408, 5819, 88799, 84174, 9576, 4691, 54502, 43536, 17142, 68007, 85135, 55380, 79762, 14538, 24292, 55853, 87936, 24550, 54137, 10440, 67534, 62818, 72443, 16686, 83320, 75965, 52686, 21184, 14843, 41185, 35673, 24613, 33998, 35617, 89924, 74662, 20835, 16315, 59284, 20587, 50032, 58091, 51159, 24580, 31884, 73899, 31893, 24793, 42645, 37615, 79778]
Tree:
None

Training fitness:
[0.8946129707112971, 0.5055766708795576]
Test fitness:
[0.9114583333333334, 0.5013744972018188]