Generation:
60

Phenotype:
def p():
  x = 0.0
  index = 39
  if abs(sum(main) - sum(opposite)) > 5000:
    x = (x + 0.2)
  return x
XXX_output_XXX = p()

Genotype:
[84484, 39240, 50836, 27641, 67171, 1560, 79743, 82144, 93382, 48215, 41983, 85270, 37126, 15155, 51641, 81520, 87883, 27721, 43007, 38008, 41213, 78464, 78204, 86992, 54975, 46056, 55896, 40057, 57224, 38631, 71965, 9355, 81185, 45799, 23813, 55812, 35636, 57424, 35037, 21285, 61364, 69835, 52328, 97435, 86717, 47534, 89698, 57649, 17750, 95166, 36608, 40901, 62224, 11593, 84181, 20886, 41696, 30617, 81504, 34369, 12761, 49981, 62947, 59970, 35647, 84870, 55494, 24073, 60466, 99976, 14153, 66106, 43933, 58722, 44708, 83456, 69543, 22131, 21545, 45682, 11235, 78428, 21755, 69923, 8228, 43436, 83358, 12956, 71333, 96564, 31804, 96698, 29507, 2426, 25359, 46408, 99365, 9326, 11783, 90077, 37439, 31995, 18558, 61473, 1679, 62572, 53889, 29369, 71773, 83531, 95455, 58415, 49295, 42419, 39567, 91688, 34574, 10419, 96544, 57624, 68850, 62714, 56861, 43286, 66935, 77723, 37001, 82121, 3126, 70644, 19805, 99523, 88688, 11777, 91922, 15991, 77590, 30854, 45416, 60836, 39215, 22043, 73844, 6839, 60093, 8453, 93437, 21162, 97993, 11728, 24325, 62192, 83992, 78412, 88906, 93207, 67885, 98692, 90761, 69918, 75005, 31595, 65760, 44031, 86763, 48687, 35594, 52318, 86805, 1688, 67238, 36477, 79535, 16858, 99174, 82777, 78266, 10921, 7806, 49141, 77955, 65145, 27652, 82968, 62238, 7821, 77488, 84068, 30511, 51541, 17051, 48646, 60824, 93179, 57095, 6237, 4775, 76577, 67676, 3535, 81308, 7719, 37433, 3625, 41560, 71141, 8104, 25731, 23295, 62205, 99953, 79592, 54063, 25366, 86288, 99038, 3603, 38148, 13859, 96689, 21702, 77388, 31266, 62714, 93308, 11530, 40861, 79863, 11804, 58996, 93011, 82607, 12242, 71033, 76958, 84549, 39146, 65593, 76144, 42344, 96230, 11883, 37483]
Tree:
None

Training fitness:
[0.9763313609467456, 0.6858882477611574]
Test fitness:
[0.7435897435897436, 0.5799114170602204]