Generation:
9

Phenotype:
def p():
  x = 0.0
  index = 30
  if sum(opposite) / 52 > sum(main[-index:]):
    x = (x - 0.00001)
  index = 4
  if main[index] < 1:
    if opposite[index] > main[index] + 0.000001:
      x = (x - 1.0)
  else:
    if main[index] < main[index] + 9:
      x = (x + 0.000001)
    else:
      x = (x - 1.0)
  return x
XXX_output_XXX = p()

Genotype:
[95041, 74304, 3481, 643, 69242, 92611, 82395, 42529, 81762, 27476, 59516, 92472, 52731, 63138, 45520, 74460, 10508, 36329, 22640, 91263, 51092, 11921, 57463, 44687, 66605, 47808, 92856, 71629, 88412, 74017, 59621, 10015, 80182, 40541, 78905, 5257, 56412, 19266, 22388, 47963, 78165, 11485, 75862, 61969, 78822, 62103, 759, 31925, 53833, 38151, 67419, 58802, 43963, 72883, 70638, 23378, 43808, 90176, 42821, 46695, 2962, 96169, 66393, 35072, 15852, 36797, 64217, 9452, 56315, 47462, 65386, 62032, 85339, 20803, 46596, 21205, 99213, 53772, 47665, 93822, 48708, 93651, 64314, 98673, 7494, 4932, 85925, 47915, 77029, 53576, 89352, 8904, 3210, 22256, 55209, 23676, 96259, 87691, 75170, 10365, 79595, 77674, 54554, 59471, 44438, 9539, 24106, 76228, 40396, 31623, 36247, 71061, 13783, 90364, 79525, 25537, 67292, 96853, 66185, 39342, 86772, 45720, 91863, 30598, 90362, 84448, 46009, 66071, 26893, 46232, 40070, 16304, 50207, 3852, 43904, 55026, 46744, 15493, 37183, 18316, 29040, 95728, 39134, 40270, 25012, 85102, 52527, 38457, 21295, 48815, 13421, 75567, 52786, 41046, 61031, 29159, 94217, 71327, 38535, 32177, 64459, 13594, 26477, 87780, 93213, 91437, 65886, 21265, 92405, 1374, 95044, 8899, 85259, 6790, 28899, 29582, 10065, 7168, 64283, 9106, 6438, 95243, 50096, 89141, 72284, 69525, 29062, 50029, 26542, 77118, 2760, 30622, 28867, 65713, 8279, 44543, 53464, 47547, 94414, 69579, 60394, 15138, 43732, 45186, 1750, 19669, 52086, 48951, 11720, 75521, 52802, 77896, 75746, 84119, 46561, 87462, 84954, 92950, 59373, 69325, 66931, 22477, 19863, 15528, 95570, 14367, 41466, 84010]
Tree:
None

Fitness:
[0.8266213389121339, 0.5386046333964902]