Generation:
20

Phenotype:
def p():
  x = 0.0
  index = 5
  if abs(sum(main[-index:]) - sum(opposite[:-index])) > 500:
    x = (x - 0.1)
  return x
XXX_output_XXX = p()

Genotype:
[31226, 35662, 10128, 89736, 72425, 7482, 12766, 78252, 77003, 51687, 26667, 78390, 38142, 6478, 8544, 1833, 38713, 11524, 85409, 24298, 89337, 20868, 82283, 30913, 14385, 49537, 439, 71041, 46880, 39378, 29164, 31471, 32926, 59190, 58180, 96402, 91191, 99523, 65681, 91110, 29853, 33871, 33621, 78790, 81082, 23180, 76407, 52346, 51691, 5799, 27934, 5756, 83, 66532, 72837, 29247, 22722, 35716, 74617, 50517, 81282, 34445, 48073, 65049, 32195, 45789, 74240, 91758, 7258, 42989, 4646, 29259, 72292, 32164, 33197, 99987, 29001, 73782, 43679, 21946, 44713, 25658, 2819, 24365, 84589, 76170, 19419, 87886, 28631, 45711, 62599, 87815, 35107, 83523, 83301, 69917, 49008, 71800, 75657, 87397, 90173, 13090, 91571, 85105, 34949, 48627, 64788, 11268, 63738, 22372, 42895]
Tree:
None

Fitness:
[0.087248322147651, 0.9997908824759515]