Generation:
20

Phenotype:
def p():
  x = 0.0
  index = 18
  if sum(opposite[-index:]) + opposite[index] - sum(opposite[-index:]) < opposite[index]:
    x = (x + 0.000001)
  return x
XXX_output_XXX = p()

Genotype:
[22159, 55163, 4924, 28022, 5679, 97693, 88709, 88187, 54128, 29106, 66945, 33249, 20562, 76396, 31708, 27645, 77185, 33993, 87535, 82424, 6769, 24322, 29167, 14894, 79745, 18799, 53936, 47745, 73258, 8386, 97437, 56856, 65744, 41708, 74952, 5776, 75043, 93890, 85792, 34585, 76835, 49432, 32643, 33409, 23538, 93970, 11409, 34187, 47416, 3658, 42201, 7583, 97376, 81433, 41133, 92128, 44406, 4232, 8632, 89676, 64900, 24307, 19948, 46292, 72673, 86581, 68059, 42173, 24066, 81060, 39593, 88293, 65694, 99529, 72530, 58708, 70080, 65407, 16769, 63800, 84169, 46766, 54935, 40649, 26623, 43334, 97072, 97115, 99764, 96043]
Tree:
None

Fitness:
[0.3375, 0.891258887494772]