Generation:
20

Phenotype:
def p():
  x = 0.0
  index = 23
  if abs(sum(main) - sum(opposite)) > 5000:
    x = (x - 0.001)
  return x
XXX_output_XXX = p()

Genotype:
[87624, 30067, 1916, 92921, 44648, 39123, 28681, 13699, 65475, 50644, 95451, 19907, 39200, 57179, 43347, 14019, 39802, 7395, 74265, 40067, 26934, 89255, 19223, 75551, 8720, 15409, 56074, 83813, 90700, 31582, 59544, 94890, 78190, 10541, 78277, 77319, 80324, 68321, 68799, 7727, 40978, 84796, 67509, 73199, 95793, 60692, 12784, 14760, 25175, 56544, 81766, 76405, 10838, 17047, 62845, 18879, 64519, 86726, 1214, 45354, 2771, 72195, 82817, 21922, 65800, 16256, 92139, 98054, 78302, 96510, 23373, 81291, 78710, 50057, 89908]
Tree:
None

Fitness:
[0.4703196347031963, 0.7917189460476788]