Generation:
20

Phenotype:
def p():
  x = 0.0
  index = 12
  if abs(sum(main) - sum(opposite)) > 1000:
    x = (x - 0.8)
  return x
XXX_output_XXX = p()

Genotype:
[87310, 54245, 26992, 56895, 53664, 94971, 58295, 56301, 36197, 19293, 79374, 63224, 49459, 93564, 17741, 79527, 71516, 6043, 67831, 48248, 44247, 99722, 87436, 52842, 57498, 83824, 10667, 19051, 4623, 95113, 70156, 82680, 97964, 8386, 45446, 56856, 65744, 96377, 74952, 5776, 75043, 84395, 85792, 34585, 76835, 60638, 32643, 56272, 23538, 94448, 24758, 53242, 47416, 3658, 1933, 49753, 61334, 12754, 73952, 23125, 93612, 32129, 38139, 87048, 84454, 83259, 69112, 25855, 35578, 58596, 83684, 70741, 2863, 59587, 69548, 96764, 51952, 18292, 27070, 53554, 64344, 79464, 33057, 49579, 86658, 71126, 86585, 70147, 27004, 42490, 66383, 59876, 89514, 80776, 67199, 12241, 67783, 76164, 43853, 15797, 43394, 20672, 34872, 41902, 17357, 3107, 90629, 98859, 78028, 65032, 21149, 97997, 45348, 772, 98343, 71666, 70132, 86471, 22612, 48594, 13391, 40492, 59183, 4624, 33054, 9394, 31327, 97568, 66538, 59672, 57393, 65588, 79940, 6691, 37278, 79695, 37471, 40052, 59125, 97894, 52420, 35600, 41189, 21598, 1909, 64161, 47605, 15179, 69117, 93310, 86360, 4237, 85743, 44344, 58000, 88375, 969, 82215, 56205, 34526, 18211, 58494, 41224, 300, 83115, 12400, 95193, 28763, 78898, 90756, 27337, 50155, 25003, 93677, 9182, 12608, 20514, 66, 20030, 7831, 6866, 95623, 78035, 64274, 72535]
Tree:
None

Fitness:
[0.1267605633802817, 0.9753241321622752]