Generation:
20

Phenotype:
def p():
  x = 0.0
  index = 16
  if abs(sum(main[:-index]) - sum(opposite[:-index])) > 1000:
    x = (x - 1.0)
  return x
XXX_output_XXX = p()

Genotype:
[29097, 64895, 61624, 7482, 12766, 78252, 10690, 36923, 26667, 55173, 22735, 56895, 53664, 2315, 58295, 52501, 11727, 51966, 79374, 71112, 98842, 93564, 58735, 79527, 91676, 12551, 67831, 48248, 44247, 99722, 45110, 52842, 57498, 83824, 29631, 19051, 4623, 95113, 70156, 82680, 97964, 77936, 78578, 94340, 96979, 63672, 74439, 31849, 28140, 10656, 16218, 54666, 95077, 80643, 9368, 90028, 75334, 8002, 89794, 87657, 44692, 17386, 44993, 74051, 88612, 7878, 1213, 30053, 29218, 85465, 65917, 80852, 52432, 28563, 38757, 13621, 78097, 97206, 6392, 61365, 94857, 20052, 59432, 56273, 24053, 78871, 932, 85471, 78326, 44429, 52670, 45610, 98736, 66177, 86877, 43826, 68143, 10578, 36698, 82180, 38337, 98137, 32960, 13439, 91351, 59755, 56393, 81996, 83749, 24837, 86016, 38436, 35947, 35780, 94981, 97438, 18245, 99055, 61495, 84346, 93961, 5660, 9760, 41212, 75844, 43818, 75781, 63340, 76257, 90873, 36578, 13890, 85853, 92002, 25519, 26450, 67915, 59407, 29796, 26132, 3143, 21, 29869, 81159, 24774, 48751, 82159, 2728, 89775, 49060, 8736, 35613, 8958, 8294, 85420, 55555, 69706, 20677, 23158, 99271, 14980, 55217, 21164, 36785, 70194, 67904, 92834, 2791, 66803, 5484, 80089, 12707, 6519, 8758, 3073, 81974, 12679, 93778, 94903, 20308, 73196, 82800, 33944, 90006, 36252, 79147, 8900, 94902, 20398, 24072, 39403, 88207, 81285, 50308, 7051, 24076, 22707, 67335, 72145, 89926, 35872, 81594, 33216, 7904, 22297, 96160, 66493, 64828, 2937, 6305, 80060, 49645, 19467, 88917, 17820, 63737, 90679, 34723, 51845, 5158, 64215, 88353, 46782, 89580, 9463, 73399, 26895, 11077, 73273, 2705, 76832, 75010, 21193, 83554, 14012, 46773, 85328, 31195, 99522, 11153, 84566, 7459, 82274, 75054, 83547, 93949, 34948, 38089, 42642, 83826, 78372, 88561, 8404, 66015, 43039, 57580, 83193, 69734, 81214, 69718, 7095, 78351, 28755, 94705, 35939, 96123, 26045, 77943, 87289, 16834, 68160, 89913, 76808, 55808, 84926, 21647, 18692, 57825, 8629, 22833, 75207, 11452, 7513, 10644, 42872, 38677, 12087, 54825, 84184, 12463, 34063, 90182, 84535, 73971, 51321, 95277, 180, 11674, 27411, 13337, 38310, 31975, 29859, 42352, 4731, 6306, 68324, 74275, 17795, 80555, 49455, 75326, 12115, 46298, 8221, 17959, 99177, 44524, 53372, 72410, 54365, 36326, 51040, 66436, 32994, 41267, 65499, 64745, 88185, 14855, 85679, 46729, 68558, 60192, 31219, 82607, 35830, 53593, 71014, 20971, 88585, 271, 56780, 69811, 77755, 2760, 77599, 36521, 8354, 82312, 20672, 51739, 82877, 33541, 72169, 25087, 29645, 96356, 25102, 8909, 50729, 81993, 78104, 62626, 67613, 85440, 74612, 22917, 81606, 80750, 56835, 12289, 57757, 51723, 91167, 48552, 72940, 27305, 33932, 45417, 67917, 50020, 51926, 18060, 49716]
Tree:
None

Fitness:
[0.1452513966480447, 0.9543078209953993]