Generation:
20

Phenotype:
def p():
  x = 0.0
  index = 16
  if abs(sum(main[:-index]) - sum(opposite[:-index])) > 1000:
    x = (x - 0.6)
  return x
XXX_output_XXX = p()

Genotype:
[29097, 49398, 61624, 7482, 12766, 78252, 10690, 51687, 26667, 55173, 22735, 84475, 44243, 32627, 86106, 25244, 28771, 24320, 25505, 35325, 69697, 55808, 79478, 66203, 70822, 202, 31842, 40643, 44959, 44582, 68789, 52614, 44169, 88831, 98905, 36790, 67390, 34661, 73583, 25785, 60992, 23994, 30069, 19963, 36955, 85906, 51868, 38005, 12090, 21382, 89019, 77686, 57556, 51991, 5574, 67073, 57246, 68535, 97266, 17243, 35664, 79764, 72720, 57527, 12344, 39910, 91560, 4535, 44662, 90684, 6940, 57144, 92288, 98229, 8592, 4514, 12169, 58531, 29975, 93870, 79249, 61388, 49234, 24007, 24331, 81805, 11088, 66332, 86102, 82651, 88092, 52582, 68204, 10962, 20113, 55488, 98299, 5999, 99052, 68947, 33039, 69107, 86555, 53365, 77093, 45320, 69648, 12989, 12649, 11492, 47890, 46662, 87354, 72982, 97961, 43356, 75244, 12617, 5622, 85819, 44830, 94194, 65103, 51498, 29045, 85228, 91983, 36991, 60898, 5591, 46841, 82513, 38303]
Tree:
None

Fitness:
[0.19072164948453607, 0.9484525303220409]