Generation:
9

Phenotype:
def p():
  x = 0.0
  index = 49
  n = 27
  b = 33
  c = sum(opposite[-index:]) * sum(main[-index:]) + main[1]
  if opposite[b] > main[b] + 3:
    x = (x - 0.3)
  return x
XXX_output_XXX = p()

Genotype:
[6607, 49906, 61792, 31511, 67879, 47249, 73773, 71252, 29307, 21386, 3575, 14480, 70475, 42594, 27219, 17887, 52856, 24430, 16908, 39832, 83700, 36352, 86320, 46318, 51715, 21723, 23801, 63828, 71083, 87737, 78122, 68143, 93686, 4152, 44362, 50299, 80315, 39312, 27236, 19657, 47368, 3875, 58860, 7398, 39685, 77966, 93790, 52622, 62821, 10512, 22992, 9424, 58383, 84800, 12878, 65716, 79144, 93140, 66233, 3805, 96825, 65201, 44004, 75596, 19460, 86128, 48832, 29273, 78225, 16683, 51414, 25527, 57824, 86717, 73954, 13066, 92438, 96152, 72768, 14741, 99269, 70968, 6626, 35143, 35608, 85824, 95726, 6982, 25436, 51262, 63096, 6468, 93128, 52664, 43927, 93128, 78325, 61198, 34545, 67787, 50020, 67724, 84961, 64681, 34686, 85576, 80249, 40531, 69790, 40425, 92873, 98200, 45918, 75388, 91609, 7800, 37732, 87955, 32821, 32116, 98773, 45666, 18168, 61653, 896, 10058, 30780, 42303, 19202, 43397, 28376, 5642, 53531, 65059, 99716, 82490, 85048, 86322, 24746, 66538, 95579, 97276, 5296, 32660, 4393, 76979, 43607, 42211, 70472, 75037, 87505, 28074, 10775, 83058, 58005, 82577, 33518, 34808, 10622, 35362, 76341, 86124, 13157, 59718, 41450, 69524, 75218, 26838, 67051, 41616, 61500, 49256, 64328, 94046, 14206, 72031, 43052, 15170, 84853, 59996, 44597, 93641, 2768, 88971, 57723, 89329, 53392, 36843, 80348, 73715, 92358, 9255, 89952, 62132]
Tree:
None

Fitness:
[0.9840187513317707, 0.7628004507165953]