Generation:
9

Phenotype:
def p():
  x = 0.0
  index = 19
  n = 12
  b = 18
  c = opposite[29]
  if main[b] + opposite[40] > opposite[b] / sum(main[:-index]):
    x = (x + 0.3)
  index = 38
  n = 2
  b = 46
  c = opposite[b]
  if opposite[b] > main[b] + 6:
    x = (x - 0.4)
  return x
XXX_output_XXX = p()

Genotype:
[3320, 22206, 78521, 19980, 10933, 68704, 80796, 62355, 31944, 74075, 2710, 73275, 95552, 37701, 75044, 33734, 67210, 56496, 43644, 80623, 91279, 43849, 17466, 13331, 27521, 60712, 87345, 25739, 96141, 96218, 57709, 22801, 49092, 53080, 73046, 71438, 57615, 77420, 30515, 2851, 45561, 91564, 61485, 1308, 59729, 15544, 21736, 58922, 24363, 96551, 98863, 20154, 44278, 18432, 50974, 48627, 45380, 17250, 37808, 38061, 9213, 77071, 69400, 14237, 36516, 10890, 7803, 50014, 20077, 46429, 7366, 66853, 31761, 2776, 67456, 478, 72852, 55747, 40522, 69929, 66559, 6168, 85034, 74673, 38017, 70642, 72793, 83265, 77988, 17079, 77243, 75237, 87204, 42441, 49246, 5461, 1626, 53122, 42712, 68666, 84032, 67452, 26186, 63878, 79512, 98545, 38410, 55368, 72879, 36147, 2458, 55211, 99246, 75146, 93470, 64775, 49936, 39589, 50676, 36898, 35742, 51028, 42497, 14845, 44215, 23348, 38071, 45747, 89264, 59728, 96442, 57782, 6322, 89662, 54081, 271, 33777, 72535, 57332, 67930, 45473, 3239, 85817, 96362, 70949, 145, 15132, 67943, 99978, 42156, 96774, 93724, 48151, 49912, 85039, 59009, 88606, 12740, 64273, 5539, 28145, 86417, 64417, 80928, 17641, 78971, 76764, 71628, 56854, 97545, 91389, 20178, 45469, 12212, 44845, 6322, 64315, 25124, 33508, 52837, 27733, 60281, 2245, 20028, 92390, 91565, 76916, 84780, 7270, 69332, 74341, 82018, 86205, 75617, 21526, 85682, 97212, 5227, 90622]
Tree:
None

Fitness:
[0.9846580012784999, 0.7516258228163967]