Generation:
9

Phenotype:
def p():
  x = 0.0
  index = 20
  n = 37
  b = 31
  c = main[7]
  if abs(sum(main[-index:]) - sum(opposite[-index:])) > 1000:
    x = 0.8
  return x
XXX_output_XXX = p()

Genotype:
[64994, 16802, 73900, 80069, 44390, 6482, 9523, 82184, 26908, 40578, 45871, 93554, 55903, 27415, 75846, 14936, 2726, 25643, 90690, 20947, 45093, 39533, 17916, 54023, 93792, 87489, 67556, 57105, 9661, 679, 11451, 32662, 93943, 46443, 85668, 25741, 39269, 32257, 20362, 53189, 92848, 41926, 29599, 27971, 67432, 88709, 73350, 13952, 49825, 777, 13261, 55012, 17743, 41655, 66584, 95263, 91404, 63824, 59011, 35051, 80149, 23765, 75368, 71457, 39629, 61639, 56525, 60809, 73027, 83344, 90971, 24643, 38684, 46952, 3609, 27095, 83045, 81165, 35591, 43473, 45160, 25736, 25120, 63394, 25423, 26793, 25066, 10797, 10294, 27759, 59815, 19353, 75274, 83263, 23780, 19825, 59036, 71371, 88577, 3511, 88424, 50515, 67183, 79792, 38200, 39294, 21735, 86649, 37261, 61818, 86694, 69766, 92460, 72069, 97549, 68618, 96435, 59805, 16948, 55468, 15837, 19730, 38173, 13808, 60976, 79658, 81394, 73447, 35158, 60989, 48496, 31356, 84988, 56254, 79098, 29752, 60794, 27868, 324, 74756, 20645, 9563, 46554, 37290, 60310, 42916, 58000, 45307, 37653, 28882, 29649, 57500, 52643, 56323, 25384, 19610, 45032, 16136, 60054, 59134, 27289, 84356, 52021, 59687, 4257, 22618, 26853, 60124, 1077, 55082, 33253, 63498, 47300, 9045, 54452, 82250, 93197, 56336, 90621, 98183, 68292, 35039, 76348, 81172, 11356, 67410, 52818, 65884, 15372, 62113, 27302, 56709, 88537, 78044, 51231, 10996, 71375, 54309, 19183, 81078, 69046, 79383, 89926, 24576, 73134, 48309, 56665, 18490, 43976, 74232, 82597, 62343, 21346, 83821, 70332, 42451, 48675, 43441, 48550, 95269, 91369, 31373, 44407, 37669, 94645, 49036, 41355, 48665, 73538, 52372, 83264, 99155, 6999, 75207, 56911, 13648, 40184, 14932, 11331, 26128, 56025, 46803, 31764, 23142, 98904, 52677, 87700, 82988, 48028, 21864, 11284, 36228, 58019, 87648, 47843, 58232, 91991, 6064, 74350, 50746, 90474, 83651, 73172, 36485, 70501, 75893, 5868, 91389, 77399, 86304, 56309, 17897, 30806, 62640, 9110, 81572, 22992, 15042, 51524, 25344, 3387, 50954, 375, 89179, 29093, 69438, 54267, 22487, 881, 40571, 88437, 28710, 301, 10471, 96205, 40116]
Tree:
None

Fitness:
[0.9850841679096527, 0.74744404473914]