Generation:
9

Phenotype:
def p():
  x = 0.0
  index = 8
  n = 35
  b = 6
  c = sum(main[-index:]) - sum(opposite[:-index])
  if abs(sum(main[:-index]) - sum(opposite[-index:])) > 5000:
    x = 0.2
  return x
XXX_output_XXX = p()

Genotype:
[44053, 39896, 25492, 80498, 5108, 66470, 77504, 94943, 47334, 54365, 91232, 45516, 80106, 82880, 16102, 46077, 96435, 39037, 5967, 30645, 41994, 72263, 87746, 11254, 26130, 62221, 34155, 49429, 4875, 72382, 86787, 28719, 78158, 42307, 97163, 69228, 19160, 22149, 26640, 46435, 24334, 49623, 72069, 40790, 23444, 65722, 30895, 36614, 37432, 5677, 37020, 81596, 57638, 16496, 22326, 57103, 47635, 10189, 20138, 42529, 23593, 50014, 38966, 14212, 91405, 9776, 24493, 60546, 92390, 86919, 21693, 21571, 2727, 33684, 54042, 74182, 6261, 5489, 29874, 15196, 45982, 54817, 1035, 82921, 42861, 22972, 29231, 40780, 60930, 34471, 76509, 73823, 79366, 24234, 23621, 32377, 13086, 4186, 50528, 2002, 17768, 59327, 68231, 52938, 84898, 49023, 27555, 64146, 82731, 10387, 77053, 24682, 22519, 45908, 76248, 4665, 6016, 8852, 88378, 72321, 37478, 12569, 27415, 71845, 55107, 25607, 61321, 71032, 89652, 29757, 72116, 89533, 60701, 990, 87146, 9941, 25434, 99549, 96218, 24821, 98652, 36339, 36004, 14970, 18715, 12250, 87804, 61194, 30427, 46472, 87892, 45708, 75106, 91963, 93747, 13438, 86940, 78078, 83063, 53946, 30621, 41232, 40363, 77544, 711, 85845, 27183, 603, 64992, 39447, 17196, 44165, 83963, 99574, 41572, 55056, 82593, 4356, 81364, 68066, 7228, 76200, 17246, 58861, 29601, 32732, 41747, 74995, 43256, 73931, 34970, 49797, 20645, 20101, 33319, 49780, 3000, 12746, 54322, 15284, 56650, 1731, 70938, 37527, 88589, 70532, 40225, 22205, 7785, 10265, 55908, 57221, 53227, 19981, 94519, 64164, 70853, 85176, 99948, 63311, 96896, 93462, 49448, 46777, 87095, 87456, 9058, 63874, 90914, 47748, 49205, 31641, 52915, 85138, 16913, 3843, 72190, 67193, 37224, 38068, 65180, 90747, 43781, 31281, 13355, 93061, 43333, 77770, 87308, 80256, 23992, 88018, 53752, 49137, 16786, 63977, 74350, 89112, 12132, 8833, 59568, 21927, 13176, 4911, 14526, 13921, 47988, 37624, 98698, 27367, 35283, 87399, 56054, 74936, 93912, 32145, 62033, 38265, 35159, 61908, 92841, 63200, 80274, 55094, 39893, 66627, 82219, 40507, 47138, 34125, 54722, 19458, 74374, 86013, 7688, 69997, 75401, 89312, 77515, 31308, 33685, 69097, 84785, 7267, 49124, 79168, 46278, 41306, 8782, 2826, 23842, 21169, 242, 71214, 51730, 96257, 28642, 2573, 55880, 9836, 98169, 68546, 64791, 29195, 55901, 57692, 96606, 60015, 77933, 89953, 23318, 28998, 33574, 78108, 11667, 53748, 9833, 21813, 72790, 83290, 42620, 86332, 10922, 21517, 62528, 86118, 80942, 38272, 61253, 61277, 22669, 55590, 25110, 72183, 78243, 80268, 61035, 43427, 65762, 27224, 39996, 56832, 93615, 93366, 78655, 98285, 70262, 29083, 55488, 29675, 68100, 38312, 36069, 96046, 1974, 21558, 83825, 54222, 91124, 96244, 97387, 56092, 34661, 49244, 44689, 27009, 98494, 84241, 52958, 57741, 81806, 39566, 8384, 19767, 87920, 45031, 93308, 28839, 73845, 20596, 78741, 33169, 82344, 2327, 17996, 99980, 16231, 87657, 21464, 73587, 39525, 37311, 95499, 45482, 82504, 54326, 60332, 59699, 73595, 42069]
Tree:
None

Fitness:
[0.9867888344342638, 0.7155039506856917]