Generation:
9

Phenotype:
def p():
  x = 0.0
  index = 50
  n = 36
  b = 50
  c = opposite[b]
  if abs(sum(main) - sum(opposite)) > 10000:
    x = (x - 1.0)
  index = 21
  n = 23
  b = 5
  c = sum(opposite[-index:]) + opposite[41]
  if abs(sum(main) - sum(opposite)) > 1000:
    x = (x / 0.7)
  return x
XXX_output_XXX = p()

Genotype:
[1676, 90785, 83737, 23784, 62168, 68484, 22833, 43026, 85577, 70370, 29398, 40185, 58025, 55675, 30977, 92062, 74879, 81652, 16934, 7773, 58687, 176, 79272, 74108, 35713, 30101, 28569, 17991, 66845, 35172, 20436, 25288, 815, 84191, 3095, 48243, 4359, 80744, 13976, 34236, 76051, 16462, 14304, 17222, 80821, 47243, 62168, 31259, 66060, 80928, 85577, 62406, 29398, 40185, 58025, 80776, 54792, 58771, 16687, 25145, 88564, 95672, 38127, 62505, 68354, 43399, 36976, 21899, 63024, 6954, 93031, 27384, 43908, 60612, 40153, 90031, 79945, 49922, 3318, 27405, 98639, 83941, 60714, 87648, 56443, 4288, 13187, 65691, 80844, 78475, 43552, 47730, 14508, 98272, 12660, 33656, 9028, 69982, 52432, 59277, 69159, 48693, 60514, 72196, 37717, 19536, 16854, 85316, 69401, 39234, 87133, 74766, 74890, 56174, 35527, 16221, 11007, 20958, 24620, 67184, 27282, 95311, 41460, 81096, 24418, 21281, 77230, 36284, 80655, 26832, 47222, 98949, 12054, 59831, 12677, 21025, 89941, 26746, 27091, 92123, 99603, 16430, 80983, 11095, 99091, 74153, 95603, 81218, 74071, 58347, 38465, 26056, 31358, 68268, 72509, 95881, 49788, 83711, 70346]
Tree:
None

Fitness:
[0.9735776688685276, 0.9700545545153997]