Generation:
9

Phenotype:
def p():
  x = 0.0
  index = 36
  n = 28
  b = 14
  c = sum(main[-index:])
  if main[b] > opposite[b] + 8:
    x = (x - 0.3)
  return x
XXX_output_XXX = p()

Genotype:
[16140, 66374, 30480, 82974, 4983, 12352, 96316, 76211, 27401, 50532, 4149, 74648, 58674, 33303, 20076, 24301, 74378, 94552, 912, 98513, 82241, 36778, 88537, 50825, 580, 42261, 47617, 76100, 87495, 78678, 75809, 36503, 44730, 54263, 86367, 82700, 2046, 69031, 8396, 18159, 76760, 41586, 37335, 63799, 95232, 89213, 24814, 92873, 41737, 73425, 32057, 98080, 40639, 25664, 76763, 81349, 14332, 35764, 10752, 56771, 24892, 87891, 19252, 74474, 68641, 89114, 61086, 49119, 20550, 28616, 56356, 40665, 40451, 77051, 94415, 62373, 77775, 45802, 16406, 15560, 5485, 37457, 37640, 72937, 95272, 91312, 34573, 14152, 95561, 97247, 80043, 96992, 48068, 56528, 64560, 63126, 53043, 51683, 73700, 47654, 51523, 15686, 1068, 62380, 45685, 76656, 61431, 59908, 14732, 76410]
Tree:
None

Fitness:
[0.990198167483486, 0.6577089552765638]