Generation:
9

Phenotype:
def p():
  x = 0.0
  index = 22
  n = 37
  b = 7
  c = sum(opposite[-index:])
  if abs(sum(main) - sum(opposite)) > 1000:
    x = 0.5
  return x
XXX_output_XXX = p()

Genotype:
[58732, 57824, 17564, 72173, 64078, 92217, 68479, 83547, 68143, 93686, 4152, 12059, 76284, 74615, 52789, 12081, 38370, 44464, 58935, 8616, 77185, 21851, 87569, 30691, 89318, 22111, 83158, 58426, 9070, 54728, 8008, 17353, 28359, 32523, 39316, 78963, 9729, 32983, 5345, 51061, 50346, 58012, 86537, 44898, 89974, 93329, 33578, 15751, 53416, 93023, 13983, 58541, 65523, 52354, 79847, 92025, 29767, 59322, 53700, 95702, 66104, 68085, 73173, 58686, 31035, 69802, 87919, 5144, 58586, 73478, 35593, 71462, 47629, 18554, 39239, 2056, 70902, 11317, 27976, 26784, 39343, 65042, 93128, 40703, 84050, 70807, 59581, 45955, 44323, 67787, 63403, 37356, 87256, 26597, 36540, 53842, 80249, 40531, 69790, 40425, 92873, 98200, 45918, 75388, 22357, 7800, 37732, 87955, 32821, 32116, 98773, 75179, 18168, 61653, 896, 10058, 2027, 42303, 19202, 43397, 28376, 5642, 53531, 65059, 99716, 73120, 85048, 86322, 24746, 66538, 40913, 49987, 17188, 32660, 4393, 92421, 89377, 42211, 70472, 75037, 50572, 28074, 75687, 83058, 58005, 82577, 33518, 53684, 10622, 35362, 873, 85906, 13157, 59718, 41450, 69524, 75218, 26838, 67051, 41616, 96386, 64095, 64328, 94046, 14206, 72031, 43052, 15170, 84853, 59996, 44597, 11132, 2768, 88971, 57723, 89329, 53392, 36843, 43264, 73715, 92358, 9255, 89952, 14359]
Tree:
None

Fitness:
[0.9927551672704027, 0.6224762989834096]