Generation:
9

Phenotype:
def p():
  x = 0.0
  index = 50
  n = 15
  b = 50
  c = opposite[b]
  if abs(sum(main) - sum(opposite)) > 10000:
    x = (x - 0.8)
  index = 21
  n = 23
  b = 5
  c = main[15]
  if c < main[b] * sum(opposite[:-index]) - main[b]:
    x = (x / 0.8)
  return x
XXX_output_XXX = p()

Genotype:
[65940, 90785, 23041, 23784, 62168, 68484, 66060, 37188, 85577, 73083, 29398, 40185, 58025, 55675, 13475, 84757, 37837, 81652, 34346, 7773, 83842, 176, 79272, 74108, 55328, 52270, 50282, 25005, 82837, 97141, 42767, 24895, 25934, 47326, 71872, 36524, 25658, 54717, 71283, 98863, 70609, 44278, 18432, 50974, 48627, 45380, 17250, 37808, 38061, 1734, 77071, 68416, 29645, 4933, 6338, 7803, 50014, 20077, 46429, 7366, 80230, 12009, 2776, 67456, 99308, 72852, 55747, 40522, 51310, 57226, 40194, 85034, 74673, 43326, 70642, 77399, 79792, 29011, 17034, 16939, 30508, 54734, 42441, 49246, 25551, 58732, 53122, 42712, 70743, 84032, 67452, 87201, 63878, 79512, 98545, 38410, 55368, 93070, 36147, 2458, 46157, 25895, 20663, 93470, 64775, 49936, 39589, 50676, 36898, 26961, 51028, 42497, 14845, 4084, 23348, 90487, 68184, 89264, 59728, 96442, 57782, 42328, 89662, 54081, 271, 33777, 72535, 57332, 67930, 45473, 3239, 85817, 46224, 70949, 145, 47995, 67943, 99978, 42156, 40926, 93724, 48151, 49912, 73983, 59009, 20335, 12740, 64273, 5539, 28145, 58290, 64417, 3493, 17641, 78971, 76764, 71628, 56854, 97545, 91389, 20178, 45469, 12212, 44845, 6322, 64315, 25124, 33508, 52837, 94999, 60281, 2245, 20028, 92390, 91565, 76916, 84780, 7270, 9716, 74341, 82018, 86205, 75617, 21526, 85682, 60385, 5227, 90622]
Tree:
None

Fitness:
[0.9735776688685276, 0.9700545545153997]