Generation:
9

Phenotype:
def p():
  x = 0.0
  index = 21
  n = 15
  b = 25
  c = main[23]
  if abs(sum(main) - sum(opposite)) > 1000:
    x = (x + 0.3)
  index = 45
  n = 25
  b = 10
  c = opposite[6]
  if c < opposite[b] + main[b] + sum(main[:-index]) - sum(opposite[-index:]):
    x = (x / 0.2)
  return x
XXX_output_XXX = p()

Genotype:
[9001, 55243, 92649, 72138, 7110, 67478, 74322, 97855, 31084, 33867, 18268, 12054, 72749, 540, 34257, 51300, 92836, 71872, 36524, 33118, 54717, 72049, 98863, 29728, 44278, 18432, 50974, 48627, 50343, 23302, 49389, 87596, 27960, 88850, 10152, 91993, 48673, 28108, 29929, 20808, 82580, 12500, 39531, 70806, 53816, 84247, 87573, 1458, 12261, 15176, 28174, 21421, 65648, 24635, 86740, 52460, 91190, 94160, 55947, 84000, 17220, 53884, 34488, 33480, 90091, 62884, 29473, 55686, 56756, 8388, 43096, 1664, 46738, 24004, 65702, 89989, 11540, 48560, 12419, 82679, 26068, 10018, 54202, 57646, 38521, 83694, 92776, 48626, 62195, 12222, 56004, 34420, 58098, 66490, 40377, 50232, 78203, 9065, 2165, 65164, 73553, 72427, 24281, 94217, 33106, 47547, 90859, 40630, 2033, 78924, 72933, 86464, 41677, 79513, 1370, 60364, 52376, 49087, 17458, 84566, 41741, 56569, 69493, 51247, 56747, 1657, 68475, 34052, 49724, 74236, 73091, 24593, 78351, 57584, 20854, 45691, 61897, 56205, 73311, 46518, 71609, 67113, 1291, 83765, 27402, 90508, 62653, 66391, 9948, 43420, 90385, 21609, 50424, 63241, 44436, 16138, 81625, 35376, 8970, 79509, 3225, 94838, 17492, 56416, 77134, 91429, 24456, 78174, 15806, 30515, 66173, 2357, 56673, 37950, 11654, 79349, 85403, 23739, 31338, 65799, 12609, 28376]
Tree:
None

Fitness:
[0.9927551672704027, 0.6224762989834096]