Generation:
9

Phenotype:
def p():
  x = 0.0
  index = 49
  n = 27
  b = 33
  c = main[b]
  if abs(sum(main) - sum(opposite)) > 1000:
    x = (x + 0.6)
  return x
XXX_output_XXX = p()

Genotype:
[6607, 49906, 61792, 79411, 67879, 47249, 73773, 71252, 29307, 21386, 57799, 35316, 70475, 86351, 27219, 75286, 31875, 84056, 13705, 26974, 29640, 6484, 5151, 61895, 93343, 93715, 14732, 46988, 66548, 24482, 79101, 93431, 44113, 90945, 33338, 56084, 89827, 13411, 30676, 28815, 31044, 94789, 28766, 49789, 15548, 50646, 45523, 44066, 86384, 87510, 56907, 43856, 59284, 61846, 19809, 81415, 6138, 6039, 39394, 55192, 27969, 59254, 56747, 98531, 78152, 83291, 77554, 6631, 96737, 55791, 28575, 35746, 36773, 94121, 20004, 3248, 53686, 61039, 91122, 80303, 47119, 67989, 49567, 65146, 55631, 3148, 51673, 81031, 97661, 81344, 20117, 88801, 29002, 73838, 16847, 78897, 18258, 85918, 43988, 40468, 19954, 64809, 60057, 89312, 30277, 28453, 84595, 71417, 34872, 75865, 88525, 1502, 36090, 64640, 83264, 81469, 65748, 26785, 41296, 49930, 33649, 58004, 10622, 59410, 71121, 68748, 40080, 52072, 65342, 70580, 23275, 86447, 80461, 66160, 78996, 84777, 34352, 94713, 76360, 43047, 92267, 45542, 17053, 20657, 25116, 49642, 67873, 50667, 44115, 49879, 3520, 7636, 25975, 17176, 5308, 56201, 3570, 21351, 9993, 30918, 63736, 51546, 45975, 2951, 18748, 76898, 6041, 64161, 30123, 44438, 15387, 15199, 72800, 26702, 62537, 1566, 58901, 24977, 82191, 86450, 27006, 30227, 51811, 5049, 35649, 37600, 47015, 15913, 9374, 8370, 65672, 99844, 228, 1349, 50980, 41232, 71514, 59688, 17905, 4528, 73461, 48793, 1976, 52912, 34360, 53556, 79654, 39883, 91337, 48492, 99940, 36187, 52312, 74775, 84733, 54553, 95191, 98931, 79448, 5525, 99687, 37735, 53837, 54970, 95399, 44860, 39555, 26382, 5170, 47059, 57409, 61724, 33247, 68729, 92540, 34476, 37617, 21452, 79882, 23357, 26545, 51147, 22391, 14262, 44459, 34863, 97369, 63105, 18402]
Tree:
None

Fitness:
[0.9927551672704027, 0.6224762989834096]