Generation:
9

Phenotype:
def p():
  x = 0.0
  index = 49
  n = 27
  b = 26
  c = main[10] + sum(main[-index:]) - main[31]
  if abs(sum(main) - sum(opposite)) > 10000:
    x = (x - 0.5)
  return x
XXX_output_XXX = p()

Genotype:
[8808, 49906, 61792, 30093, 67879, 47249, 73773, 71252, 6656, 21386, 3575, 73523, 34408, 42594, 94819, 16028, 42893, 24430, 16908, 39832, 83700, 26277, 86320, 46318, 36445, 81350, 66927, 65525, 90802, 99544, 80034, 73969, 72243, 38077, 20574, 2490, 50186, 5138, 85081, 48166, 26110, 5604, 1055, 179, 56536, 77791, 86043, 49483, 72308, 13470, 68174, 72241, 85912, 17494, 79463, 38237, 77671, 79344, 33583, 88359, 26761, 55156, 39686, 60805, 66062, 61831, 13893, 92191, 58071, 81007, 193, 98349, 65520, 72137, 7072, 53105, 10463, 31398, 47335, 17545, 79846, 97661, 23188, 70516, 24084, 64073, 95142, 37273, 74370, 77314, 11811, 82484, 28344, 42424, 64964, 36285, 58038, 12707, 46237, 35596, 15359, 28028, 76714, 14114, 96413, 64641, 82484, 60994, 40684, 53010, 364, 83931, 68838, 84315, 24710, 36315, 23655, 15587, 49458, 41106, 99037, 95036, 23527, 52607]
Tree:
None

Fitness:
[0.9735776688685276, 0.9700545545153997]