Generation:
9

Phenotype:
def p():
  x = 0.0
  index = 15
  n = 18
  b = 24
  c = opposite[b]
  if abs(sum(main) - sum(opposite)) > 1000:
    x = 0.4
  return x
XXX_output_XXX = p()

Genotype:
[4212, 16888, 55936, 12623, 6441, 71816, 77589, 36540, 95343, 2983, 31870, 90805, 31875, 79377, 85887, 77075, 84873, 2630, 63048, 72847, 66775, 46886, 15685, 70722, 27364, 42195, 18257, 670, 73261, 24388, 27685, 59428, 61996, 44852, 14376, 81103, 23514, 27577, 66623, 65690, 39147, 17165, 16480, 30749, 81036, 1925, 45125, 67018, 66599, 84938, 35725, 30267, 76240, 12186, 93359, 85760, 77637, 81021, 9310, 2500, 29700, 49874, 56019, 55012, 26148, 92028, 65638, 9708, 52559, 91955, 32378, 23341, 77127, 44174, 12842, 97387, 28129, 20587, 26798, 22271, 34128, 62704, 89312, 33527, 64780, 69556, 90907, 57876, 96046, 76680, 16799, 74830, 71081, 73231, 50911, 28780, 77113, 47381, 72443, 52490, 28988, 9093, 73216, 67300, 97244, 5201, 99416, 35379, 99846, 32917, 13693, 91215, 32996, 60186, 32199, 91921, 56330, 46376, 86541, 84503, 90008, 1178, 91826, 99287, 75263, 14484, 22950, 56416, 7886, 26163, 14113, 22891, 666, 81010, 5359, 14561, 22451, 52904, 91566, 10846, 58050, 43435, 93995, 98120, 59806, 41368, 84136, 70472, 28977, 97743, 6084, 66895]
Tree:
None

Fitness:
[0.9927551672704027, 0.6224762989834096]