Generation:
9

Phenotype:
def p():
  x = 0.0
  index = 50
  n = 3
  b = 15
  c = sum(opposite[:-index])
  if abs(sum(main[-index:]) - sum(opposite[-index:])) > 1000:
    x = (x + 0.9)
  return x
XXX_output_XXX = p()

Genotype:
[98101, 16778, 30480, 82974, 9230, 94621, 85377, 30869, 50454, 70942, 65841, 95553, 78347, 5295, 77510, 57062, 51036, 60968, 52866, 47178, 43096, 1664, 46738, 28138, 65702, 89989, 11540, 48560, 12419, 82679, 26068, 10018, 54202, 57646, 38521, 83694, 92776, 48626, 62195, 12222, 56004, 34420, 58098, 66490, 40377, 50232, 78203, 9065, 2165, 65164, 73553, 72427, 24281, 94217, 33106, 47547, 90859, 40630, 2033, 78924, 72933, 86464, 41677, 79513, 1370, 60364, 52376, 49087, 17458, 84566, 41741, 56569, 69493, 51247, 56747, 1657, 68475, 34052, 49724, 74236, 73091, 24593, 78351, 57584, 20854, 45691, 61897, 56205, 73311, 46518, 71609, 67113, 1291, 83765, 27402, 90508, 62653, 66391, 9948, 43420, 90385, 21609, 50424, 63241, 44436, 16138, 81625, 35376, 8970, 79509, 3225, 94838, 17492, 56416, 77134, 91429, 24456, 78174, 15806, 30515, 66173, 2357, 56673, 37950, 11654, 79349, 85403, 23739, 31338, 65799, 12609, 28376]
Tree:
None

Fitness:
[0.9927551672704027, 0.6224762989834096]