Generation:
9

Phenotype:
def p():
  x = 0.0
  index = 20
  n = 5
  b = 0
  c = sum(main[:-index])
  if abs(sum(main) - sum(opposite)) > 1000:
    x = (x * 0.3)
  index = 4
  n = 25
  b = 10
  c = opposite[41]
  if abs(sum(main) - sum(opposite)) > 1000:
    x = 0.2
  return x
XXX_output_XXX = p()

Genotype:
[9001, 16878, 81093, 72138, 4661, 67478, 83084, 8955, 44676, 86538, 40284, 12054, 72749, 64030, 34257, 51300, 38098, 71872, 36524, 64832, 21475, 90786, 98863, 62290, 60802, 18432, 50974, 48627, 45380, 17250, 51173, 38061, 56875, 77071, 69400, 80171, 655, 6338, 7803, 50014, 20077, 46429, 7366, 66853, 12009, 2776, 67456, 478, 72852, 55747, 40522, 51310, 66559, 6168, 85034, 74673, 40655, 70642, 77399, 79792, 29011, 17079, 77243, 30508, 54734, 42441, 49246, 25551, 58732, 53122, 42712, 70743, 84032, 67452, 87201, 63878, 79512, 98545, 38410, 55368, 93070, 36147, 2458, 46157, 25895, 20663, 93470, 64775, 49936, 39589, 50676, 36898, 26961, 51028, 42497, 14845, 4084, 23348, 90487, 68184, 89264, 59728, 96442, 57782, 42328, 89662, 54081, 271, 33777, 72535, 57332, 67930, 45473, 3239, 85817, 46224, 70949, 145, 47995, 67943, 99978, 42156, 40926, 93724, 48151, 49912, 73983, 59009, 20335, 12740, 64273, 5539, 28145, 58290, 64417, 3493, 2780, 72317, 98967, 48503, 92932, 56848, 35536, 1361, 84017, 98765, 79303]
Tree:
None

Fitness:
[0.9927551672704027, 0.6224762989834096]