Generation:
9

Phenotype:
def p():
  x = 0.0
  index = 32
  n = 27
  b = 19
  c = main[20]
  if sum(opposite[:-index]) > main[b]:
    x = (x + 0.9)
  return x
XXX_output_XXX = p()

Genotype:
[86504, 24875, 14964, 44385, 90965, 44943, 98508, 78415, 7363, 79128, 1144, 59662, 68156, 98941, 91164, 45463, 12837, 51870, 99511, 8692, 35661, 5348, 46690, 54188, 96832, 85776, 8988, 9166, 52116, 49772, 74260, 64604, 41127, 25694, 99432, 12690, 41855, 6962, 72976, 41279, 94504, 77224, 25418, 36966, 81795, 95201, 4522, 3374, 87993, 13629, 84708, 44133, 52604, 5809, 39938, 27944, 31145, 79499, 81646, 3413, 84553, 29731, 68976, 12916, 11027, 69507, 41098, 21866, 17408, 26366, 75641, 37911, 31931, 72628, 26623, 88338, 32082, 47555, 5488, 11265, 37236, 56986, 10993, 5642, 57601, 13192, 708, 96116, 40198, 94727, 27834, 45716, 17459, 27357, 72336, 14139, 88957, 92767, 53598, 42247, 95812, 18090, 13014, 90243, 35030, 95400, 43884, 8505, 38300, 3588, 53552, 42014, 11408, 43683, 30779, 40648, 44181, 28135, 94450, 81614, 24673]
Tree:
None

Fitness:
[0.9940336671638611, 0.5937037842242565]