Generation:
9

Phenotype:
def p():
  x = 0.0
  index = 50
  n = 15
  b = 50
  c = opposite[b]
  if abs(sum(main[-index:]) - sum(opposite[-index:])) > 500:
    x = 0.8
  return x
XXX_output_XXX = p()

Genotype:
[66426, 90785, 76828, 23784, 62168, 68484, 66060, 73287, 85577, 78745, 29398, 40185, 58025, 11028, 54792, 17418, 16687, 25145, 43607, 77453, 57045, 36307, 79495, 13211, 50445, 98199, 73364, 95166, 31600, 16952, 29480, 63048, 72847, 66775, 46886, 97985, 70722, 27364, 73864, 18257, 99610, 73261, 24388, 27685, 59428, 61996, 44852, 14376, 81103, 23514, 27577, 66623, 65690, 39147, 17165, 16480, 30749, 81036, 1925, 45125, 67018, 66599, 84938, 35725, 30267, 76240, 12186, 93359, 85760, 77637, 81021, 9310, 2500, 7250, 821, 63207, 697, 19576, 62972, 46037, 58672, 32128, 90372, 41055, 55883, 17991, 66845, 35172, 20436, 25288, 47200, 34100, 42049, 34047, 75926, 4457, 87563, 24292, 57583, 57919, 2022, 53421, 49359, 66947, 59764, 18008, 69669, 46570, 44375, 23612, 25169, 32675, 9112, 20913, 40578, 44840, 10469, 37665, 32568, 72726, 29782, 62589, 5994, 8740, 49136, 22678, 75495, 63347, 30367, 47371, 66356, 50227, 67087, 47441, 33097, 30544, 50957, 19238, 44168, 7235, 36970, 67001, 75778, 92720, 56535, 4642, 45615, 44165, 13581, 29096, 93458, 99334, 90301, 46942, 98589, 15744]
Tree:
None

Fitness:
[0.9942467504794374, 0.5917819283161216]