Generation:
9

Phenotype:
def p():
  x = 0.0
  index = 50
  n = 15
  b = 31
  c = opposite[b] + sum(opposite[-index:]) / sum(main[-index:])
  if opposite[40] < main[b] + 0:
    x = (x + 0.5)
  return x
XXX_output_XXX = p()

Genotype:
[47434, 36782, 64348, 57518, 95522, 17239, 85542, 22151, 34864, 50098, 92042, 86674, 97198, 48509, 75636, 45569, 52796, 62430, 75587, 92018, 95019, 4359, 80744, 56640, 37879, 76051, 16462, 14304, 51610, 62816, 43644, 21315, 91279, 43849, 17466, 13331, 27521, 60712, 87345, 25739, 96141, 96218, 57709, 22801, 49092, 53080, 73046, 71438, 57615, 77420, 30515, 2851, 45561, 91564, 61485, 1308, 59729, 15544, 21736, 58922, 24363, 96551, 98863, 20154, 44278, 18432, 50974, 48627, 45380, 17250, 37808, 38061, 9213, 77071, 69400, 14237, 36516, 10890, 7803, 50014, 20077, 46429, 7366, 66853, 31761, 2776, 67456, 478, 72852, 55747, 40522, 69929, 66559, 6168, 85034, 74673, 38017, 70642, 72793, 83265, 77988, 17079, 77243, 75237, 87204, 42441, 49246, 5461, 1626, 53122, 42712, 68666, 84032, 67452, 26186, 63878, 79512, 98545, 38410, 55368, 72879, 36147, 2458, 55211, 99246, 75146, 93470, 64775, 49936, 39589, 50676, 36898, 35742, 51028, 42497, 14845, 44215, 23348, 38071, 45747, 89264, 59728, 96442, 57782, 6322, 89662, 54081, 271, 33777, 72535, 57332, 67930, 45473, 3239, 85817, 96362, 70949, 145, 15132, 67943, 99978, 42156, 96774, 93724, 48151, 49912, 85039, 59009, 88606, 12740, 64273, 5539, 28145, 86417, 64417, 80928, 17641, 78971, 76764, 71628, 56854, 97545, 91389, 20178, 45469, 12212, 44845, 6322, 64315, 25124, 33508, 52837, 27733, 60281, 2245, 20028, 92390, 91565, 76916, 84780, 7270, 69332, 74341, 82018, 86205, 75617, 21526, 85682, 97212, 5227, 90622]
Tree:
None

Fitness:
[0.995099083741743, 0.5780093119858141]