Generation:
9

Phenotype:
def p():
  x = 0.0
  index = 50
  n = 29
  b = 18
  c = opposite[b] + sum(opposite[-index:]) / sum(main[-index:])
  if opposite[40] < main[b] + 0:
    x = (x + 1.0)
  return x
XXX_output_XXX = p()

Genotype:
[47434, 36782, 64348, 95593, 95522, 17239, 23336, 22151, 22917, 50098, 38420, 86674, 97198, 48509, 75636, 45569, 52796, 62430, 10489, 92018, 95019, 4359, 80744, 13976, 37879, 76051, 16462, 14304, 51610, 62816, 97439, 20331, 70556, 29307, 21386, 3575, 14480, 70475, 55090, 27219, 75286, 42893, 24430, 16908, 38699, 83700, 58626, 43647, 46318, 70828, 21723, 23801, 63828, 59559, 87737, 85590, 45582, 45091, 8909, 71860, 20309, 87354, 32368, 92728, 65860, 92098, 40028, 1239, 67252, 45630, 87386, 14197, 78800, 16016, 94505, 46157, 52998, 40426, 62147, 51381, 33283, 61118, 65648, 23444, 82608, 69323, 79941, 92008, 80450, 95851, 27241, 63618, 15036, 81920, 99106, 6955, 19888, 7473, 88228, 81054, 78244, 80677, 75425, 6677, 77134, 10383, 68721, 92836, 23431, 15852, 15278, 4494, 56139, 42561, 44576, 99399, 84957, 45720, 58650, 95951, 15861, 46596, 83331, 5690, 33813, 74280, 11098, 69773, 66642, 16964, 98598, 38308, 83272, 28064, 17012, 18720, 15682, 49229, 15006, 42677, 2885, 212, 2392, 60139, 55443, 63409, 31134, 92656, 98200, 90030, 39406, 37825, 44309, 32309, 78618, 32456, 75652, 21912, 19342, 69720, 94157, 55913, 57335, 50371, 4848, 24301, 95530, 34663, 13005, 65916, 32349, 53882, 2245, 64010, 77703, 99146, 21501, 35763, 18231, 65529, 76074, 74007, 89202, 55812, 49133, 81310, 60450, 98329, 73689, 67492, 31866, 238, 32218, 15933, 77446, 93940, 37571, 53651, 81052, 96379, 58473, 40155, 37966, 82174, 55136, 18880, 53009, 2869, 47624, 32366, 33866, 45012, 98875, 56634, 96286, 60973, 28276, 46207, 99637, 42689, 6584]
Tree:
None

Fitness:
[0.995099083741743, 0.5780093119858141]