Generation:
9

Phenotype:
def p():
  x = 0.0
  index = 48
  n = 20
  b = 12
  c = sum(main[:-index])
  if main[46] > opposite[b] + 1:
    x = (x + 0.8)
  return x
XXX_output_XXX = p()

Genotype:
[42781, 88401, 82212, 2007, 67623, 35771, 11801, 84405, 69321, 97169, 44970, 83098, 47441, 11863, 962, 53188, 74785, 99841, 94356, 35787, 80643, 91837, 51186, 39271, 39597, 1855, 96765, 76157, 12176, 81727, 66212, 5959, 92819, 74525, 10817, 46615, 96095, 1086, 38180, 55578, 64576, 34428, 61726, 36054, 21064, 52789, 52318, 33889, 68102, 68614, 37650, 59203, 23988, 1992, 30436, 52005, 99356, 9286, 40385, 98156, 97068, 39762, 84056, 68417, 61014, 79209, 58120, 72522, 8767, 99556, 26288, 1360, 58194, 28488, 77867, 78996, 70113, 89330, 97363, 85905, 20464, 85915, 71526, 34476, 5243, 90129, 34560, 26553, 48124, 32003, 47956, 68492, 69689, 84200, 48729, 36967, 82263, 76354, 36029, 21416, 75394, 39361, 74942, 93893, 70577, 46049, 26510, 76676, 44432, 48225, 59004, 56390, 7829, 34489, 59434, 67015, 82801, 55917, 6089, 56507, 30815, 81229, 44071, 1073, 78025, 45320, 57699, 92345, 93871, 62101, 96205, 95436, 49873, 16372, 61035, 6881, 63877, 9690, 75259, 73180, 92396, 33248, 1045, 98380, 4973, 50066, 27583, 71107, 58156, 15036, 63079, 72614, 74730, 70502, 10372, 86310, 84532, 81161, 53925, 70798, 80239, 2404, 39205, 58843, 87612, 53408, 51728, 86804, 19112, 91564, 15473, 52314, 89557, 83861, 52353, 63580, 61664, 54837, 6596, 72967, 9476, 4651, 36120, 94155, 7500, 31239, 88176, 66968, 95849, 81431, 67295, 12831, 75878, 71820, 39256, 53474, 37811, 40232, 3796, 26576, 1640, 50153, 46788, 43996, 53882, 17031, 22027, 61652, 4714, 44809, 29835, 63410, 59794, 78649, 70953, 67606, 14402, 67814, 6327, 88430, 13263, 65365, 76666, 22477, 36045, 85057, 15545, 65629, 14389, 98196, 18838, 59824, 17750, 42519, 31782, 21508, 99189, 10060, 66566, 88391, 57631, 95120, 93177, 61096, 23949, 95670, 30680, 16962, 26215, 4947, 42324, 7330, 36454, 12373, 67679, 1228, 42544, 82895, 63462, 2115, 15847, 83575, 32194, 23843, 12895, 59877, 63667, 87675, 33349, 52644, 52801, 12626, 89046, 30, 35404, 47118, 92025, 45440, 1532, 88082, 80763, 50687, 75350, 95512, 95926, 7886, 7423, 15441, 6472, 55447, 18167, 44480, 66387, 29663, 69386, 28146, 74930, 93045, 1727, 88646, 50593, 8516, 79413, 69543, 66615, 69776]
Tree:
None

Fitness:
[0.9968037502663541, 0.5480976154982886]