Generation:
9

Phenotype:
def p():
  x = 0.0
  index = 9
  n = 37
  b = 31
  c = main[7]
  if abs(sum(main[-index:]) - sum(opposite[:-index])) > 1000:
    x = 0.4
  return x
XXX_output_XXX = p()

Genotype:
[68557, 16802, 21856, 18504, 87525, 59660, 9523, 16670, 26908, 96829, 62110, 93554, 55903, 27415, 75846, 73900, 49159, 72343, 47945, 9523, 61168, 59982, 75130, 51907, 67441, 80434, 95530, 14896, 45601, 73288, 10384, 27466, 90492, 44593, 65385, 45995, 31010, 30701, 98508, 57415, 99952, 9832, 54893, 10465, 27613, 8312, 3779, 33699, 95638, 6236, 2241, 10780, 11950, 11629, 42332, 65715, 32610, 49245, 53096, 94431, 61137, 57438, 9949, 84112, 28801, 11310, 99358, 67949, 85177, 74482, 15834, 56104, 20868, 30697, 82568, 53284, 44268, 37452, 40519, 91625, 8548, 61073, 80033, 87736, 13056, 31198, 55296, 23650, 73724, 6556, 61576, 14766, 94509, 56622, 55013, 19439, 18094, 11726, 39333, 66312, 48643, 6674, 62332, 87942, 60804, 71714, 58843, 47967, 62102, 96169, 62853, 35303, 68722, 3034, 22128, 16899, 31417, 39430, 62116, 93539, 8472, 45257, 70316, 15612, 5581, 98239, 45248, 9274, 70399, 88918, 23924, 43798, 50868, 34731, 95736, 30237, 5553, 68564, 25017, 85192, 87078, 24000, 56591, 46983, 4934, 59579, 98545, 44502, 25648, 8265, 47107, 7848, 96274, 3510, 33987, 27581, 55181, 21208, 77372, 27772, 8772, 74806, 97119]
Tree:
None

Fitness:
[0.9970168335819305, 0.5471899583731153]