Generation:
9

Phenotype:
def p():
  x = 0.0
  index = 3
  n = 30
  b = 42
  c = sum(opposite[-index:]) + opposite[b] - sum(opposite[-index:]) - sum(main[:-index])
  if c > sum(opposite[-index:]) - opposite[31]:
    x = (x - 0.2)
  return x
XXX_output_XXX = p()

Genotype:
[30334, 63119, 55564, 55520, 53400, 28123, 16401, 1224, 8559, 9643, 22007, 14287, 52688, 10729, 8561, 56434, 77640, 60995, 47068, 26496, 112, 66289, 88317, 29862, 99167, 45708, 92449, 44520, 20132, 20869, 34307, 32946, 15542, 14084, 95934, 89581, 5696, 41205, 4354, 41067, 66280, 12977, 64611, 86306, 77978, 57221, 45907, 37501, 71655, 27019, 23334, 10426, 63073, 51737, 41854, 96470, 68573, 85414, 95445, 88864, 31861, 75067, 89665, 21397, 27663, 51320, 63620, 57994, 17901, 70925, 368, 80877, 65856, 83179, 70613, 86109, 98240, 33390, 89880, 20324, 40455, 12381, 65883, 46276, 46251, 628, 38185, 89446, 1967, 89101, 23727, 87491, 30052, 50780, 31940, 46280, 98769, 50264, 37165, 19488, 51622, 12183, 60430, 69752, 29081, 88208, 85165, 61819, 1589, 71856, 24139, 46209, 13815, 28047, 6501, 83808, 5720, 47517, 98290, 6254, 83509, 94340, 64498, 90180, 66388, 52396, 92346, 52887, 50947, 49629, 45685, 2161, 45085, 4709, 49363, 69573, 67937, 61959, 34252, 70327, 40027, 805, 77644, 48270, 17626, 45860, 42680, 2253, 83281, 37967, 9276, 27532, 22471, 3818, 68484, 56377, 67361, 39196, 60482, 39353, 54779, 9802, 71652, 70131, 6677, 95124, 46345, 91280, 8961, 25414, 69272, 39599, 213, 49016, 51570, 1441, 87807, 8309, 96023, 57237, 26275, 96166, 73320, 93642, 31550, 72735, 8752, 81409, 51978, 76632, 47326, 58577, 71897, 35447, 29673, 69782, 9337, 61130, 45557, 62257, 98133, 85127, 53566, 29498, 70842, 60104, 34889, 30484, 73331, 31261, 42731, 31241, 3977, 44728, 20437, 74276, 41907, 95575, 86984, 70828, 70158, 96898, 7234, 32556, 15674, 60268, 51953, 1552, 52157, 93701, 23632, 64922, 2905, 52257, 35470, 98249, 5256, 96178, 64272, 58725, 50120, 76374, 34554, 86048, 68813]
Tree:
None

Fitness:
[0.9997869166844237, 0.5042883197350448]