Generation:
9

Phenotype:
def p():
  x = 0.0
  index = 3
  n = 30
  b = 48
  c = sum(opposite[:-index])
  if abs(sum(main) - sum(opposite)) > 10000:
    x = (x - 0.4)
  index = 14
  n = 11
  b = 21
  c = opposite[42]
  if main[25] > opposite[b] + 7:
    x = 0.2
  return x
XXX_output_XXX = p()

Genotype:
[49710, 27052, 34801, 64023, 53400, 77857, 16401, 1224, 32433, 93216, 47118, 18767, 25987, 92270, 32975, 64685, 35537, 14283, 87924, 53936, 29390, 71191, 86405, 18344, 14148, 66924, 11656, 31735, 89802, 84128, 61586, 43885, 24745, 40157, 94275, 60171, 28662, 28843, 84694, 92964, 11504, 12534, 68315, 79022, 40133, 69280, 16426, 45557, 39935, 16043, 3577, 92757, 98495, 78490, 4579, 81476, 1678, 66699, 79532, 30766, 32377, 65657, 26474, 99846, 83446, 44287, 78620, 46120, 55724, 72334, 7580, 6618, 12634, 27710, 47373, 62327, 8249, 45873, 65401, 82098, 87499, 48967, 3826, 55296, 75289, 95716, 96376, 5793, 36250, 68721, 86974, 72268, 61282, 52925, 4977, 9607, 64768, 12498, 92374, 7714, 86051, 12261, 15176, 38134, 13480, 98542, 11271, 8775, 50139, 33429, 74066, 47160, 88726, 73044, 3861, 34884, 33305, 63283, 13755, 40657, 47151, 9111, 22145, 15374, 60491, 69756, 81732, 7044, 86480, 91156, 8256, 96094, 55233, 84670, 73921, 89457, 48739, 15775, 16613, 82616, 74946, 29961, 86494, 27628, 65816, 31092, 96611, 67042, 55869, 77072, 19811, 62461, 76048, 41180, 33710, 86812, 18467, 7955, 60096, 62210, 16261, 45204, 81643, 87397, 18632, 17034, 51852, 11371, 68044, 26466, 92352, 21141, 64406, 85080, 36201, 82766, 10300, 9160, 70842, 66421, 55273, 95479, 54304, 46739, 61561, 19441, 416, 27638, 35461, 3050, 49401, 44033, 47725, 91491, 54955, 73659, 17234, 28361, 36154, 87562, 42413, 75300, 77506, 58580, 90476, 16079, 84096, 7458, 6962, 84043, 24631, 48132, 47155, 84656, 93213, 95764, 17554, 48167, 9828, 20392, 41934, 51748, 25999, 84624, 3376, 86606, 93779, 67998, 86983, 4252, 19520, 63846, 50141, 93581, 6170, 22553, 21091, 57361, 26030, 93169, 95912, 7361, 44861, 19935, 43019, 11028, 55968, 49374, 45663, 16764, 56872, 61982, 71022, 14431, 65542, 1280, 53634, 4736, 21953, 33195, 78587, 3155, 39840, 1208, 17434, 64424, 30641, 10868, 32111, 84189, 59222, 72342, 18515, 9393, 22189, 62749, 75611, 64252, 6233, 77608, 25201, 26109, 63595, 94699, 62730, 76542, 89259, 76881, 90638, 48725, 6289, 73897, 64970, 39747, 26920, 64721, 96402, 3827, 92195, 64987, 48014, 21172, 59193, 65802, 64307, 23002, 12365, 31153, 14378, 79313, 38113, 33098, 19353, 15186, 85704, 9158, 98345, 93110, 67143, 94622, 21730, 12745, 38283, 47995, 49101, 42973, 57741, 78232, 14401, 30049]
Tree:
None

Fitness:
[0.9735776688685276, 0.9700545545153997]