Generation:
9

Phenotype:
def p():
  x = 0.0
  index = 4
  n = 25
  b = 3
  c = main[b]
  if c < sum(opposite[:-index]) + opposite[9]:
    x = (x + 0.2)
  index = 20
  n = 11
  b = 30
  c = sum(opposite[:-index]) * sum(main[:-index])
  if sum(main[-index:]) < main[b]:
    x = (x * 0.6)
  return x
XXX_output_XXX = p()

Genotype:
[55297, 1116, 13485, 58904, 43456, 99638, 75199, 69904, 24636, 35109, 89002, 99932, 41332, 86235, 41114, 72050, 30108, 50591, 34731, 74752, 47149, 52907, 75999, 53396, 46521, 18944, 99364, 39035, 82524, 59069, 79918, 82344, 60301, 28304, 26121, 53991, 9227, 78647, 17390, 8481, 35230, 32761, 78616, 64257, 30832, 62030, 76543, 56272, 12880, 78348, 29305, 76295, 46205, 79685, 20017, 55264, 41405, 2166, 38238, 36403, 32183, 37010, 75805, 93553, 85656, 4443, 39031, 65217, 38232, 4337, 45977, 23307, 40613, 88568, 75802, 18269, 1396, 9515, 69977, 75681, 18388, 59641, 3136, 90772, 65590, 90227, 9543, 38256, 64340, 81217, 8770, 4603, 91412, 16631, 32979, 65496, 52634, 76960, 95794, 35716, 32388, 1420, 28324, 80780, 27036, 28088, 89950, 82148, 91067, 45493, 58880, 91709, 78004, 42360, 29416, 25668, 58201, 99115, 52290, 58434, 94638, 54272, 75371, 43313, 52422, 54435, 89346, 31310, 56426, 64764, 71615, 49154, 97613, 34653, 99853, 15001, 94910, 66261, 41256, 21178, 93138, 40809, 23701, 41956, 97890, 21296, 95280, 13588, 51890, 15634, 57709, 27321, 66999, 14348, 29996, 21890, 14623, 25334, 81973, 1814, 2535, 70415, 42776, 41786, 56891, 9775, 56373, 90940, 48313, 53253, 33752, 93290, 88146, 80268, 34539, 93513, 79497, 59861, 21720, 3386, 64465, 56371, 73281, 90231, 44579, 50039, 94506, 59884, 33100, 34296, 4054, 67142, 64133, 38140, 97224, 77775, 44306, 26632, 91282, 35014, 58274, 53776, 79879, 48296, 73993, 3940, 6839, 1438, 42052, 57823]
Tree:
None

Fitness:
[1.0, 0.5030425963488844]