Generation:
9

Phenotype:
def p():
  x = 0.0
  index = 3
  n = 30
  b = 42
  c = opposite[28]
  if abs(sum(main) - sum(opposite)) > 10000:
    x = (x - 0.4)
  return x
XXX_output_XXX = p()

Genotype:
[30334, 53983, 55564, 64023, 53400, 82746, 16401, 1224, 8559, 51051, 33145, 57679, 25987, 92270, 32975, 64685, 35537, 14283, 31252, 30229, 29390, 71191, 86405, 32929, 14148, 66924, 11656, 31735, 89802, 22953, 61586, 43885, 24745, 40157, 94275, 60171, 28662, 28843, 84694, 92964, 11504, 12534, 54313, 70929, 30453, 75143, 76147, 92920, 11314, 44395, 38539, 13533, 23869, 94087, 74165, 20444, 15088, 49913, 21436, 51956, 90888, 7644, 49180, 50323, 6641, 87399, 47207, 78600, 45279, 75204, 61205, 25596, 11094, 87428, 73724, 8076, 13281, 20071, 88299, 75562, 18815, 11122, 92205, 50744, 20363, 99816, 30073, 37807, 98052, 83812, 98872, 52763, 51077, 87282, 74317, 26923, 75055, 4867, 57391, 33922, 58758, 65932, 44297, 45720, 10310, 30530, 7758, 51138, 52274, 22760, 56307, 35041, 83602, 81251]
Tree:
None

Fitness:
[0.9735776688685276, 0.9700545545153997]