Generation:
9

Phenotype:
def p():
  x = 0.0
  index = 35
  n = 14
  b = 41
  c = main[b] + sum(main[-index:])
  if abs(sum(main) - sum(opposite)) > 10000:
    x = (x - 0.6)
  return x
XXX_output_XXX = p()

Genotype:
[53037, 35958, 804, 43607, 77453, 32058, 79166, 84349, 24572, 50445, 84980, 56052, 15070, 31600, 16952, 78723, 63048, 44174, 66775, 96363, 14012, 52832, 50115, 85070, 13564, 18833, 40284, 45171, 19839, 54862, 19041, 60499, 46912, 10224, 84045, 81695, 43581, 7656, 32560, 63537, 63849, 87649, 62361, 24197, 73077, 47381, 81521, 29956, 15280, 9735, 72655, 54745, 41114, 94799, 30108, 16593, 59471, 44040, 2815, 33605, 57568, 29676, 62057, 81116, 55895, 14605, 82254, 10195, 71124, 51180, 8755, 33401, 6568, 46859, 44972, 27291, 81140, 90210, 53636, 25313, 89396, 52428, 73298, 50433, 125, 67750, 85567, 48418, 47038, 81397, 73271, 85084, 33242, 57048, 36187, 58595, 65284, 74041, 87636, 52163, 87587, 26759, 60258, 39590, 43006, 41553, 56175, 97557, 47772, 88037, 70460, 79470, 32085, 87876, 87312, 39127, 76999]
Tree:
None

Fitness:
[0.9735776688685276, 0.9700545545153997]