Generation:
9

Phenotype:
def p():
  x = 0.0
  index = 33
  n = 15
  b = 30
  c = sum(opposite[:-index])
  if abs(sum(main[:-index]) - sum(opposite[-index:])) > 5000:
    x = 0.6
  return x
XXX_output_XXX = p()

Genotype:
[45521, 16778, 30480, 75869, 22830, 81350, 66927, 65525, 81885, 89867, 71457, 73969, 61427, 19455, 20574, 90047, 50186, 4239, 20895, 58195, 67446, 61512, 71965, 25880, 32476, 22234, 10380, 15792, 90182, 78175, 1734, 14094, 94775, 29605, 7395, 94731, 92025, 7081, 43492, 64235, 33052, 51529, 21541, 87612, 1870, 5161, 79492, 71980, 10663, 27445, 60228, 8956, 23010, 23015, 80361, 92456, 55850, 19510, 49565, 89477, 95212, 86190, 93224, 87805, 77577, 21643, 4939, 52078, 63374, 45570, 10753, 72583, 73418, 78425, 58888, 40352, 31239, 93017, 82219, 95164, 19845, 326, 59123, 61485, 706, 23956]
Tree:
None

Fitness:
[0.978691668442361, 0.8436392757357174]