Generation:
9

Phenotype:
def p():
  x = 0.0
  index = 7
  n = 36
  b = 14
  c = sum(main[-index:])
  if opposite[b] > main[b] + 3:
    x = (x - 0.9)
  return x
XXX_output_XXX = p()

Genotype:
[38057, 47893, 30480, 82974, 77374, 12352, 58737, 76211, 27401, 50532, 4149, 74648, 84072, 33303, 21769, 31656, 92683, 76607, 83098, 47441, 49662, 962, 53188, 74785, 99841, 65288, 70542, 3059, 55512, 39118, 83997, 831, 10136, 20800, 62148, 14513, 84168, 56909, 15932, 54695, 2152, 61512, 71965, 12549, 32476, 86619, 10380, 18164, 90182, 40892, 1734, 14094, 94775, 18520, 51192, 94731, 64765, 53608, 44951, 96442, 50555, 67575, 95172, 97488, 64628, 13022, 84824, 37107, 37503, 22753, 85066, 68566, 46387, 46761, 10433, 30475, 696, 56644, 39837, 59787, 70113, 72821, 34912, 39384, 10233, 89465, 12937, 80186, 55827, 47365, 49795, 44241, 37265, 98412, 79788, 5334, 74436, 10770, 19459, 86484, 4602, 32443, 48253, 18167, 71044, 97952, 50401, 31460, 14708, 17625, 8666, 26030, 26860, 29592, 16536, 10594, 12935, 59945, 71515, 45561, 1365, 97000, 4405, 11377, 11122, 58292, 44409, 39843, 83525, 45207, 57406, 10199, 60773, 57640, 90553, 64492, 48075, 91633, 70940, 14100, 32599, 14485, 21172, 12314, 1372, 91681, 31715, 81126, 87703, 44464, 7563, 20189, 94970]
Tree:
None

Fitness:
[0.979757085020243, 0.8289590022802364]