Generation:
6

Phenotype:
def p():
  x = 0.0
  index = 35
  if abs(sum(main) - sum(opposite)) > 10000:
    x = (x - 0.3)
  return x
XXX_output_XXX = p()

Genotype:
[32598, 65525, 71616, 33393, 45272, 18993, 92803, 66659, 54781, 36184, 2335, 42359, 90490, 64562, 76364, 42402, 5704, 66619, 29295, 11682, 99631, 17475, 99384, 70738, 34075, 33909, 15898, 40948, 15127, 51958, 45558, 8057, 54585, 59584, 17073, 74206, 83059, 80496, 93247, 84250, 48624, 92742, 81376, 28079, 32332, 85396, 40164, 43499, 13737, 90447, 31414, 13372, 66700, 79935, 83068, 57752, 95935, 69647, 95331, 87192, 48090, 83814, 4232, 92298, 96849, 69142, 7777, 59149, 29906, 27177, 22426, 27241, 29544, 33664, 61277, 22984, 37303, 79699, 18343, 39291, 52986, 19472, 24790, 16356, 80721, 48636, 96721, 82285, 7760, 82952, 18099, 29632, 82247, 98177, 68317, 71295, 1381, 16337, 47018, 32050, 92239, 89804, 30253, 44356, 43262, 26716, 66689, 37173, 47264, 27349, 24311, 62718, 41771, 95953, 77525, 84416, 59826, 66591, 94392, 8554, 93366, 82022, 8296, 7278, 63034, 50937, 4221, 50882, 15861, 25309, 69044, 34558, 19273, 72262, 65695, 9752, 87076, 18301, 26031, 5497, 60508, 50799, 26087, 86974, 33230, 81264, 46974, 15147, 24891, 20429, 394, 5728]
Tree:
None

Fitness:
[0.9735776688685276, 0.9700545545153997]