Generation:
6

Phenotype:
def p():
  x = 0.0
  index = 34
  if abs(sum(main) - sum(opposite)) > 1000:
    x = (x + 0.8)
  return x
XXX_output_XXX = p()

Genotype:
[50127, 74755, 24268, 25653, 79186, 10770, 56011, 97836, 26296, 22189, 50416, 59807, 58473, 91535, 65874, 18814, 4406, 70042, 80919, 6299, 29522, 99879, 364, 99635, 12035, 4860, 13227, 14214, 17337, 33858, 7800, 71953, 23437, 95304, 78272, 39710, 84920, 9608, 52933, 68350, 32402, 10763, 78066, 98211, 74556, 33112, 223, 78725, 46740, 96881, 56015, 83423, 45537, 64075, 83794, 90551, 99294, 20246, 71214, 86985, 15351, 49107, 44339, 29395, 93995, 17119, 576, 86217, 70318, 99580, 8141, 9102, 11452, 55871, 15019, 62133, 2140, 21260, 45050, 96740, 78515, 35958, 25919, 59132, 91241, 41352, 56859, 4898, 28748, 70476, 12400, 68136, 12397, 249, 97447]
Tree:
None

Fitness:
[0.9927551672704027, 0.6224762989834096]