Generation:
6

Phenotype:
def p():
  x = 0.0
  index = 7
  if opposite[index] > sum(opposite[:-index]):
    x = (x - 0.4)
  index = 38
  if abs(sum(main) - sum(opposite)) > 1000:
    x = (x + 0.0001)
  return x
XXX_output_XXX = p()

Genotype:
[38519, 3896, 82617, 13319, 83290, 18907, 3676, 99631, 46452, 99384, 53719, 34075, 62875, 46665, 40948, 39124, 11156, 30270, 90655, 38058, 63468, 18771, 10364, 91535, 65874, 18814, 31777, 70042, 31652, 6299, 26536, 32524, 35967, 90153, 5097, 80954, 57684, 88292, 10883, 18194, 66992, 22485, 71195, 74617, 89316, 37960, 86517, 28636, 468, 18610, 1775, 41255, 71692, 47885, 34298, 89711, 51565, 9584, 51202, 35726, 53070, 86681, 29030, 36941, 76045, 97578, 97850, 1817, 30394, 14348, 71805, 28064, 16433, 85204, 21288, 10779, 31740, 15850, 75406, 54188, 11280, 89683, 68452, 77657, 48143, 34704, 27284, 24169, 1590, 44853, 21748, 37434, 44613, 9255, 44134, 38159, 79115, 74840, 99696, 1645, 20256, 66189, 6859, 64001, 6786, 3955, 33461, 74560, 73591, 75226, 95676, 25732, 78469, 94986, 74649, 15460, 87906, 35528, 95131, 63482, 98641, 55642, 45432, 66696, 61889, 2766, 3509, 6333, 90246, 75401]
Tree:
None

Fitness:
[0.9927551672704027, 0.6224762989834096]