Generation:
6

Phenotype:
def p():
  x = 0.0
  index = 36
  if abs(sum(main) - sum(opposite)) > 1000:
    x = (x + 0.0000001)
  index = 36
  if sum(opposite[:-index]) > sum(opposite[-index:]):
    x = (x + 0.000001)
  return x
XXX_output_XXX = p()

Genotype:
[18129, 48865, 18317, 91556, 59451, 90552, 29155, 29778, 79544, 54304, 68672, 96716, 89031, 31558, 7296, 98071, 33931, 80672, 34842, 76563, 57858, 58692, 80497, 48254, 19906, 53705, 94772, 57412, 93905, 96180, 38276, 30367, 50486, 59074, 36948, 75685, 1249, 60945, 86148, 99742, 77995, 42248, 78227, 96278, 34655, 9965, 80986, 14286, 86860, 60134, 56148, 23625, 17056, 93391, 2771, 98461, 1087, 80095, 19044, 7389, 41486, 72777, 32300, 44550, 2408, 57548, 95282, 29963, 20648, 88135, 91224, 87514, 30840, 26300, 87820, 36941, 78033, 7085, 70472, 33186, 59086, 71379, 29239, 73549, 15384, 94334, 91747, 17205, 86762, 92586, 76896, 77060, 54152, 32258, 34108, 23669, 82004, 44995, 28448, 92306, 61963, 56582, 49228, 87869, 71856, 98299, 96247, 97520, 7411, 54127, 24549, 56404, 34668, 21503, 13021, 76560, 11244, 66388, 26712, 39719, 38523, 74896, 20583, 36571, 22816, 34857, 46818, 57989, 46067, 45646, 62904, 63833, 86057, 78648, 47773, 1871, 13269, 20505, 81742, 18341, 44682, 67640, 20134, 36081, 7132, 53923, 43532, 44095, 29707, 55289, 13856, 50604, 37930, 10444, 68043, 20158, 22859, 52275, 94656, 79834, 3422, 23337, 36882, 76701, 80078, 71398, 95458, 1433, 68616, 16283, 66431, 64669, 47508, 65331, 26221, 82610, 7454, 80977, 37484, 16219, 40086, 36821, 51709, 670, 4313, 73523, 96331, 75736, 96847, 85574, 49340, 84097, 66191, 76965, 78155, 59686, 19349, 66865, 4673, 48324, 57645, 84649, 78794, 94397, 35055, 93882, 55630, 84443, 36168, 76380, 14348, 17663, 84448, 69315, 56668, 11491, 36241, 62477, 59822, 29887, 42075, 40699, 77715, 61317, 92512, 28820, 17918, 66487, 61568, 1681, 66113, 15446, 62153, 96395, 29350, 19034, 24404, 85379, 39366, 68798, 39222, 11864, 69132, 13266, 75616, 8862, 90372, 9314, 53274, 95096, 25481, 25078, 79483, 59332, 52912]
Tree:
None

Fitness:
[0.9927551672704027, 0.6224762989834096]