Generation:
6

Phenotype:
def p():
  x = 0.0
  index = 25
  if abs(sum(main) - sum(opposite)) > 1000:
    x = (x + 0.3)
  index = 11
  if main[index] > main[index]:
    x = (x + 0.00001)
  return x
XXX_output_XXX = p()

Genotype:
[21114, 4623, 11649, 24452, 86878, 53013, 21001, 93096, 68354, 27944, 98524, 68145, 73808, 2491, 71104, 84192, 81782, 37579, 25688, 92042, 6626, 31885, 68055, 83807, 49889, 64898, 53534, 53616, 49232, 1952, 24131, 19865, 68322, 76911, 64641, 97546, 40712, 49998, 49016, 40245, 28933, 12215, 29172, 66901, 40687, 53491, 10456, 36110, 87988, 87798, 40924, 85217, 16539, 71818, 83269, 98998, 89612, 94298, 17291, 55963, 83400, 98077, 58005, 19875, 33653, 96308, 41578, 85301, 85978, 19812, 54262, 70134, 73082, 40374, 17019, 41808, 1365, 37305, 24606, 90431, 54393, 90820, 4405, 72364, 69752, 29738, 35980, 93545, 27029, 949, 31187, 6493, 35860, 72761, 8369, 32783, 61895, 67329, 27595, 65499, 24027, 2918, 60738, 16416, 70038, 6848, 82937, 39026, 95044, 38720, 67219, 20187, 66388, 43783, 46213, 40266, 22921, 20583, 36571, 22816, 34857, 46818, 68497, 52148, 45646, 66047, 74600, 86057, 11155, 47773, 1871, 64424, 20505, 5360, 18341, 44682, 63999, 20134, 76473, 7132, 89346, 23566, 44095, 60318, 55289, 91657, 5773, 33231, 10444, 68043, 20158, 22859, 98672, 95168, 26489, 3422, 55026, 36882, 10206, 80078, 63953, 95458, 94186, 68616, 16283, 64915, 64669, 47508, 40383, 46384, 82610, 49130, 80977, 2020, 99479, 40086, 36821, 95339, 670, 61642, 20730, 69657, 70486, 96847, 85574, 49340, 84097, 80087, 38858, 17754, 16421, 63253, 66865, 4673, 67523, 57645, 84649, 78794, 94397, 35055, 25932, 55630, 73892, 34958, 63036, 14348, 72399, 85590, 34476, 56668, 47434, 99921, 810, 59822, 71275, 96556, 37466, 77715, 61317, 34631, 32763, 19796, 66487, 91434, 80668, 34524, 27755, 5301, 96395, 29350, 19034, 1946, 85379, 85275, 77586, 39222, 99336, 50646, 97264, 30744, 8862, 87966, 9314, 53274, 2976, 29427, 69719, 79483, 46895, 77686]
Tree:
None

Fitness:
[0.9927551672704027, 0.6224762989834096]