Generation:
6

Phenotype:
def p():
  x = 0.0
  index = 4
  if abs(sum(main) - sum(opposite)) > 1000:
    x = (x + 0.01)
  return x
XXX_output_XXX = p()

Genotype:
[40558, 12926, 46488, 72900, 85837, 12144, 12065, 64413, 89166, 48213, 15089, 14165, 54169, 50286, 34007, 54410, 25683, 80950, 60838, 91589, 55209, 50318, 33572, 82776, 14952, 46128, 21493, 24265, 66748, 8107, 53516, 20278, 52251, 75721, 35983, 86769, 29961, 16317, 27334, 43615, 43664, 61538, 24703, 20663, 1590, 44853, 21748, 16637, 88517, 9255, 44134, 38159, 32800, 74840, 99696, 1645, 20256, 66189, 6859, 64001, 6786, 3955, 33461, 74560, 73591, 75226, 95676, 25732, 78469, 94986, 74649, 15460, 87906, 35528, 95131, 63482, 98641, 55642, 45432, 66696, 61889, 2766, 3509, 6333, 90246, 75401]
Tree:
None

Fitness:
[0.9927551672704027, 0.6224762989834096]