Generation:
6

Phenotype:
def p():
  x = 0.0
  index = 50
  if abs(sum(main) - sum(opposite)) > 1000:
    x = (x + 0.01)
  return x
XXX_output_XXX = p()

Genotype:
[30177, 2008, 59212, 83385, 99500, 57234, 76413, 39489, 79544, 59365, 68672, 80311, 27274, 62659, 50242, 55568, 39744, 95030, 41731, 4807, 38406, 92995, 50483, 24781, 54271, 96158, 91110, 95245, 38390, 3371, 19543, 28774, 89166, 95311, 18473, 64178, 9751, 36507, 72938, 8965, 394, 2156, 952, 59568, 8590, 49408, 11311, 61348, 79193, 50836, 6503, 24900, 90216, 66801, 15216, 88835, 38955, 25897, 52778, 93945, 54560, 47007, 94051, 62420, 39433, 2875, 53841, 55509, 88932, 28279, 94769, 7216, 37445, 6443, 20362, 69613, 91486, 47135, 66982]
Tree:
None

Fitness:
[0.9927551672704027, 0.6224762989834096]