Generation:
6

Phenotype:
def p():
  x = 0.0
  index = 46
  if abs(sum(main[-index:]) - sum(opposite[-index:])) > 500:
    x = (x + 0.0000001)
  return x
XXX_output_XXX = p()

Genotype:
[30523, 8272, 46488, 30595, 74149, 36600, 79298, 67874, 8010, 54282, 86230, 33904, 72964, 86052, 18656, 96930, 10285, 67362, 92489, 32771, 8083, 97963, 34215, 90186, 49981, 52920, 94372, 96319, 18053, 58148, 92689, 33763, 61106, 73000, 21023, 99487, 97173, 2195, 99271, 31140, 15081, 16513, 29113, 70117, 45223, 10107, 91442, 19941, 88150, 66978, 34663, 90966, 43918, 68055, 79134, 12626, 63415, 21861, 92235, 53781, 13540, 81145, 62008, 9838, 99880, 89094, 82444, 43680, 47718, 95613, 74190, 19323, 78660, 93550, 4488, 73676, 88355, 70333, 92017, 37679, 68170, 69435, 32958, 59210, 48774, 62793, 30833, 84597, 55242, 53628, 27307, 63438, 3625, 78273, 77070, 66853, 8377, 10538, 52060, 89150, 37006, 15066, 85765, 51765, 37578, 1374, 28082, 55716, 41680, 4321, 17549, 18832, 4905, 40141, 52894, 64223, 3119, 1079, 13960, 16002, 44849, 80686, 63994, 95618, 13387, 69051, 26967, 57565, 32885, 85480, 96017, 85836, 56476, 7848, 97833, 54059, 84409, 88164, 24491, 54898, 46788, 36289, 64813, 90363, 61645, 31768, 10845, 15269, 15818, 47339]
Tree:
None

Fitness:
[0.9942467504794374, 0.5929651602295768]