Generation:
6

Phenotype:
def p():
  x = 0.0
  index = 43
  if abs(sum(main) - sum(opposite)) > 1000:
    x = (x + 0.3)
  index = 11
  if abs(sum(main[:-index]) - sum(opposite[:-index])) > 50:
    x = (x - 1.0)
  index = 13
  if abs(sum(main[-index:]) - sum(opposite[:-index])) > 100:
    x = (x - 0.9)
  return x
XXX_output_XXX = p()

Genotype:
[21114, 4623, 48678, 82817, 56959, 53013, 57629, 93096, 68354, 27944, 98524, 68145, 73808, 82290, 80062, 16765, 24363, 6985, 94145, 28815, 4240, 61280, 71974, 8268, 94256, 42062, 54003, 77821, 18469, 49118, 49439, 93267, 79912, 52839, 46566, 8496, 36684, 50653, 21900, 89207, 82197, 67864, 95364, 30174, 51202, 36304, 2271, 38119, 53485, 18714, 92605, 93250, 13969, 70294, 59074, 5319, 62445, 20014, 38034, 29512, 99274, 42503, 38887, 44103, 28393, 70076, 99886, 95400, 33358, 35630, 38088, 70995, 49976, 52597, 90200, 83142, 79088, 30501, 17768, 77695, 94548, 9536, 61903, 39637, 11986, 11170, 73764, 16873, 12252, 61071, 22282, 32458, 14020, 72962, 29533, 30666, 3540, 97704, 16686, 56708, 81423, 98710, 89797, 63587, 71370, 14167, 78851, 61469, 67630, 47667, 67565, 82179, 98478, 88922, 64639, 50837, 29768, 2385, 13303, 79850, 36414, 97039, 59634, 50525, 56959, 66141, 10452, 35467, 63677, 19597, 67174, 47805, 66722, 20992, 28457, 62352, 39598, 88679, 41569, 36758, 97942, 39742, 3026, 30855, 14396, 98875, 51595, 36665, 26473, 86652, 36218, 25194, 23992, 19504, 92114, 47950, 58244]
Tree:
None

Fitness:
[0.9946729171105902, 0.5857407858034358]