Generation:
6

Phenotype:
def p():
  x = 0.0
  index = 35
  if sum(opposite[-index:]) > sum(main[:-index]):
    x = (x + 0.5)
  index = 10
  if opposite[index] + opposite[index] > opposite[index]:
    x = (x - 0.7)
  return x
XXX_output_XXX = p()

Genotype:
[29053, 25937, 81045, 19454, 31655, 99019, 41838, 99377, 43468, 65470, 16692, 62054, 84209, 81392, 5770, 51856, 4818, 26479, 88921, 60728, 93400, 73408, 16753, 13972, 40144, 65155, 10032, 25486, 42299, 6507, 24700, 56461, 61108, 61310, 17908, 43954, 85737, 86637, 48718, 28016, 67308, 55831, 81283, 55714, 46498, 29150, 908, 70471, 62056, 19665, 14332, 35026, 82170, 90079, 48963, 34099, 38549, 24077, 29935, 87857, 82689, 97285, 31122, 54708, 38510, 63071, 95898, 91868, 78705, 78428, 16677, 55313, 35622, 79168, 10564, 89460, 16468, 41602, 41067, 79706, 33128, 54206, 39272, 30127, 55276, 59204, 28143, 40446, 97224, 3269, 28091, 17617, 6947, 58406, 1931, 26263, 89921, 21105, 42465, 46381, 4037, 81307, 41956, 21490, 8771, 70164, 13966, 40698, 60098, 36319, 43842, 51990, 34334, 8323, 2452, 1898, 41170, 56975, 86375, 54787, 29745, 20585, 34963, 34856, 35467, 69981, 37196, 8618, 9644, 92612, 47369, 80154, 47083, 31603, 55044, 35497, 39795, 12645, 49200, 7558, 36637, 47512, 52141, 21599, 99190, 53040, 31311, 85269, 3617, 88957, 54558, 44823, 97578, 53660, 55157, 97382, 75718, 22224, 43939, 12278, 69353, 26348, 9421, 82156, 41225, 59754, 17684, 26013, 8435, 75346, 44230, 58903, 14470, 78920, 76875, 88084, 7576, 40019, 43736, 53345, 5658, 1804, 3986, 52194, 14059, 29880, 14375, 47674, 66834, 10934, 40858, 48977, 43240, 62944, 31405, 21834, 91465, 77600, 96200, 66540, 94355, 5492, 80728, 13409, 91496, 11495, 69089, 44909, 92827, 86676, 12121, 58, 95472, 86191, 74170, 55837, 2959, 19826, 86184, 13327, 59930, 5113, 38306, 76643, 58238, 37777, 13767, 82401, 87495, 16911, 95439, 35830, 86134, 43219, 25554, 29108, 58809, 82517, 98264, 46843, 22759, 65138, 50799, 55037, 80344, 3742, 22618, 41856, 70201, 88548, 52239, 93725, 20421, 86222, 26003, 80289, 98108, 84127, 59376, 64154, 32524, 58708, 87209, 87072, 12186, 60748, 98082, 95887, 36548, 40720, 87849, 11851, 86964, 38200, 81226, 18877, 93038, 68525, 35714, 48969, 9223, 73390, 869, 32133, 67389, 98594, 32628, 82397, 6106, 17640, 70904, 12779, 55552, 38977, 66325, 44844, 35797, 69610, 82180, 70110, 59254, 87583, 6998, 74497, 95368, 46956, 37703, 78726, 92294, 29942, 33428, 34915, 42809, 77775, 1027, 2637, 22628, 65043, 16182, 60017, 19417, 96608, 81372, 37368, 58850, 35892, 1519, 17951, 88060, 45184, 47873, 59376, 29609, 60932, 22385, 30593, 21633, 70207, 4547, 90375, 74835, 15696, 90170, 9940, 8612, 89645, 29227, 82594, 84152, 58443, 47467, 42321, 79339, 98212, 72998, 44013, 52874, 47926, 71456, 48795, 91441, 26706, 60322, 40509, 89343, 64608, 49987, 85309, 105, 38961, 4948, 78954, 47231, 17490, 99317, 12439, 11954, 4742, 35134, 99055, 18297, 79134, 51325, 377, 78287, 33780, 8537, 27905, 67190, 29441, 81210]
Tree:
None

Fitness:
[0.995099083741743, 0.578854477638282]