Generation:
6

Phenotype:
def p():
  x = 0.0
  index = 21
  if main[index] - opposite[index] + sum(opposite[:-index]) - opposite[index] < sum(opposite[:-index]):
    x = (x + 0.6)
  index = 28
  if abs(sum(main[:-index]) - sum(opposite[-index:])) > 50:
    x = (x + 0.8)
  index = 9
  if abs(sum(main[:-index]) - sum(opposite[-index:])) > 500:
    x = (x + 0.000001)
  return x
XXX_output_XXX = p()

Genotype:
[53856, 22547, 60425, 44828, 57549, 42220, 40226, 73635, 22912, 99262, 72745, 30461, 50151, 88753, 56251, 20924, 45209, 26947, 27072, 46057, 25849, 3987, 76471, 67063, 86925, 98955, 77009, 69561, 98740, 42635, 457, 26878, 64543, 39087, 41224, 53959, 79504, 39625, 58952, 46541, 44680, 37566, 94155, 93117, 84196, 65629, 97650, 86872, 36004, 67105, 80698, 57386, 86309, 69262, 9754, 58056, 26106, 40345, 44958, 5454, 80809, 13382, 35912, 11125, 30885, 85926, 5773, 46242, 98667, 18760, 3903, 17697, 51316, 36718, 15459, 47928, 51789, 15716, 77586, 1408, 23294, 20179, 65244, 91946, 52294, 30358, 74134, 23009, 29, 52267, 98564, 39551, 61672, 39916, 96127, 3304, 34393, 71375, 85824, 4762, 46452, 60679, 77280, 28518, 32333, 17441, 51911, 94225, 70727, 48579, 75367, 10804, 68458, 26921, 68972, 61625, 63008, 83484, 75505, 77189, 3869, 85004, 42216, 23134, 27495, 84801, 54006, 99752, 25788, 4585, 54403, 53721, 10801, 37264, 4078, 68261, 1875, 74574, 92682, 7513, 83288, 2480, 59506, 52167, 90103, 42679, 61739, 78991, 12357, 36716, 9201, 97311, 98234, 77490, 78143, 33251, 84440, 75219, 42790, 12259, 49116, 48588, 97648, 55012, 94766, 68302, 17934, 28486, 96233, 26370, 69998, 55909, 17982, 52048, 67910, 7631, 27053, 57568, 92276, 73833, 87120, 81423, 55547, 63396, 66078, 29173, 90146, 40879]
Tree:
None

Fitness:
[0.9959514170040485, 0.5613631324371156]