Generation:
6

Phenotype:
def p():
  x = 0.0
  index = 6
  if abs(sum(main[-index:]) - sum(opposite[:-index])) > 50:
    x = (x - 0.8)
  index = 6
  if abs(sum(main[-index:]) - sum(opposite[:-index])) > 5000:
    x = (x + 0.2)
  return x
XXX_output_XXX = p()

Genotype:
[18129, 87995, 18317, 6524, 33360, 90552, 364, 50000, 24585, 54100, 24585, 2093, 94948, 46919, 74007, 53973, 33068, 5568, 7391, 92784, 66938, 92695, 29591, 51576, 69970, 94808, 89083, 57987, 8917, 31681, 85749, 73080, 92748, 78172, 13974, 81095, 51580, 58270, 75496, 41142, 83508, 66916, 13380, 24667, 82562, 88075, 50846, 86488, 6533, 70075, 58496, 27792, 94639, 39463, 34236, 9281, 61453, 62515, 62233, 47281, 5800, 53983, 89566, 64294, 86282, 51844, 69355, 32055, 32749, 94059, 41702, 25681, 99883, 70257, 52469, 8490, 6781, 19206, 64342, 28056, 8677, 17390, 51483, 89486, 70186, 22098, 96932, 64188, 58963, 12625, 706, 21936, 20058, 94770, 89784, 4515, 30996, 75453, 15926, 29001, 36382, 238, 58555, 92967, 84937, 61086, 44254, 71510, 16041, 59495, 61558, 12566, 8061, 51459, 61617, 25495, 86896, 54019, 42137, 13053, 63592, 57387, 20436, 46174, 22504, 34459, 16572, 3042, 3661, 16849, 34141, 84945, 31657, 22546, 26364, 70273, 45024, 38668, 90784, 5341, 202, 13841, 1132, 45967, 13502, 87094, 44466, 12703, 47676, 24126, 68636, 4052, 90798, 23540, 36169, 79481, 79592, 83203, 43705, 2259, 64831, 50147, 28359, 78971, 56443, 10841, 90653, 75976, 50161, 54993, 76342, 24474, 5505, 94594, 90232, 56104, 58522, 93465, 4744, 88324, 65124, 84589, 86712, 4882, 95900, 25570, 67933, 1794, 4311, 59477, 88416, 36555, 14729, 4141, 27658, 33945, 73156, 33443, 30314, 27312, 99852, 39444, 15232, 90617, 24212, 39547, 52113, 74409, 94883, 49901, 56747, 23451, 8652, 27845, 76874, 82978, 9070, 12127, 75619, 41266, 63671, 89962, 53500, 57076, 49671, 53213, 99602, 23052, 30248, 21877, 80395, 85348, 90413, 37096, 35181, 498]
Tree:
None

Fitness:
[0.9963775836352013, 0.5551529567939361]