Generation:
6

Phenotype:
def p():
  x = 0.0
  index = 15
  if abs(sum(main[-index:]) - sum(opposite[-index:])) > 50:
    x = (x + 0.7)
  return x
XXX_output_XXX = p()

Genotype:
[55164, 80845, 24268, 32254, 7716, 50277, 55668, 45940, 11524, 40535, 9742, 65004, 8287, 66659, 54781, 36184, 90273, 42359, 19365, 4677, 30964, 67724, 70180, 76885, 60177, 71567, 10328, 21108, 42882, 21736, 21560, 33424, 60955, 47800, 73019, 68678, 77234, 19299, 72335, 82145, 1092, 44574, 39414, 79970, 8676, 59680, 38105, 3082, 61289, 75952, 32295, 4905, 50145, 23039, 26460, 65702, 31239, 71009, 4304, 54123, 7207, 59976, 81139, 34737, 38581, 18006, 65688, 63514, 78266, 5714, 10492, 24473, 97176, 58043, 52498, 94182, 53774, 31075, 49660, 64337, 89323, 94013, 52807, 34514, 68498, 89865, 64618, 93248]
Tree:
None

Fitness:
[0.9968037502663541, 0.5491118142812501]