Generation:
6

Phenotype:
def p():
  x = 0.0
  index = 15
  if abs(sum(main[-index:]) - sum(opposite[-index:])) > 50:
    x = (x + 0.001)
  return x
XXX_output_XXX = p()

Genotype:
[55164, 80845, 24268, 32254, 7716, 50277, 55668, 45940, 11524, 40535, 9742, 94180, 70378, 19399, 84346, 87884, 88113, 62363, 78274, 97092, 89276, 94142, 18046, 1738, 40339, 68862, 27858, 31337, 73508, 15967, 30400, 79132, 65926, 31867, 57913, 9327, 69115, 45404, 25869, 47792, 14939, 45160, 33902, 44715, 47680, 30196, 93130, 58934, 93425, 12636, 86695, 34329, 49, 65390, 6687, 62258, 41416, 23586, 58710, 33156, 93230, 65584, 48928, 10165, 4381, 94949, 94291, 22774, 17911, 14244, 838, 68708, 93935, 98064, 72931, 37615, 15372, 78601, 84976, 55098, 46781, 49241, 91985, 30097, 35369, 91022, 89148, 6498, 49893, 85249, 68897, 82669, 92671, 61387, 45629, 68290, 78654, 52550, 7414, 42100, 51959, 88293, 13889, 79332, 1782, 31097, 55675, 48829, 91059, 69316, 44080, 14929, 27075, 14326, 37210, 31369, 83787, 77757, 64659, 42390, 30789, 78826, 47764, 77488, 54662, 62562, 8649, 48123, 90912, 28663, 9065, 68275, 67863, 1910, 89283, 35549, 90136, 68295, 95162, 84560, 94407, 77531, 79505, 94475, 72654, 56044, 99975, 70893, 70388, 3698, 1875, 99294, 36212, 85467, 37757, 60283, 46494, 20509, 48068, 23865, 3255, 9540, 46749, 60341, 17314, 48402, 14351, 29337, 8924, 59260, 30223, 57906, 47662, 3114, 15484, 66031, 73106, 91489, 27780, 56990, 42704, 15149, 83071, 2516, 57908, 60428, 90638, 274, 49674, 25791, 53991, 10713, 18864, 13203, 61446, 64367, 16501, 40574, 80789, 48717, 70409, 70116, 54395, 3413, 53426, 98516, 65765, 23964, 94004, 27141, 11940]
Tree:
None

Fitness:
[0.9968037502663541, 0.5491118142812501]