Generation:
6

Phenotype:
def p():
  x = 0.0
  index = 7
  if abs(sum(main[-index:]) - sum(opposite[:-index])) > 1000:
    x = (x + 0.8)
  index = 30
  if abs(sum(main) - sum(opposite)) > 10000:
    x = (x - 0.0000001)
  return x
XXX_output_XXX = p()

Genotype:
[56120, 7452, 22373, 75037, 28516, 95226, 26888, 51728, 75073, 63998, 70108, 60637, 45884, 54586, 61842, 5271, 6495, 4028, 78525, 85200, 27207, 9377, 83259, 40106, 88104, 51386, 54191, 34442, 82388, 62544, 19765, 12558, 93067, 25504, 78592, 49040, 9936, 151, 36722, 52702, 42891, 39325, 3425, 17012, 50127, 61654, 91536, 90524, 34009, 69214, 29663, 70134, 99618, 92286, 30190, 68970, 62978, 7547, 74847, 45864, 4076, 87137, 91660, 55611, 21404, 45155, 48589, 34265, 90902, 56526, 36640, 41678, 10689, 99077, 57155, 85746, 78482, 37116, 5589, 99772, 902, 68731, 40340, 26564, 83595, 53088, 79008, 78646, 56471, 86114, 21401, 824, 91191, 68004, 39621, 60584, 84797, 24906, 60713, 65987, 83959, 54140, 98426, 9828, 49277, 59021, 63895, 312, 38735, 98076, 18001, 92725, 13538, 75202, 16962, 50920, 80589, 71957, 44310, 68124, 69825, 51636, 91253, 41238, 12936, 94689, 29581, 78739, 64054, 7158, 4298, 10912, 1930, 14428, 72855, 44473, 7447, 71991, 36064, 73287, 16196, 51332, 34566, 90081, 55395, 16945, 69384, 92645, 90885, 89066, 54011, 11130, 818, 90697, 27136, 12071, 83423, 45388, 77692, 68144, 92562, 17070, 27973, 35167, 63508, 84373, 20327, 46434, 63596, 17428, 16374, 48577, 69573, 18067, 33962, 43839, 72961, 59209, 73331, 72078, 29284, 31420, 89981, 4257, 83828, 44425, 20951, 25899, 59459, 20590, 89147, 57636, 32092, 10912, 2572, 41176, 17973, 22159, 55096, 46186, 82342, 49557, 39988, 27265, 8480, 95744, 28637, 88834, 15177, 18229, 98032, 11643, 41054, 70365, 69965, 38300, 14945, 61466, 20637, 82250, 89603, 54201, 33323, 62585, 13459, 38589, 89715, 35671, 3301, 42351, 84200, 74126, 23738, 96452, 80989, 67646, 84020, 81877, 17680, 29369, 32212, 62032, 36832, 63983, 94641, 91204, 78432, 90472, 81516, 98289, 71779, 39530, 29085, 1099, 37161, 63254, 54948, 50289, 50839, 15593, 52894, 3960, 27359, 86952, 51631, 77332, 58861, 45920, 2828, 54265, 12835, 52057, 68233, 45281, 8781, 44822, 17966, 35024, 54003, 48126, 86681, 6948, 9215, 18623, 59687, 27025, 94717, 78310, 71817, 78044, 41968, 37356, 83275, 1400, 18702, 74512, 1113, 54975, 96886, 33297, 264, 52759, 42395, 78793, 5008, 45490, 46067, 80748, 69763, 96025, 60982, 39605, 67377, 52621, 76000, 40143, 65223, 70038, 36057, 52574, 46325, 41158, 27794, 77257, 51340, 96307, 26335, 86116, 48130, 46278, 62343, 92298, 9585, 12208, 72723, 90073, 89687, 46775, 77482, 10462, 22733, 54029, 73859, 17922, 72905, 25315, 64196, 71203, 65855, 81202, 69334, 17040, 45282, 18930, 78919, 31177, 71154, 25172, 82034, 41815, 20335, 75413, 92442, 90020, 57617, 80589, 95556, 56950, 55471, 24386, 93459, 898, 31806, 41337, 18874, 12265, 36291, 40509, 40336, 71256, 41208, 37044, 34882, 89075, 97422, 11872, 7081, 48110, 77138, 30282, 88639, 59119, 613, 79764, 54733, 80422, 77432, 17710, 17502, 84655, 44710, 5273, 75195, 78680, 89231, 27226, 82053, 67900, 92680, 16471, 9389, 38562, 90979, 55106, 91829, 60401, 24091, 69189, 67347, 71848, 63669, 78012, 75863, 27470, 39027, 61999, 19669, 46055, 14366, 77766, 62392, 82377, 25567, 74620, 84471, 63791, 53241, 30146, 58586, 54888, 28046, 73112]
Tree:
None

Fitness:
[0.9970168335819305, 0.5471899583731153]