Generation:
6

Phenotype:
def p():
  x = 0.0
  index = 35
  if main[index] < sum(opposite[:-index]):
    x = (x + 0.01)
  index = 20
  if main[index] < 1:
    if opposite[index] < opposite[index] + 0.00001:
      x = (x + 0.01)
  else:
    if opposite[index] < opposite[index] + 2:
      x = (x + 0.3)
    else:
      x = (x + 0.01)
  return x
XXX_output_XXX = p()

Genotype:
[71707, 74365, 52837, 32, 35, 5134, 48418, 38778, 75501, 28536, 30557, 23157, 74718, 11253, 3524, 46475, 82385, 53348, 41373, 51827, 10075, 90866, 80950, 11893, 91589, 91711, 77799, 33572, 82776, 14952, 46128, 21493, 24265, 66748, 8107, 53516, 20278, 52251, 86599, 10877, 86769, 17820, 81051, 27334, 43615, 434, 92413, 56577, 81880, 37579, 77517, 92042, 6626, 31885, 68055, 83807, 24149, 64898, 37594, 54422, 49232, 56092, 24131, 74616, 87111, 70859, 81130, 97546, 91831, 10245, 98945, 24562, 28933, 73778, 29172, 58511, 67043, 56306, 71194, 36110, 87988, 14130, 30899, 85217, 33096, 71818, 33406, 36538, 89612, 86511, 17291, 55963, 96702, 83467, 27134, 19875, 22921, 34541, 41578, 31015, 75344, 59657, 38380, 93677, 73082, 40520, 8776, 41808, 1365, 37305, 24606, 29772, 55823, 95096, 62470, 68146, 20318, 52186, 35980, 93545, 27029, 14721, 56743, 88824, 71814, 93044, 8369, 32783, 83908, 67329, 27595, 40768, 19699, 2918, 94787, 16416, 55370, 6848, 82937, 39026, 13644, 57954, 56155, 24242, 99167, 91060, 64951, 95954, 206, 41818, 2018, 66805, 79887, 43207, 70695, 84122, 91089, 78096, 85344, 110, 72748, 22699, 76271, 83672, 65428, 47301, 81004, 7084, 78025, 87838, 57622, 1678, 95683, 97352, 9834, 96294, 97701, 74503, 43534, 11320, 67194, 94122, 45964, 94591, 35003, 10236, 11912, 44063, 25458, 94006, 93477, 81025, 3729, 60141, 44963, 28084, 32699, 53614, 17562, 2559, 76282, 40444, 88315, 97960, 61899, 44054, 16845, 45703, 80082, 89150, 77832, 77838, 48992, 30404, 18335, 89051, 95104, 84887, 88210, 59340, 55937, 65055, 74519, 41785, 16597, 70046, 27643, 27160, 4292, 20011, 16978, 18927, 38477, 96169, 40792, 34135, 47389, 514, 95271, 63830, 82001, 88041, 56812, 67791, 1052, 2723, 36803, 4648, 12570, 57459, 4279, 67956, 65171, 31773, 67513, 60548, 56527, 46274, 78890, 20553, 69709, 43700, 82174, 85842, 29936, 89325, 20701, 56339]
Tree:
None

Fitness:
[0.997229916897507, 0.5405351748111605]