Generation:
6

Phenotype:
def p():
  x = 0.0
  index = 7
  if main[index] < 1:
    if opposite[index] > opposite[index] + 0.5:
      x = (x - 0.1)
  else:
    if main[index] > main[index] + 2:
      x = (x - 0.2)
    else:
      x = (x + 0.8)
  return x
XXX_output_XXX = p()

Genotype:
[78346, 23909, 64536, 69658, 91960, 743, 99096, 94049, 3241, 51210, 11875, 13622, 72750, 30478, 1974, 87792, 16117, 83479, 7818, 94349, 37991, 73426, 62810, 73027, 73460, 38663, 85718, 94107, 98944, 34753, 87028, 5121, 46409, 8427, 23272, 85230, 81484, 75291, 35653, 92775, 96019, 79102, 9062, 35646, 79667, 62912, 8182, 9654, 81538, 85947, 78951, 82757, 35934, 41853, 51172, 88812, 42580, 46002, 66720, 58661, 92928, 27681, 5894, 60866, 26985, 64824, 10668, 94916, 11203, 10156, 9344, 16504, 80148, 9164, 48896, 89450, 90351, 50046, 26565, 88840, 71993, 12667, 74940, 17438, 31492, 32118, 71987, 44681, 2878, 77245, 31602, 2125, 59487, 58795, 16586, 36856, 24311, 96622, 36526, 13386, 74681, 30122, 64271, 32279, 49165, 91560, 77217, 33367, 2740, 38967, 68934, 37777, 94247, 93247, 5354, 37516, 18610, 57666, 11553, 19700, 42810, 52876, 33552, 99515]
Tree:
None

Fitness:
[0.997229916897507, 0.5405351748111605]