Generation:
6

Phenotype:
def p():
  x = 0.0
  index = 46
  if main[index] < 1:
    if opposite[index] < opposite[index] + 0.3:
      x = (x - 0.01)
  else:
    if opposite[index] < opposite[index] + 8:
      x = (x + 0.01)
    else:
      x = (x - 0.3)
  return x
XXX_output_XXX = p()

Genotype:
[92112, 11325, 50416, 59807, 24475, 80240, 92803, 9297, 94307, 36184, 90273, 59301, 52045, 55673, 58945, 44908, 84562, 19029, 99309, 21240, 9109, 31611, 23394, 14341, 27321, 57654, 12677, 214, 51712, 38054, 67911, 89920, 69522, 84258, 38507, 48395, 41419, 81069, 30442, 24615, 38029, 13382, 56897, 20533, 4476, 42506, 86412, 79870, 31049, 73281, 42753, 73843, 17992, 55353, 60471, 73300, 48742, 50286, 74851, 69765, 76444, 99968, 15939, 37157, 6379, 76573, 3611, 77766, 2312, 35374, 48641, 38131, 32801, 74246, 52437, 26721, 49274, 64345, 47495, 90909, 44088, 80052, 49378, 70433, 14687, 92276, 23963, 96794, 96335, 80513, 36575, 36781, 95580, 43212, 50518, 88792, 35156, 38608, 40112, 23537, 32161, 25221, 65385, 90046, 43317, 83706, 55219, 48517, 64679, 40538, 81032, 83119, 21736, 12362, 68017, 70899, 67059, 93772, 40497, 16151, 30887, 40725, 80871, 83680, 7362, 47857, 68734, 89987, 53822, 71495, 99950, 33674, 46835, 65979, 50015, 65541, 961, 803, 45417, 75587, 85994, 55083, 25509, 44694, 67637, 68683, 27899, 46306, 38188, 71345, 78609, 95951, 47036, 4875, 8885, 78336, 9560, 84103, 4781, 97760, 32402, 64885, 19119, 84135, 46669, 41530, 81618, 50146, 85019, 95390, 34744, 72926, 31436, 9853, 99894, 95597, 59449, 66494, 2772, 15558, 6977, 56355, 58687, 32487, 79297, 63230, 4016, 11520, 48104, 70921, 94879, 33848, 22588, 10335, 68135, 66096, 64297, 62223, 12145, 31133, 84063, 11307, 18546, 53157, 69888, 16762, 4171, 74581, 43344, 12117, 85289, 52803]
Tree:
None

Fitness:
[0.997229916897507, 0.5405351748111605]