Generation:
6

Phenotype:
def p():
  x = 0.0
  index = 7
  if main[index] < 1:
    if main[index] < main[index] + 0.01:
      x = (x + 0.0000001)
  else:
    if main[index] > main[index] + 5:
      x = (x + 0.3)
    else:
      x = (x + 0.001)
  return x
XXX_output_XXX = p()

Genotype:
[78346, 95556, 64536, 69658, 47386, 743, 3891, 25410, 68010, 32741, 14696, 61296, 58340, 84504, 69230, 53565, 31374, 41464, 56938, 15812, 70540, 4057, 64877, 69508, 24622, 74644, 4166, 32815, 26060, 60122, 89216, 5178, 6787, 29225, 7533, 66759, 27331, 22008, 69142, 66728, 43708, 73072, 55424, 43295, 87051, 74180, 55101, 50645, 77920, 49602, 69312, 4864, 64059, 4467, 90990, 9382, 69232, 69128, 16700, 44075, 13874, 43394, 700, 26073, 37584, 27778, 31329, 91073, 41723, 68116, 89287, 89341, 60230, 48810, 74739, 45179, 72668, 81414, 99046, 78699, 71598, 19861, 3102, 21977, 58579, 75688, 37997, 67735, 38544, 97954, 8622, 84178, 77145, 73551, 54905, 64465, 61457, 30814, 41185, 31480, 57356, 13951, 29270, 85399, 98144, 18197, 88628, 5980, 13846, 44683, 48566, 42430, 8039, 44490, 79802, 21785, 19332, 18756, 46953, 2938, 16725, 52444, 44268, 370, 78804, 77350, 27055, 99247, 34064, 74405, 35658, 75945, 74605, 70057, 4121, 80574, 27300, 29318, 9229, 74697, 83397, 42171, 1690, 30220, 36202, 44621, 79321, 65719, 36164, 79162, 74207, 85233, 25652, 19328, 44642, 88281, 44555, 28762, 96058, 91597, 29345, 444, 16927, 46596, 62345, 70357, 5389, 54499, 90904, 22797, 6766, 77966, 26665, 93740, 76588, 79612, 44886, 53289, 55963, 12299, 88466, 5087, 53223, 67775, 66637, 67684, 95933, 55566, 83160, 66605, 95374, 82249, 46053, 60824, 22291, 44695, 16847, 22498, 19330, 69942, 54063, 35674, 57810, 26140, 8420, 90195, 91623, 61850, 31977, 15187, 39841, 65705, 61263, 36177, 96353, 15162, 96120, 75040, 85155, 2001, 67421, 99987, 14963, 55561, 5952, 84639, 25247, 51917, 68907, 72456, 36988, 92581, 17750, 77488, 73234, 56475, 80997, 839, 949, 42743, 71787, 67884, 4234, 29615, 18589, 25834, 23929, 16366, 2972, 22747, 23590, 16399, 6624, 68445, 75601, 15339, 94186, 40381, 67497, 61325, 88087, 14910]
Tree:
None

Fitness:
[0.997229916897507, 0.5405351748111605]