Generation:
6

Phenotype:
def p():
  x = 0.0
  index = 46
  if abs(sum(main[-index:]) - sum(opposite[:-index])) > 500:
    x = (x + 0.0000001)
  return x
XXX_output_XXX = p()

Genotype:
[83211, 8272, 46488, 30595, 74149, 36600, 79826, 67874, 41025, 54282, 86230, 33904, 72964, 86052, 18656, 96930, 10285, 67362, 92489, 32771, 8083, 97963, 34215, 90186, 49981, 52920, 94372, 96319, 18053, 58148, 92689, 33763, 61106, 73000, 21023, 99487, 97173, 2195, 99271, 31140, 15081, 16513, 29113, 70117, 45223, 10107, 91442, 19941, 88150, 66978, 34663, 90966, 43918, 68055, 79134, 12626, 63415, 21861, 92235, 53781, 13540, 81145, 62008, 9838, 99880, 89094, 82444, 43680, 47718, 95613, 74190, 19323, 78660, 93550, 4488, 73676, 88355, 70333, 92017, 37679, 68170, 69435, 32958, 59210, 48774, 62793, 30833, 84597, 55242, 53628, 27307, 63438, 3625, 45193, 82239, 18508, 67817, 13591, 30795, 23132, 51033, 98453, 48843, 32720, 67580, 98045, 2443, 17191, 20789, 29637, 28863, 64665, 63872, 51338, 8027, 37614, 88730, 45424, 95350, 99910, 84863, 69958, 6484, 71907, 33131, 20608, 91561, 57195, 11096, 89765, 26112, 80854, 27062, 75629, 17996, 55542, 58845, 96401, 94024, 11991, 87772, 32338, 27656, 29133, 18020, 5649, 86542, 57485, 36462, 65033, 75726, 45787, 35238, 65327, 64982, 17754, 19969, 85441, 72701, 95693, 64681, 38202, 81785, 15878, 9404, 61564, 10003, 51229, 96476, 77812, 26734, 76732, 8010, 89947, 17957, 31001, 18868, 19704, 77833, 81785, 63048, 24214, 15803, 16054, 21823, 89584, 51779, 56198, 79937, 65298, 27946, 32818, 73733, 57202, 13990, 96673, 93649, 58738, 65338, 11368, 25687, 4024, 44673, 31769, 46204, 91803, 89792, 70822, 50516, 39985, 68407]
Tree:
None

Fitness:
[0.9980822501598124, 0.5237199621319685]