Generation:
6

Phenotype:
def p():
  x = 0.0
  index = 25
  if abs(sum(main) - sum(opposite)) > 10000:
    x = (x - 0.3)
  return x
XXX_output_XXX = p()

Genotype:
[31356, 76399, 83588, 20640, 75505, 98964, 68581, 29096, 57347, 77432, 70995, 11512, 39441, 96384, 41546, 8684, 64583, 55018, 58607, 75956, 64463, 43081, 41816, 60850, 63761, 75086, 25505, 6055, 71997, 8619, 3281, 11650, 65414, 61025, 22672, 50107, 75044, 98902, 73993, 71949, 63737, 54159, 28127, 11947, 57880, 6579, 50761, 82395, 19356, 22299, 60775, 32425, 35829, 76511, 52458, 78981, 82604, 94396, 39449, 67868, 33573, 96617, 94607, 25190, 75795, 54227, 86929, 59479, 5196, 27300, 49716, 19603, 18428]
Tree:
None

Fitness:
[0.9735776688685276, 0.9700545545153997]