Generation:
6

Phenotype:
def p():
  x = 0.0
  index = 7
  if abs(sum(main) - sum(opposite)) > 10000:
    x = (x - 0.7)
  return x
XXX_output_XXX = p()

Genotype:
[30874, 70776, 70604, 68499, 83290, 5337, 15093, 30338, 38209, 2908, 76941, 18046, 14044, 12112, 19933, 67390, 3027, 15081, 28253, 6814, 93328, 29264, 78813, 41081, 99299, 14184, 78961, 59291, 6854, 13612, 10810, 82199, 97255, 36268, 19433, 8613, 94621, 22929, 98173, 10433, 85098, 35014, 50478, 3637, 17558, 39611, 12752, 64683, 17029, 306, 45306, 77499, 14955, 73779, 76475, 64282, 61125, 93104, 27419, 32999, 73800, 84067, 68396, 89320, 34413, 7761, 39297, 57668, 82684, 66208, 15536, 85001, 17679, 18998, 39769, 41643, 13031, 94338, 433, 84234, 26219, 46570, 71192, 60681, 58163, 13651, 39141, 94563, 61299, 74004, 33652, 4783]
Tree:
None

Fitness:
[0.9735776688685276, 0.9700545545153997]