Generation:
6

Phenotype:
def p():
  x = 0.0
  index = 27
  if main[index] < 1:
    if main[index] > main[index] + 0.2:
      x = (x + 0.6)
  else:
    if opposite[index] > main[index] + 0:
      x = (x - 0.001)
    else:
      x = (x + 0.8)
  return x
XXX_output_XXX = p()

Genotype:
[92112, 22189, 50416, 59807, 58473, 91535, 65874, 18814, 4406, 83207, 31652, 6299, 29522, 99879, 364, 50000, 12035, 54100, 99276, 2093, 63413, 46919, 13360, 53973, 33068, 5568, 7391, 92784, 66938, 92695, 29591, 51576, 69970, 94808, 89083, 57987, 8917, 31681, 85749, 73080, 92748, 78172, 13974, 81095, 51580, 58270, 75496, 41142, 83508, 66916, 13380, 24667, 82562, 88075, 50846, 86488, 6533, 70075, 58496, 27792, 94639, 39463, 34236, 9281, 61453, 62515, 62233, 47281, 5800, 53983, 89566, 64294, 86282, 51844, 69355, 32055, 32749, 94059, 41702, 25681, 99883, 70257, 52469, 8490, 6781, 19206, 64342, 28056, 8677, 17390, 51483, 89486, 70186, 22098, 96932, 64188, 58963, 12625, 706, 21936, 20058, 94770, 89784, 4515, 30996, 75453, 15926, 29001, 36382, 238, 58555, 92967, 84937, 61086, 44254, 71510, 16041, 59495, 61558, 12566, 8061, 51459, 61617, 25495, 86896, 54019, 42137, 13053, 63592, 57387, 20436, 46174, 22504, 34459, 16572, 3042, 3661, 16849, 34141, 84945, 31657, 22546, 26364, 70273, 45024, 38668, 90784, 5341, 202, 13841, 1132, 45967, 13502, 87094, 44466, 12703, 47676, 24126, 68636, 4052, 90798, 23540, 36169, 79481, 79592, 83203, 43705, 2259, 64831, 50147, 28359, 78971, 56443, 80115, 14219, 66035, 52632, 56646, 36984, 28084, 22156, 85395, 83988, 1617, 12554, 32123, 40974, 81484, 66942, 57743, 36927, 8938, 15392, 8681, 25457, 24155, 10083, 1438, 20317, 28434, 44883, 30265, 13970, 2230, 1380, 43723, 83619, 80426, 38233, 63187, 4733, 30907, 59195, 70063, 81249, 24838, 61960, 53120, 18692, 47747, 72138, 45117, 87148, 47091, 2402, 43007, 98863, 27217, 54469, 97609, 80260, 91465, 26319, 44002, 88141, 86132, 17095, 39829, 37223, 78649, 15775, 368, 27740, 52933, 70668, 43692, 4793, 78395, 29442, 80938, 20206, 15803, 40908, 79397, 63357, 92704, 22743, 96212, 75104, 50435, 11505, 18952, 56244, 40176, 92489, 63640, 39839, 28465, 23988, 9408, 76881, 29060, 53398]
Tree:
None

Fitness:
[0.9784785851267845, 0.8491108273842172]