Generation:
6

Phenotype:
def p():
  x = 0.0
  index = 16
  if main[index] < 1:
    if main[index] > main[index] + 0.9:
      x = (x - 0.1)
  else:
    if main[index] > opposite[index] + 4:
      x = (x - 0.000001)
    else:
      x = (x + 0.000001)
  return x
XXX_output_XXX = p()

Genotype:
[90473, 12431, 49456, 439, 59380, 15749, 33028, 19494, 12408, 10078, 37569, 50950, 99724, 63008, 42091, 384, 5337, 61377, 30338, 38209, 79096, 93640, 60163, 61773, 8347, 33845, 43176, 6337, 81869, 80544, 5756, 84507, 43665, 69425, 17812, 15043, 56343, 23155, 82428, 98327, 95797, 55133, 6658, 87401, 96596, 63048, 65472, 5932, 55478, 15213, 79128, 47245, 23201, 61579, 69184, 77436, 56653, 97764, 19244, 60848, 5491, 56690, 38259, 39830, 60049, 65600, 67801, 73838, 4849, 4840, 91555, 8424, 52513, 16235, 23534, 18741, 62010, 87433, 40778, 11906, 92803, 66659, 54781, 36184, 90273, 49686, 19365, 55460, 87487, 42402, 5704, 77432, 70995, 28527, 21658, 96384, 4602, 8684, 64583, 55018, 58607, 75956, 18966, 63466, 69163, 25484, 73811, 45608, 69613, 81943, 99745, 9000, 39499, 85087, 40426, 73347, 71265, 86193, 47530, 39030, 6829, 1907, 22667, 71410, 91334, 1267, 85954, 46504, 54186, 97975, 78393, 10115, 17189, 77387, 55157, 62353, 72397, 3106, 24842, 28411, 77541, 93767, 88936, 58631, 91044, 90478, 23161, 58175, 66766, 83627, 49240, 48673, 49694, 40700, 20770, 43100, 9140, 23333, 44626, 92764, 76147, 44770, 19240, 51943, 16854, 37380, 74845, 93671, 1396, 64150, 65855, 14705, 7555, 26002, 81952, 78581, 28804, 84879, 71379, 55903, 85442, 34477, 27166, 19286, 20389, 58995, 93064, 9759, 32906, 83125, 55685, 29371, 5781, 8197, 86034, 84496, 52122, 90768, 9164, 57349, 9409, 23179, 12866, 38343, 83235, 21677, 65474, 32758, 69098, 80725, 73092, 53901, 93377, 59818, 67895, 18701, 68469, 96169, 23181, 64541, 13632, 81858, 82235, 5865, 33249, 43835, 95606, 27578, 24270, 2040, 58540, 33188, 96213, 75026, 61922, 11683, 91811, 29502, 55009, 15075, 69037, 53274, 53312, 38447, 57106, 27234, 13720, 68334, 15413, 92294, 49949, 45797, 29603, 18613, 45550, 12243]
Tree:
None

Fitness:
[0.9808225015981249, 0.8102219336929096]