Generation:
6

Phenotype:
def p():
  x = 0.0
  index = 49
  if main[index] < 1:
    if main[index] < opposite[index] + 1.0:
      x = (x + 0.0001)
  else:
    if opposite[index] < main[index] + 0:
      x = (x + 0.0001)
    else:
      x = (x - 0.00001)
  return x
XXX_output_XXX = p()

Genotype:
[91086, 33746, 14812, 45608, 69613, 64328, 99745, 9000, 39499, 85087, 40426, 73347, 85991, 86193, 47530, 39030, 45286, 1907, 22667, 71410, 91334, 1267, 85954, 46504, 54186, 97975, 78393, 10115, 17189, 77387, 55157, 51040, 91849, 3106, 24842, 28411, 77541, 93767, 88936, 58631, 91044, 90478, 23161, 58175, 66766, 83627, 49240, 57722, 17997, 43836, 20770, 88189, 9140, 23333, 44626, 92764, 76147, 44770, 19240, 51943, 16854, 96289, 24885, 93671, 1396, 64150, 65855, 95341, 48305, 5728, 63669, 85327, 30517, 54544, 45404, 70489, 66603, 74213, 70284, 90262, 88414, 32390, 40835, 47158, 54433, 67251, 79696, 22732, 32048, 96225, 16405, 29254, 62910, 83160, 58813, 84132, 99423, 25880, 25882, 63783, 75220, 50467, 61691, 83394, 33175, 269, 25338, 11397, 7452, 75960, 35465, 9035, 88726, 85899, 27412, 77909, 96241, 65692, 91622, 364, 2620, 63423, 75127, 1068, 63530, 34597, 10070, 71707, 40872, 52403, 67633, 69124, 37409, 10939, 76932, 7225, 66331, 11478, 37134, 95599, 39614, 88229, 27527, 70823, 60756, 14552, 48641, 37888, 97402, 12201, 83321, 68772, 96844, 1399, 58442, 35554, 49402, 44186, 42907, 23123, 64324, 8738, 18880, 96497, 25174, 77216, 58265, 86496, 25382, 16977, 59763, 98201, 90651, 2293, 39399, 95629, 5185, 92468, 30221, 58544, 65801, 93710, 32404, 832, 93296, 51955, 50265, 14239, 17281, 46650, 60594]
Tree:
None

Fitness:
[0.981461751544854, 0.7961737425743202]