Generation:
60

Phenotype:
def p():
  x = 0.0
  index = 13
  if abs(sum(main[:-index]) - sum(opposite[:-index])) > 500:
    x = (x + 0.6)
  return x
XXX_output_XXX = p()

Genotype:
[20825, 41658, 22632, 77788, 3185, 3828, 48094, 1971, 60965, 44822, 56590, 66235, 75618, 54982, 38756, 56246, 85061, 57755, 76557, 65658, 108, 95739, 30690, 77398, 85167, 14363, 18170, 17157, 71990, 15032, 66067, 32855, 49209, 28601, 28472, 56800, 51013, 87256, 27716, 3185, 3828, 80598, 84438, 97845, 20385, 60196, 16235, 95078, 75136, 71990, 25309, 93297, 45833, 47085, 69869, 3677, 89888, 66891, 32386, 30218, 33975, 60129, 2391, 55765, 38973, 5289, 30054, 7666, 80334, 99901, 43292, 18249, 6818, 97473, 1901, 14890, 84599, 66432, 70104, 55312, 43358, 6954, 20897, 43058, 77460, 17041, 32044, 98366, 84089, 51798, 87683, 65001, 62125, 43064, 78589, 8221, 49774, 98996, 77032, 15580, 39887, 95964]
Tree:
None

Training fitness:
[0.9176255230125523, 0.5044098349319359]
Test fitness:
[0.9145833333333333, 0.5024123382301504]