Generation:
60

Phenotype:
def p():
  x = 0.0
  index = 39
  if abs(sum(main[-index:]) - sum(opposite[-index:])) > 500:
    x = (x + 0.3)
  return x
XXX_output_XXX = p()

Genotype:
[56932, 80542, 72272, 8777, 67327, 65970, 40662, 51794, 36878, 22157, 57396, 55000, 90438, 85927, 61344, 10542, 14003, 93892, 47008, 30001, 42301, 99483, 69679, 89835, 71708, 96810, 97874, 54982, 38756, 95288, 99365, 57755, 93440, 51996, 3185, 20250, 80598, 69928, 97845, 45410, 96730, 76129, 62118, 3677, 89888, 6062, 32386, 35694, 15655, 45012, 2391, 55765, 76943, 28405, 59863, 50498, 17076, 54076, 84239, 5324, 97859, 22814, 67460, 29339, 28482, 62188, 91675, 50471, 29795, 50478, 16794, 76486, 91901, 57935, 21424, 52562, 29546, 14498, 80537, 97204, 12232, 91594, 53907, 13944, 89380, 32353, 92758, 48853, 40537, 25718, 96760, 33578, 33123, 71617, 94436, 32230, 90511, 9108, 24880, 28369, 24609, 30756, 68614, 10586, 22260, 8834, 36757, 51031, 49814, 72882, 54678, 2743, 91326, 44665, 98188, 21051, 84836, 62380, 37563, 97918, 19352, 72273, 59417, 79338, 3656, 24943, 21691, 12084, 23410, 68247, 7782, 75288, 70408, 86056, 69421, 30828, 42570, 7066, 98607, 69717]
Tree:
None

Training fitness:
[0.9176255230125523, 0.5044098349319359]
Test fitness:
[0.9145833333333333, 0.5024123382301504]