Generation:
60

Phenotype:
def p():
  x = 0.0
  index = 37
  if abs(sum(main[-index:]) - sum(opposite[-index:])) > 500:
    x = (x + 0.000001)
  return x
XXX_output_XXX = p()

Genotype:
[26061, 60859, 66892, 90985, 52297, 96810, 30054, 42008, 20962, 76557, 44306, 73281, 6633, 1250, 97991, 12993, 71718, 59168, 28448, 19221, 51692, 1358, 37867, 80334, 19221, 8684, 14258, 63310, 19004, 13040, 56043, 81018, 4648, 72003, 37867, 97752, 40926, 3980, 1651, 20880, 71708, 30781, 97991, 60780, 51880, 43764, 60712, 19221, 88110, 31011, 47898, 97467, 27585, 85029, 5402, 93538, 18974, 49257, 38343, 41959, 73899, 82774, 7741, 43389, 45223, 63659, 12698, 68543, 44331, 40678, 60702, 98384, 21043, 45009, 34972, 22473, 82705, 85607, 1321, 91743, 23140, 66701, 40268, 26017, 1006, 56956, 33023, 10437, 98326, 87916, 64652, 20625, 18639, 16739, 59240, 16822, 92281, 28769, 22377, 58557, 38203, 95383, 41446, 10042, 52126, 8926]
Tree:
None

Training fitness:
[0.9176255230125523, 0.5044098349319359]
Test fitness:
[0.915625, 0.5029331715634837]