Generation:
60

Phenotype:
def p():
  x = 0.0
  index = 39
  if abs(sum(main[-index:]) - sum(opposite[-index:])) > 500:
    x = (x + 1.0)
  return x
XXX_output_XXX = p()

Genotype:
[66535, 98848, 87804, 15311, 20059, 78276, 13316, 7652, 47136, 47267, 77516, 61647, 32574, 27397, 37867, 84918, 70104, 17615, 45944, 42278, 62635, 87601, 28341, 48346, 61782, 47506, 10945, 15148, 59355, 3185, 3828, 80598, 61782, 92495, 10945, 84918, 3185, 58842, 33484, 11423, 97845, 37867, 87506, 56412, 60735, 85029, 65378, 66998, 98205, 5744, 57009, 53961, 96810, 30054, 7666, 75054, 76557, 44654, 41203, 94237, 23515, 3677, 89888, 6864, 51026, 16296, 33975, 60129, 2391, 55765, 45132, 49683, 48462, 40272, 81392, 53411, 58409, 30373, 3706, 397, 10348, 45545]
Tree:
None

Training fitness:
[0.9176255230125523, 0.5044098349319359]
Test fitness:
[0.9145833333333333, 0.5024123382301504]