Generation:
60

Phenotype:
def p():
  x = 0.0
  index = 23
  if abs(sum(main[-index:]) - sum(opposite[-index:])) > 100:
    x = (x + 0.4)
  return x
XXX_output_XXX = p()

Genotype:
[63851, 47147, 72272, 8777, 97991, 65970, 40662, 51794, 63382, 46911, 10834, 54313, 80334, 82021, 51692, 57891, 28523, 71777, 33616, 65302, 16211, 63554, 7666, 80334, 19221, 8684, 45012, 2391, 10542, 11188, 64529, 35374, 25365, 96235, 91006, 37480, 50467, 20545, 23659, 70003, 31452, 13440, 61510, 57481, 36659, 99641, 9525, 63227, 15321, 17, 8557, 11916, 23677, 7277, 15489, 935, 53492, 14137, 58865, 78993, 19899, 64976, 73204, 75779, 10727, 30277, 74759, 8647, 38519, 92256, 99646, 70798, 5705, 41877, 29227, 41409, 33287, 14594, 76877, 68907, 34997, 72266, 22887, 17619, 81834, 16562, 33046, 6206, 40095, 89123, 18782, 62545, 88330, 78047, 7566, 82758, 66549, 58284, 44876, 87893, 12053, 85048, 24358, 60318, 83791, 55843, 6257]
Tree:
None

Training fitness:
[0.9568514644351465, 0.5028574019327549]
Test fitness:
[0.9510416666666667, 0.499130487058412]