Generation:
60

Phenotype:
def p():
  x = 0.0
  index = 23
  if abs(sum(main[-index:]) - sum(opposite[-index:])) > 100:
    x = (x + 0.6)
  return x
XXX_output_XXX = p()

Genotype:
[41452, 31234, 62156, 10069, 97991, 67827, 97874, 30652, 75160, 38756, 71668, 70635, 47267, 76199, 25243, 7378, 45169, 37867, 99906, 73372, 55303, 30840, 62229, 86785, 731, 3518, 4098, 7666, 7872, 76358, 95967, 55765, 11188, 51922, 82974, 47267, 52688, 34171, 35686, 55863, 37867, 84918, 11210, 27585, 85029, 5402, 93538, 18974, 45590, 29117, 56360, 81555, 47068, 50616, 73512, 65632, 99993, 50866, 47541, 41562, 44697, 30274, 82633, 45975, 72391, 82936, 42658, 11541, 22054, 16747, 59676, 33198, 92771, 60725, 57230, 56869, 31004, 25203, 86751, 19963, 29905, 11346, 6814, 52948, 18295, 30513, 67753, 37541, 38742, 27423, 21970, 2704, 72638, 25451, 94458, 26995, 79339, 15286, 67811, 3276, 33854, 36007, 48100, 77761, 29951, 6015, 50622, 59873, 82603, 37024, 30400, 96441, 56151, 8902, 61436, 82563, 35723, 41371, 58057, 97194, 4155, 41189, 26828, 14149, 4306, 38846, 29670, 33059, 30911, 43267, 32417, 63004, 277, 20854, 50498, 39686, 59268, 3683, 58955, 16857, 62326, 21626, 20788, 55482, 24002, 63565, 76422, 87668, 8428, 52979, 90132, 80386, 87243, 23999, 38234, 51615, 63469, 92673, 39129, 23591, 49494, 10512, 37205, 76354, 8632, 33083, 68884, 66909, 87853, 29887, 16947, 16790, 30462, 16876, 66383, 41924, 21854, 63615, 94662, 27402, 73552, 36753, 66802, 85813, 44518, 1443, 36401, 92485, 45232, 47554, 50314, 45332]
Tree:
None

Training fitness:
[0.9568514644351465, 0.5028574019327549]
Test fitness:
[0.9510416666666667, 0.499130487058412]