Generation:
60

Phenotype:
def p():
  x = 0.0
  index = 23
  if abs(sum(main[-index:]) - sum(opposite[-index:])) > 100:
    x = (x + 0.9)
  return x
XXX_output_XXX = p()

Genotype:
[78764, 13204, 71708, 13158, 97991, 71256, 71718, 59168, 28448, 19221, 23406, 1358, 93062, 34094, 39967, 68093, 70665, 41994, 63837, 74853, 41994, 44558, 23419, 2060, 19941, 98444, 30388, 29117, 81072, 20175, 20955, 40574, 53924, 75713, 1820, 3906, 35196, 36526, 5004, 78985, 52923, 21608, 87266, 84360, 77601, 27771, 48498, 2483, 19818, 2096, 84939, 78772, 53033, 53177, 46478, 3579, 23780, 51028, 27451, 80187, 40348, 81112, 96689, 70631, 70530, 10819, 48724, 81524, 45178, 42926, 7124, 65145, 67814, 83970, 64166, 4852, 65128, 80146, 98835, 39508, 20315, 39503, 6534, 11481, 17975, 64388, 48077, 3919, 72365, 29920, 59524, 26964, 60687, 43223, 20837, 27588, 37967, 26863, 45099, 44392, 61523, 84029, 60022, 8813, 74, 89791]
Tree:
None

Training fitness:
[0.9568514644351465, 0.5028574019327549]
Test fitness:
[0.9510416666666667, 0.499130487058412]