Generation:
60

Phenotype:
def p():
  x = 0.0
  index = 23
  if abs(sum(main[-index:]) - sum(opposite[-index:])) > 100:
    x = (x + 0.01)
  return x
XXX_output_XXX = p()

Genotype:
[37711, 78130, 79220, 90377, 97991, 69939, 77060, 7666, 80334, 19221, 61556, 5109, 19221, 8684, 88956, 2858, 11279, 14657, 76552, 80598, 61782, 97845, 56560, 45628, 91108, 15424, 68378, 94429, 41994, 16049, 54289, 78732, 65703, 70965, 96810, 44938, 7666, 54804, 47267, 12092, 11406, 69910, 7666, 3828, 31992, 84438, 72959, 41764, 60196, 95111, 59496, 18369, 62561, 7952, 68070, 33229, 22501, 49209, 76173, 28472, 41472, 59217, 60273, 1010, 16143, 90724, 28097, 32983, 8617, 3781, 4892, 19440, 12608, 20290, 47765, 57559, 7784, 94427, 92896, 42209, 45621, 16629, 38426, 89289, 10943, 2433, 57986, 59984, 31491, 34834, 28496, 36050, 8767, 24355, 36387, 64707, 97970, 15860, 82563, 8766, 93797, 82834, 65535, 78985, 4209, 39800]
Tree:
None

Training fitness:
[0.9568514644351465, 0.5028574019327549]
Test fitness:
[0.9510416666666667, 0.499130487058412]