Generation:
60

Phenotype:
def p():
  x = 0.0
  index = 23
  if abs(sum(main[-index:]) - sum(opposite[-index:])) > 100:
    x = (x + 1.0)
  return x
XXX_output_XXX = p()

Genotype:
[66044, 40174, 5240, 8777, 97991, 25857, 40662, 51794, 69106, 25766, 77282, 56015, 74308, 97648, 76009, 47267, 52688, 83325, 71010, 23935, 37867, 26358, 61295, 86631, 89666, 63937, 46272, 12511, 87804, 84423, 39537, 13201, 62710, 6011, 35686, 55863, 37867, 84918, 12170, 68403, 80092, 14357, 42063, 96810, 30054, 20637, 91244, 3440, 97845, 45410, 60196, 65198, 90985, 20059, 96810, 30054, 7666, 75054, 76557, 45628, 41203, 83263, 23515, 3677, 89888, 6864, 51026, 16296, 33975, 60129, 2391, 55765, 45132, 49683, 48462, 40272, 81392, 53411, 58409, 30373, 3706, 397, 10348, 45545]
Tree:
None

Training fitness:
[0.9568514644351465, 0.5028574019327549]
Test fitness:
[0.9510416666666667, 0.499130487058412]