Generation:
60

Phenotype:
def p():
  x = 0.0
  index = 24
  if abs(sum(main[-index:]) - sum(opposite[-index:])) > 100:
    x = (x + 0.01)
  return x
XXX_output_XXX = p()

Genotype:
[98836, 7589, 77072, 65842, 19836, 28845, 51880, 54982, 13560, 49561, 95316, 12213, 45884, 20786, 4031, 37867, 15014, 37851, 3172, 24006, 49594, 18659, 19221, 33513, 76557, 99578, 34722, 30561, 3646, 40212, 14069, 40744, 40612, 57335, 93661, 38797, 84760, 53906, 73708, 57586, 64729, 68296, 19561, 71472, 2254, 11490, 89477, 6148, 19947, 21374, 30493, 39362, 59473, 69433, 2647, 20425, 48113, 63535, 80037, 73011, 12336, 6194, 7404, 44398, 19069, 39789, 28366, 30244, 75483, 53646, 17926, 56759, 52469, 38968, 28186, 72626, 94452, 91272, 69293, 32647, 29130, 71293, 5959, 50736, 28966, 21779, 77464, 98849, 41119, 14806, 90928, 59653, 95598, 30404, 16257, 51165, 46092, 40227, 64746, 54971, 47089, 11528, 84932, 82424, 92856, 21566, 23640, 32623, 34408, 59503, 45027, 9875, 13899, 87894, 24735, 67654, 35332, 70174, 41996, 83168, 57030, 40483, 45644, 10220, 27349, 48498, 62220, 25717, 25696, 43417, 19059, 49357, 31273, 80142, 18174, 24749, 6123, 29471, 83699, 1703, 23962, 88620, 21487, 47032, 29354, 64643, 5869, 26122, 67803, 32706, 93347, 70226, 3587, 46991, 61845, 50717, 89775, 19660, 90532, 43458, 2765, 27246, 7813, 92313, 77230, 61069, 86847, 39132, 56489, 98257, 51047, 1150, 5243, 33501, 48417, 85124, 48026, 79990, 9575, 22375, 36118, 15762, 55627, 55533, 10350, 43773, 34610, 35937, 52327, 21352, 82438, 47412, 66364, 11416, 14484, 55397, 50749, 91530, 44674, 94112, 72129, 98768, 18697, 49098, 62580, 60054, 44905, 919, 82732, 56202, 85981, 23018, 70586, 41160, 64725, 25773, 3339, 84496, 87622, 48339, 15757, 21856, 82610, 92533, 71862, 6308, 54138, 32777, 88387, 32421, 62068, 6642, 16104, 59953, 56265, 85014, 72554, 81634, 22156, 80080, 38976, 54799, 44924, 33173, 13427, 66984, 94946, 83467, 99980, 88025, 50409, 41732, 58769, 86292, 82023, 23014, 71043, 22709, 32219, 55007, 98505, 8336, 5870, 87165, 75882, 83999, 13714, 61583, 67355, 30478, 44610, 88246, 76365, 71986, 82096, 30297, 72636, 34119, 43759, 93997, 21598, 81986, 35631, 11624, 54355, 35071, 17555, 34247, 38447, 19190, 95961, 1261, 26306, 8465, 26759, 9863, 21453, 78369, 11447, 91910, 77662, 13171, 97514, 5535, 38881, 86310, 77350, 81307, 23801, 27348, 86429, 13527, 8105, 15800, 45753, 47507, 89567, 33041, 82663, 39514, 23023, 72913, 83541, 85672, 81058, 33963, 90387, 9168, 61024, 76655, 48460, 43072, 2132, 58861, 80574, 50938, 33461, 48568, 10404, 10860, 60162, 14100, 2803, 78357, 98449, 39101, 85668, 94520, 24232, 5875, 56539, 39706, 23507, 52815, 82435, 20140, 45177, 96001, 74841, 31355, 46472, 60746, 22106, 10125, 3343, 76477, 17309, 74198, 49045, 82173, 86803, 89179, 78691, 55003, 24056, 67711, 80284, 59378, 88257, 11488, 22193, 87911, 26809, 3984, 83649, 48326, 53149, 86773, 72945, 27628, 29336, 80483, 35247, 44848, 76318, 54869, 3431, 27352, 57050, 40672, 88728, 40215]
Tree:
None

Training fitness:
[0.9568514644351465, 0.5028574019327549]
Test fitness:
[0.9510416666666667, 0.499130487058412]