Generation:
60

Phenotype:
def p():
  x = 0.0
  index = 23
  if abs(sum(main[-index:]) - sum(opposite[-index:])) > 100:
    x = (x + 0.8)
  return x
XXX_output_XXX = p()

Genotype:
[73494, 84867, 71708, 83607, 97991, 99993, 95062, 7666, 98068, 87871, 21148, 8397, 3980, 27716, 3185, 3828, 95392, 73158, 17011, 33030, 27498, 97991, 96810, 51880, 94262, 80334, 66781, 62710, 25538, 95510, 63618, 49720, 38674, 79911, 37867, 55140, 83480, 5348, 30455, 97991, 70272, 55622, 96810, 30054, 7666, 20786, 8684, 1145, 50994, 57547, 78625, 8071, 27192, 92310, 27364, 18795, 80401, 66859, 77518, 79844, 65776, 39466, 27582, 18237, 55096, 76436, 66241, 24997, 55825, 71530, 12987, 98462, 21930, 46332, 63158, 5371, 11946, 54117, 74973, 94923]
Tree:
None

Training fitness:
[0.9568514644351465, 0.5028574019327549]
Test fitness:
[0.9510416666666667, 0.499130487058412]