Generation:
60

Phenotype:
def p():
  x = 0.0
  index = 23
  if abs(sum(main[-index:]) - sum(opposite[-index:])) > 100:
    x = (x + 1.0)
  return x
XXX_output_XXX = p()

Genotype:
[63851, 47147, 72272, 8777, 97991, 65970, 40662, 51794, 63382, 46911, 65658, 69679, 45410, 84232, 39066, 3677, 77587, 74933, 45816, 57317, 49409, 63206, 95284, 53608, 85115, 60489, 35002, 90405, 60223, 5135, 15208, 30047, 4621, 76002, 73505, 65332, 64540, 91076, 6262, 23235, 69787, 83790, 35701, 42382, 97491, 75680, 72450, 68699, 9004, 45140, 58294, 61450, 9642, 73963, 6545, 4576, 8338, 92811, 98528, 14109, 53138, 60126, 17370, 71295, 8235, 25367, 68131, 49109, 44654, 36802, 58334, 21919, 50763, 60822, 22514, 66725, 76226, 80912]
Tree:
None

Training fitness:
[0.9568514644351465, 0.5028574019327549]
Test fitness:
[0.9510416666666667, 0.499130487058412]