Generation:
60

Phenotype:
def p():
  x = 0.0
  index = 24
  if abs(sum(main[-index:]) - sum(opposite[-index:])) > 100:
    x = (x + 0.5)
  index = 46
  if abs(sum(main[-index:]) - sum(opposite[-index:])) > 100:
    x = (x + 0.0001)
  return x
XXX_output_XXX = p()

Genotype:
[20734, 46768, 46405, 65842, 19836, 49695, 51880, 95534, 61580, 49561, 46638, 96810, 77060, 7666, 80334, 19221, 77114, 54982, 57456, 29576, 3990, 75331, 18164, 86204, 62647, 37867, 39798, 9181, 41283, 40234, 15602, 80605, 95548, 96529, 73136, 75421, 66456, 56104, 52138, 33065, 69772, 45795, 8613, 48832, 16016, 96810, 40662, 51794, 80334, 19221, 8684, 85096, 93332, 93645, 52264, 9651, 95230, 75560, 53074, 35838, 15602, 12936, 21007, 4638, 26356, 31781, 96221, 15029, 19331, 10666, 87833, 384, 13295, 12741, 41456, 53086, 63009, 16640, 75584, 7464, 75224, 54459, 83554, 61023, 70069, 42988, 76065, 23217, 92844, 11330, 363, 86238, 41722, 5699, 47159, 93729, 17968, 56229, 64036, 3455, 98081, 78832, 36889, 90226, 95145, 42310, 67792, 5068, 69078, 58532, 40401, 41458, 8618, 65219, 1505, 5821, 43750, 1516, 1286, 89354, 77366, 62176, 93195, 35493, 20177, 45253, 49202, 76887, 80518, 87490, 20391, 11915, 74972, 64202, 79550, 84966, 8320, 45864, 22200, 95201, 17658, 86774, 15297, 16680, 88394, 86081, 10459, 76799, 22669, 68409, 24099, 57727, 98969, 23258, 47506]
Tree:
None

Training fitness:
[0.9568514644351465, 0.5028574019327549]
Test fitness:
[0.9510416666666667, 0.499130487058412]