Generation:
60

Phenotype:
def p():
  x = 0.0
  index = 23
  if abs(sum(main[-index:]) - sum(opposite[-index:])) > 100:
    x = (x + 0.01)
  return x
XXX_output_XXX = p()

Genotype:
[73811, 53001, 71708, 37006, 97991, 96810, 492, 41514, 80334, 19221, 25852, 82021, 87804, 39911, 20059, 78276, 64098, 20880, 51318, 76557, 4356, 68841, 20385, 49219, 20059, 55435, 30054, 7666, 75054, 76557, 25670, 28405, 37867, 84918, 11210, 27585, 85029, 14357, 42063, 96810, 30054, 20637, 91244, 3440, 97845, 45410, 60196, 65198, 90985, 20059, 96810, 30054, 7666, 75054, 76557, 45628, 41203, 83263, 23515, 3677, 89888, 6864, 51026, 16296, 33975, 60129, 2391, 55765, 45132, 49683, 48462, 40272, 81392, 53411, 58409, 30373, 3706, 397, 10348, 45545]
Tree:
None

Training fitness:
[0.9568514644351465, 0.5028574019327549]
Test fitness:
[0.9510416666666667, 0.499130487058412]