Generation:
60

Phenotype:
def p():
  x = 0.0
  index = 23
  if abs(sum(main[-index:]) - sum(opposite[-index:])) > 100:
    x = (x + 0.6)
  return x
XXX_output_XXX = p()

Genotype:
[60521, 18970, 71708, 16061, 97991, 77529, 54718, 42954, 94556, 29731, 45410, 66283, 95851, 74364, 7323, 14363, 18170, 43799, 87804, 2408, 47267, 77516, 86494, 97392, 64399, 37867, 84443, 71708, 18664, 74106, 3185, 85068, 73602, 16518, 51613, 45207, 91062, 84438, 97845, 10565, 60196, 23696, 83515, 78659, 91147, 1912, 47135, 95104, 88325, 88253, 48875, 81272, 53372, 82336, 58274, 3610, 51080, 10517, 55521, 81905, 63329, 93332, 93645, 20330, 9651, 95230, 75560, 53074, 35838, 15602, 12936, 21007, 4638, 26356, 31781, 96221, 15029, 19331, 10666, 87833, 384, 13295, 12741, 41456, 53086, 63009, 16640, 75584, 7464, 75224, 54459, 83554, 61023, 70069, 42988, 76065, 23217, 92844, 11330, 363, 86238, 41722, 5699, 47159, 93729, 17968, 56229, 64036, 3455, 98081, 78832, 36889, 90226, 95145, 42310, 67792, 5068, 69078, 58532, 40401, 41458, 8618, 65219, 1505, 5821, 43750, 1516, 1286, 89354, 77366, 62176, 93195, 35493, 20177, 45253, 49202, 76887, 80518, 87490, 20391, 11915, 74972, 64202, 79550, 84966, 8320, 45864, 22200, 95201, 17658, 86774, 15297, 16680, 88394, 86081, 10459, 76799, 22669, 68409, 24099, 57727, 98969, 23258, 47506]
Tree:
None

Training fitness:
[0.9568514644351465, 0.5028574019327549]
Test fitness:
[0.9510416666666667, 0.499130487058412]