Generation:
60

Phenotype:
def p():
  x = 0.0
  index = 23
  if abs(sum(main[-index:]) - sum(opposite[-index:])) > 100:
    x = (x + 0.9)
  return x
XXX_output_XXX = p()

Genotype:
[19156, 91538, 13592, 90377, 97991, 96810, 1644, 7666, 80334, 4371, 49894, 542, 41547, 96810, 51880, 7666, 57746, 5376, 77206, 89624, 6391, 21147, 23953, 77114, 3329, 97991, 97482, 30054, 61336, 81604, 37867, 83305, 37759, 64506, 75783, 84438, 17497, 45410, 23419, 127, 42345, 94696, 53677, 45816, 1587, 49409, 63206, 95284, 53608, 85115, 60489, 35002, 90405, 60223, 5135, 15208, 30047, 4621, 76002, 73505, 65332, 64540, 91076, 6262, 23235, 69787, 83790, 35701, 42382, 97491, 75680, 72450, 68699, 9004, 45140, 58294, 61450, 9642, 73963, 6545, 4576, 8338, 92811, 98528, 14109, 53138, 60126, 17370, 71295, 8235, 25367, 68131, 49109, 44654, 36802, 58334, 21919, 50763, 60822, 22514, 66725, 76226, 80912]
Tree:
None

Training fitness:
[0.9568514644351465, 0.5028574019327549]
Test fitness:
[0.9510416666666667, 0.499130487058412]