Generation:
60

Phenotype:
def p():
  x = 0.0
  index = 24
  if abs(sum(main[-index:]) - sum(opposite[-index:])) > 100:
    x = (x + 0.001)
  return x
XXX_output_XXX = p()

Genotype:
[23561, 46768, 45168, 65842, 19836, 49695, 51880, 29864, 61580, 49561, 46638, 8212, 38035, 37867, 84918, 94153, 25577, 57098, 45293, 47453, 85997, 58789, 84717, 80598, 73134, 97845, 96305, 60196, 53117, 76596, 97750, 47317, 88180, 64588, 79460, 3677, 944, 6864, 32386, 30218, 64046, 44374, 2391, 55765, 11188, 40279, 38973, 96810, 34714, 7666, 80334, 19221, 23456, 52695, 90282, 24677, 49402, 87562, 18246, 8478, 85300, 67803, 89584, 6593, 41421, 22971, 51894, 67181, 67204, 24054, 84136, 63511, 66225, 93252, 38914, 67221, 98849, 51324, 77398, 42041, 15044, 93623, 30098, 28325, 98367, 68833, 51135, 19768, 85341, 34174, 68963, 30577, 44961, 25371, 35318, 17234, 53233, 87053, 42767, 44598, 29310, 48104, 6726, 56594, 68563, 98750, 7484, 32684, 68205, 8840, 41197, 91942, 385, 34042, 84363, 81758, 23825, 71295, 81949, 27510, 15696, 17313, 30187, 67857, 37604, 84344, 51076, 76091, 33907, 84552, 34464, 39778, 61093, 97954, 71152, 10644, 28850, 41367, 6467, 21741, 20968, 63329, 86121, 81134, 59584, 91617, 44848, 38711, 98180, 8315, 7253, 40578, 12469, 52588, 3065, 49952, 93756, 14383, 81330, 16680, 34922, 15585, 59324, 8322, 81965, 82325, 20147, 40160, 56025, 80368, 35376, 92716, 97013, 30909, 72578, 38964, 4396, 4957, 24823, 30814, 44764, 46030, 29709, 94588, 24633, 36039, 36343, 11721, 842, 13104, 79794, 78603, 28222, 25600, 31885, 98658, 38655, 53218, 12229, 4905, 25797, 73789, 84290, 52289, 48081, 82297, 89653, 67420, 72881, 18009, 25614, 69373, 53242, 94210, 28793, 17542, 91685, 16564, 43617, 74021, 92696, 67863, 52031, 17160, 89668, 26882, 85113, 92335, 54582, 58748, 97094, 38984, 23816, 31445, 19811, 77663, 15153, 93326, 8360, 38933, 59386, 76493, 62408, 80591, 68030, 86288, 14374, 54586, 29719, 96819, 20799, 41371, 45335, 55258, 15538, 80901, 83573, 84848, 7357, 93423, 65766, 87426, 52600, 54738, 50559, 71474, 9221, 66605, 81336, 63746, 49792, 67157, 65443, 11929, 73559, 51213, 16897, 10669, 97030, 69999, 20702, 77363, 77258, 4739, 5896, 45269, 21050, 43596, 24523, 64623, 20, 11950, 76914, 3709, 8788, 17234, 19028, 32587, 39820, 89332, 14384, 25955, 25966, 67579, 23833, 85156, 77876, 88799, 38643, 63358, 96107, 70831, 25362, 81253, 81120, 99906, 83491, 75653, 57186, 31726, 83448, 53010, 46464, 86775, 63237, 92913, 56508, 75785, 28325, 76493, 99815, 38978, 40727, 53081, 40070, 40397, 27045, 442, 36443, 72342, 55918, 7359]
Tree:
None

Training fitness:
[0.9568514644351465, 0.5028574019327549]
Test fitness:
[0.9510416666666667, 0.499130487058412]