Generation:
60

Phenotype:
def p():
  x = 0.0
  index = 12
  if abs(sum(main[-index:]) - sum(opposite[:-index])) > 50:
    x = (x + 0.5)
  return x
XXX_output_XXX = p()

Genotype:
[78372, 53325, 7796, 10477, 28820, 29502, 62850, 32384, 95205, 19670, 39772, 7050, 13323, 37867, 26358, 61295, 86631, 5376, 90177, 30157, 1009, 53945, 84423, 57746, 5376, 64152, 67326, 71973, 83733, 22731, 84918, 11210, 30241, 37107, 82336, 89678, 71293, 10100, 80003, 60196, 61782, 97845, 45410, 60196, 72866, 11468, 39168, 97991, 27147, 30054, 75896, 80334, 19221, 8684, 11468, 8976, 52181, 34098, 74766, 62615, 55072, 95577, 76287, 1622, 94626, 97750, 5028, 49881, 50583, 23515, 49345, 9542, 78350, 573, 78288, 65927, 48792, 43642, 19523, 72145, 42026, 59358, 46575, 81790, 3302, 77071, 73492, 34681, 88624, 84950, 20741, 69987, 87185, 75575, 88731, 60689, 74926, 50674, 71039, 34702, 59571, 26765, 39117, 46799, 87753, 68139, 841, 81459, 10905, 64212, 86224, 82632, 74250, 97747, 97779, 30278, 95779, 8966, 75212, 66804, 679, 17029, 26427, 69405, 70811, 19420, 65238, 66601, 84477, 20163, 61135, 43403, 20001, 15488, 47551, 4736, 35092, 81831, 19465, 90052, 34503, 84003, 37218]
Tree:
None

Training fitness:
[0.9869246861924686, 0.5024772372692158]
Test fitness:
[0.984375, 0.4990080666316894]