Generation:
60

Phenotype:
def p():
  x = 0.0
  index = 13
  if main[index] < 1:
    if main[index] < opposite[index] + 0.6:
      x = (x + 0.6)
  else:
    if opposite[index] > opposite[index] + 5:
      x = (x - 0.1)
    else:
      x = (x - 0.000001)
  return x
XXX_output_XXX = p()

Genotype:
[26302, 58684, 70404, 24273, 3185, 77606, 5369, 74364, 8907, 14363, 93996, 10027, 39220, 6641, 71377, 3185, 69983, 80598, 33493, 15569, 94263, 50777, 3980, 23432, 3185, 83652, 33320, 62954, 94227, 33030, 26782, 27716, 51536, 3828, 34346, 90007, 23515, 78494, 47057, 97845, 56940, 84918, 65315, 29014, 38204, 91161, 15604, 49594, 50101, 64070, 65021, 56882, 61000, 40949, 27086, 35196, 6733, 5004, 43992, 52923, 90248, 87266, 45395, 77601, 958, 38938, 12781, 19818, 2096, 383, 78772, 53033, 53177, 46478, 25585, 24717, 51028, 41355, 14025, 36492, 48836, 96689, 70631, 70530, 95750, 57913, 12114, 85920, 42926, 7124, 65145, 67814, 83970, 56185, 4852, 65128, 80146, 98835, 57513, 20315, 37304, 56176, 11481, 79552, 1081, 48077, 3919, 72365, 29920, 59524, 26964, 60687, 43223, 82873, 27588, 37967, 26863, 45099, 44392, 61523, 84029, 60022, 8813, 74, 89791]
Tree:
None

Training fitness:
[0.9869246861924686, 0.5024772372692158]
Test fitness:
[0.9822916666666667, 0.49796639996502273]