Generation:
60

Phenotype:
def p():
  x = 0.0
  index = 13
  if abs(sum(main[-index:]) - sum(opposite[:-index])) > 50:
    x = (x + 0.8)
  return x
XXX_output_XXX = p()

Genotype:
[94068, 98752, 87256, 38494, 3185, 3828, 18656, 1670, 97845, 45410, 60314, 51405, 5850, 52923, 90248, 87266, 50906, 77601, 958, 38938, 12781, 19818, 2096, 383, 78772, 53033, 53177, 46478, 25585, 24717, 51028, 41355, 14025, 36492, 48836, 96689, 70631, 70530, 95750, 57913, 12114, 85920, 42926, 7124, 65145, 67814, 83970, 56185, 4852, 65128, 80146, 98835, 57513, 20315, 37304, 56176, 11481, 79552, 1081, 48077, 3919, 72365, 29920, 59524, 26964, 60687, 43223, 82873, 27588, 37967, 26863, 45099, 44392, 61523, 84029, 60022, 8813, 74, 89791]
Tree:
None

Training fitness:
[0.9869246861924686, 0.5024772372692158]
Test fitness:
[0.984375, 0.4990080666316894]