Generation:
60

Phenotype:
def p():
  x = 0.0
  index = 12
  if abs(sum(main[-index:]) - sum(opposite[:-index])) > 50:
    x = (x + 0.001)
  return x
XXX_output_XXX = p()

Genotype:
[73208, 52595, 24548, 10477, 28820, 62619, 62850, 32384, 52065, 19670, 32884, 85076, 37507, 49837, 41688, 95713, 14137, 93415, 31713, 39066, 3677, 77587, 74933, 45816, 57317, 49409, 63206, 95284, 53608, 85115, 60489, 35002, 90405, 60223, 5135, 15208, 30047, 4621, 76002, 73505, 65332, 64540, 91076, 6262, 23235, 69787, 83790, 35701, 42382, 97491, 75680, 72450, 68699, 9004, 45140, 58294, 61450, 9642, 73963, 6545, 4576, 8338, 92811, 98528, 14109, 53138, 60126, 17370, 71295, 8235, 25367, 68131, 49109, 44654, 36802, 58334, 21919, 50763, 60822, 22514, 66725, 76226, 80912]
Tree:
None

Training fitness:
[0.9869246861924686, 0.5024772372692158]
Test fitness:
[0.984375, 0.4990080666316894]