Generation:
60

Phenotype:
def p():
  x = 0.0
  index = 13
  if abs(sum(main[-index:]) - sum(opposite[:-index])) > 50:
    x = (x + 0.5)
  return x
XXX_output_XXX = p()

Genotype:
[39619, 63940, 74584, 64430, 3185, 3828, 80598, 46084, 97845, 10945, 3010, 43146, 84258, 11400, 79031, 46087, 75635, 52198, 80856, 43600, 60196, 21565, 95078, 75136, 71990, 25309, 93297, 45833, 47085, 69869, 3677, 89888, 66891, 32386, 30218, 33975, 60129, 2391, 55765, 38973, 5289, 30054, 7666, 80334, 99901, 43292, 18249, 6818, 97473, 1901, 14890, 84599, 66432, 70104, 55312, 43358, 6954, 20897, 43058, 77460, 17041, 32044, 98366, 84089, 51798, 87683, 65001, 62125, 43064, 78589, 8221, 49774, 98996, 77032, 15580, 39887, 95964]
Tree:
None

Training fitness:
[0.9869246861924686, 0.5024772372692158]
Test fitness:
[0.984375, 0.4990080666316894]