Generation:
60

Phenotype:
def p():
  x = 0.0
  index = 12
  if abs(sum(main[-index:]) - sum(opposite[:-index])) > 50:
    x = (x + 0.2)
  return x
XXX_output_XXX = p()

Genotype:
[93864, 33397, 78412, 94758, 82484, 43101, 4638, 86074, 43151, 54365, 69276, 90263, 44855, 53386, 25888, 10244, 99232, 3185, 3828, 78232, 89554, 70521, 10945, 10028, 1557, 64723, 78962, 3185, 80241, 80598, 57098, 27317, 33030, 89888, 82656, 48467, 3980, 98992, 3185, 3828, 80598, 8926, 97845, 45410, 60196, 78027, 70565, 11468, 81097, 23248, 23515, 3677, 89888, 6864, 32386, 30218, 33975, 60129, 2391, 55765, 49044, 28405, 48462, 89844, 17076, 54076, 84239, 5324, 97859, 22814, 67460, 29339, 28482, 62188, 91675, 50471, 29795, 50478, 16794, 76486, 91901, 57935, 21424, 52562, 29546, 14498, 80537, 97204, 12232, 91594, 53907, 13944, 89380, 32353, 92758, 48853, 40537, 25718, 96760, 33578, 33123, 71617, 94436, 32230, 90511, 9108, 24880, 28369, 24609, 30756, 68614, 10586, 22260, 8834, 36757, 51031, 49814, 72882, 54678, 2743, 91326, 44665, 98188, 21051, 84836, 62380, 37563, 97918, 19352, 72273, 59417, 79338, 3656, 24943, 21691, 12084, 23410, 68247, 7782, 75288, 70408, 86056, 69421, 30828, 42570, 7066, 98607, 69717]
Tree:
None

Training fitness:
[0.9869246861924686, 0.5024772372692158]
Test fitness:
[0.984375, 0.4990080666316894]