Generation:
60

Phenotype:
def p():
  x = 0.0
  index = 13
  if abs(sum(main[-index:]) - sum(opposite[:-index])) > 50:
    x = (x + 0.9)
  return x
XXX_output_XXX = p()

Genotype:
[38510, 86460, 55732, 46024, 3185, 13398, 80598, 61782, 81727, 10945, 66422, 99470, 47267, 52688, 68869, 15618, 31671, 37867, 97882, 42918, 60218, 98219, 97467, 99640, 80334, 19221, 8684, 18641, 30073, 10542, 11188, 64529, 35374, 25365, 96235, 91006, 37480, 50467, 20545, 23659, 70003, 31452, 13440, 61510, 57481, 36659, 99641, 9525, 63227, 15321, 17, 8557, 11916, 23677, 7277, 15489, 935, 53492, 14137, 58865, 78993, 19899, 64976, 73204, 75779, 10727, 30277, 74759, 8647, 38519, 92256, 99646, 70798, 5705, 41877, 29227, 41409, 33287, 14594, 76877, 68907, 34997, 72266, 22887, 17619, 81834, 16562, 33046, 6206, 40095, 89123, 18782, 62545, 88330, 78047, 7566, 82758, 66549, 58284, 44876, 87893, 12053, 85048, 24358, 60318, 83791, 55843, 6257]
Tree:
None

Training fitness:
[0.9869246861924686, 0.5024772372692158]
Test fitness:
[0.984375, 0.4990080666316894]