Generation:
60

Phenotype:
def p():
  x = 0.0
  index = 13
  if abs(sum(main[-index:]) - sum(opposite[:-index])) > 50:
    x = (x + 1.0)
  return x
XXX_output_XXX = p()

Genotype:
[20993, 82647, 7392, 36885, 3185, 90084, 44506, 5614, 44579, 12635, 52688, 9887, 74182, 97991, 48084, 81310, 42954, 80334, 56149, 37987, 57891, 28523, 71777, 33616, 65302, 16211, 63554, 7666, 80334, 45884, 8684, 45012, 2391, 10542, 11188, 64529, 35374, 25365, 96235, 91006, 37480, 50467, 20545, 23659, 34829, 26822, 20181, 34459, 84918, 9395, 87804, 88569, 83320, 43249, 90453, 29976, 55863, 48907, 96810, 492, 17925, 36975, 57386, 24503, 45374, 33224, 97991, 54407, 18098, 54982, 25420, 56966, 28728, 9601, 22243, 89317, 27716, 27113, 14953, 8118, 73158, 32731, 33030, 27498, 10542, 42345, 94696, 70453, 12635, 52688, 60923, 35686, 55863, 37867, 2754, 23626, 27585, 45185, 27000, 79405, 74426, 85096, 10338, 97845, 45410, 60196, 80733, 83263, 23515, 3677, 89888, 6864, 51026, 16296, 33975, 60129, 2391, 55765, 45132, 49683, 48462, 40272, 81392, 53411, 58409, 30373, 3706, 397, 10348, 45545]
Tree:
None

Training fitness:
[0.9869246861924686, 0.5024772372692158]
Test fitness:
[0.984375, 0.4990080666316894]