Generation:
60

Phenotype:
def p():
  x = 0.0
  index = 44
  if abs(sum(main[:-index]) - sum(opposite[-index:])) > 50:
    x = (x + 0.00001)
  return x
XXX_output_XXX = p()

Genotype:
[82897, 19761, 11468, 51978, 93332, 74070, 38414, 98891, 86784, 75560, 12922, 36098, 12918, 8231, 60196, 94559, 55080, 70175, 23075, 71404, 20637, 33672, 21240, 94262, 80334, 19221, 62710, 19494, 35686, 55863, 37867, 84918, 11210, 27585, 80092, 14357, 42063, 96810, 30054, 20637, 91244, 3440, 97845, 45410, 60196, 65198, 90985, 20059, 96810, 30054, 7666, 75054, 76557, 45628, 41203, 83263, 23515, 3677, 89888, 6864, 51026, 16296, 33975, 60129, 2391, 55765, 45132, 49683, 48462, 40272, 81392, 53411, 58409, 30373, 3706, 397, 10348, 45545]
Tree:
None

Training fitness:
[0.9869246861924686, 0.5024772372692158]
Test fitness:
[0.984375, 0.4990080666316894]