Generation:
60

Phenotype:
def p():
  x = 0.0
  index = 13
  if main[index] < 1:
    if main[index] < opposite[index] + 0.6:
      x = (x + 0.1)
  else:
    if main[index] > main[index] + 0:
      x = (x + 0.9)
    else:
      x = (x - 0.1)
  return x
XXX_output_XXX = p()

Genotype:
[22498, 67212, 87804, 9123, 37817, 93983, 59199, 74364, 7323, 14363, 18170, 71718, 59168, 28448, 9944, 56930, 87804, 1822, 47267, 88166, 62463, 3198, 20849, 37867, 84918, 63567, 48471, 85029, 6397, 99297, 51880, 4071, 18030, 7666, 48493, 19221, 74192, 24194, 17189, 20059, 29898, 64098, 65280, 31330, 81097, 53366, 29731, 42156, 41490, 60196, 38175, 52513, 81329, 52688, 99001, 97376, 55863, 37867, 84918, 1454, 64390, 85029, 5402, 20287, 32454, 45590, 29117, 11566, 56676, 7248, 32386, 45098, 33975, 10343, 87346, 69739, 74713, 20921, 8092, 39664, 17076, 54076, 84239, 5324, 97859, 22814, 67460, 29339, 28482, 62188, 91675, 50471, 29795, 50478, 16794, 76486, 91901, 57935, 21424, 52562, 29546, 14498, 80537, 97204, 12232, 91594, 53907, 13944, 89380, 32353, 92758, 48853, 40537, 25718, 96760, 33578, 33123, 71617, 94436, 32230, 90511, 9108, 24880, 28369, 24609, 30756, 68614, 10586, 22260, 8834, 36757, 51031, 49814, 72882, 54678, 2743, 91326, 44665, 98188, 21051, 84836, 62380, 37563, 97918, 19352, 72273, 59417, 79338, 3656, 24943, 21691, 12084, 23410, 68247, 7782, 75288, 70408, 86056, 69421, 30828, 42570, 7066, 98607, 69717]
Tree:
None

Training fitness:
[0.9869246861924686, 0.5024772372692158]
Test fitness:
[0.9875, 0.49952124868835257]