Generation:
60

Phenotype:
def p():
  x = 0.0
  index = 13
  if abs(sum(main[-index:]) - sum(opposite[:-index])) > 50:
    x = (x + 0.7)
  return x
XXX_output_XXX = p()

Genotype:
[60147, 27730, 23872, 64430, 3185, 53235, 80598, 66466, 28829, 3185, 3828, 21452, 38756, 56246, 69782, 96891, 81967, 80334, 19221, 8684, 14258, 63310, 19004, 13040, 56043, 60892, 4648, 72003, 37867, 97752, 40926, 3980, 1651, 20880, 71708, 30781, 97991, 60780, 51880, 43764, 60712, 19221, 88110, 31011, 47898, 97467, 27585, 85029, 5402, 93538, 18974, 49257, 38343, 41959, 73899, 82774, 7741, 43389, 45223, 63659, 12698, 68543, 44331, 40678, 60702, 98384, 21043, 45009, 34972, 22473, 82705, 85607, 1321, 91743, 23140, 66701, 40268, 26017, 1006, 56956, 33023, 10437, 98326, 87916, 64652, 20625, 18639, 16739, 59240, 16822, 92281, 28769, 22377, 58557, 38203, 95383, 41446, 10042, 52126, 8926]
Tree:
None

Training fitness:
[0.9869246861924686, 0.5024772372692158]
Test fitness:
[0.984375, 0.4990080666316894]