Generation:
60

Phenotype:
def p():
  x = 0.0
  index = 13
  if abs(sum(main[-index:]) - sum(opposite[:-index])) > 50:
    x = (x + 0.5)
  return x
XXX_output_XXX = p()

Genotype:
[25855, 245, 2712, 93878, 3185, 3828, 78208, 22144, 62561, 54575, 62108, 25738, 72891, 93994, 20479, 27585, 90695, 47816, 60222, 52103, 29149, 3828, 21452, 27578, 39396, 26557, 58566, 71708, 62564, 91912, 57252, 68854, 7666, 57722, 74376, 76346, 11048, 5852, 84438, 5212, 69302, 40305, 19754, 30455, 97991, 57009, 59669, 96810, 30054, 7666, 75054, 92184, 22660, 41203, 94237, 23515, 3677, 89888, 6864, 51026, 16296, 33975, 31748, 2391, 55765, 72782, 49683, 48462, 40272, 81392, 53411, 58409, 30373, 3706, 397, 10348, 27985]
Tree:
None

Training fitness:
[0.9869246861924686, 0.5024772372692158]
Test fitness:
[0.984375, 0.4990080666316894]