Generation:
60

Phenotype:
def p():
  x = 0.0
  index = 12
  if abs(sum(main[-index:]) - sum(opposite[:-index])) > 50:
    x = (x + 0.00001)
  return x
XXX_output_XXX = p()

Genotype:
[97970, 80262, 8964, 41956, 35216, 5727, 23236, 5646, 47405, 96810, 13788, 87106, 58002, 3828, 19250, 59176, 86753, 45410, 60196, 97996, 424, 24359, 13451, 50720, 91633, 67595, 59017, 90767, 86027, 62001, 23963, 81011, 27062, 26455, 55019, 25352, 21009, 93260, 47900, 73740, 10323, 81912, 6040, 33656, 4103, 49662, 12614, 20145, 51776, 15159, 56681, 64638, 67652, 45689, 25837, 49784, 4731, 78529, 79164, 61697, 61834, 41340, 41383, 91562, 3053, 15720, 3356, 20246, 68448, 44576, 29352, 6648, 14948, 15459, 17729, 71243]
Tree:
None

Training fitness:
[0.9869246861924686, 0.5024772372692158]
Test fitness:
[0.984375, 0.4990080666316894]