Generation:
60

Phenotype:
def p():
  x = 0.0
  index = 13
  if main[index] < 1:
    if main[index] < opposite[index] + 0.6:
      x = (x + 0.9)
  else:
    if main[index] > main[index] + 9:
      x = (x + 0.2)
    else:
      x = (x - 0.9)
  return x
XXX_output_XXX = p()

Genotype:
[97364, 31385, 33656, 94856, 73957, 52688, 34171, 31148, 58301, 37867, 84918, 26062, 20984, 3460, 73348, 99339, 62686, 66775, 27585, 96862, 88117, 50586, 19385, 20059, 96810, 21138, 22640, 94230, 76557, 80040, 6936, 17587, 45410, 77086, 3980, 46116, 3185, 3828, 80598, 86354, 94481, 10945, 20304, 75054, 76557, 60120, 55863, 95739, 52726, 97881, 72080, 23173, 2149, 91792, 80495, 58421, 778, 61415, 58899, 40056, 52250, 79587, 51608, 68322, 96822, 57658, 25801, 29120, 36908, 79072, 56736, 56697, 3556, 72659, 16847, 13579, 30283, 19216, 49651, 57650, 81574, 59088, 34559, 26173, 40557, 98913, 66621, 51971, 53260, 9094, 11215, 52890, 18754, 3355, 770, 4383, 26817, 15074, 46286, 86815, 22002, 47976, 76232, 39579, 88097, 13018, 97522, 84451, 36188, 84941, 21063, 92260, 42031, 72266, 39214, 35389, 122, 68129, 13465, 5104, 64359, 44191, 40725]
Tree:
None

Training fitness:
[0.9869246861924686, 0.5024772372692158]
Test fitness:
[0.9875, 0.49952124868835257]