Generation:
60

Phenotype:
def p():
  x = 0.0
  index = 13
  if abs(sum(main[-index:]) - sum(opposite[:-index])) > 50:
    x = (x + 0.7)
  return x
XXX_output_XXX = p()

Genotype:
[45844, 82945, 87804, 27716, 3185, 97524, 14850, 57074, 86763, 41015, 60196, 73484, 10412, 57962, 34171, 76450, 48010, 78728, 4236, 26713, 96810, 57146, 62626, 71782, 76557, 85462, 33641, 3185, 3828, 3678, 30388, 29117, 35524, 9835, 6006, 3579, 88385, 51028, 27451, 80187, 87416, 48836, 64066, 70631, 70530, 95750, 48724, 96220, 99105, 42926, 34549, 65145, 67814, 83970, 64166, 4852, 41709, 19134, 91069, 57124, 99931, 33868, 32910, 30660, 77320, 19466, 49483, 99466, 54076, 84239, 5324, 36569, 22814, 67460, 29339, 65063, 62188, 6314, 82915, 29795, 50478, 16794, 76486, 91901, 57935, 21424, 52562, 29546, 14498, 80537, 97204, 12232, 58158, 53907, 13944, 89380, 32353, 92758, 48853, 40537, 25718, 96760, 33578, 33123, 71617, 94436, 32230, 87165, 9108, 24880, 28369, 24609, 30756, 68614, 10586, 22260, 8834, 36757, 51031, 18786, 72882, 54678, 2743, 91326, 44665, 38139, 21051, 84836, 62380, 37563, 97918, 19352, 72273, 59417, 93777, 84721, 24943, 21691, 12084, 23410, 68247, 7782, 75288, 70408, 86056, 10126, 30828, 42570, 7066, 98607, 69717]
Tree:
None

Training fitness:
[0.9869246861924686, 0.5024772372692158]
Test fitness:
[0.984375, 0.4990080666316894]