Generation:
60

Phenotype:
def p():
  x = 0.0
  index = 13
  if abs(sum(main[-index:]) - sum(opposite[:-index])) > 50:
    x = (x + 0.5)
  return x
XXX_output_XXX = p()

Genotype:
[39619, 63940, 11752, 64430, 3185, 3828, 80598, 46084, 97845, 10945, 3010, 27498, 39184, 39834, 47267, 59924, 34171, 4012, 40837, 37867, 84284, 22796, 62826, 78316, 78389, 7704, 68951, 48908, 15424, 16280, 74853, 41994, 16049, 23419, 2060, 42345, 94696, 70453, 12635, 52688, 60923, 35686, 55863, 37867, 2754, 23626, 27585, 45185, 27000, 79405, 74426, 85096, 10338, 97845, 45410, 60196, 80733, 83263, 23515, 3677, 89888, 6864, 51026, 16296, 33975, 60129, 2391, 55765, 45132, 49683, 48462, 40272, 81392, 53411, 58409, 30373, 3706, 397, 10348, 45545]
Tree:
None

Training fitness:
[0.9869246861924686, 0.5024772372692158]
Test fitness:
[0.984375, 0.4990080666316894]