Generation:
60

Phenotype:
def p():
  x = 0.0
  index = 13
  if abs(sum(main[-index:]) - sum(opposite[:-index])) > 50:
    x = (x + 0.5)
  return x
XXX_output_XXX = p()

Genotype:
[13722, 2282, 87256, 80992, 72553, 3828, 37470, 9110, 28595, 53185, 72746, 56282, 35694, 70100, 22072, 47267, 52688, 60346, 63158, 55863, 28965, 6824, 45205, 26319, 12258, 46670, 73376, 59109, 7029, 28151, 72272, 60001, 97991, 65970, 40662, 51794, 36878, 19221, 8684, 95177, 82974, 47267, 52688, 83325, 74298, 1839, 52507, 26358, 36971, 27585, 8684, 9911, 68189, 90807, 69588, 62710, 19494, 35686, 55863, 37867, 84918, 11210, 27585, 80092, 14357, 42063, 96810, 30054, 20637, 91244, 3440, 97845, 45410, 60196, 65198, 90985, 20059, 96810, 30054, 7666, 75054, 76557, 45628, 41203, 83263, 23515, 3677, 89888, 6864, 51026, 16296, 33975, 60129, 2391, 55765, 45132, 49683, 48462, 40272, 81392, 53411, 58409, 30373, 3706, 397, 10348, 45545]
Tree:
None

Training fitness:
[0.9869246861924686, 0.5024772372692158]
Test fitness:
[0.984375, 0.4990080666316894]