Generation:
60

Phenotype:
def p():
  x = 0.0
  index = 13
  if abs(sum(main[-index:]) - sum(opposite[:-index])) > 50:
    x = (x + 0.2)
  return x
XXX_output_XXX = p()

Genotype:
[64170, 63940, 11752, 64430, 3185, 3828, 75980, 46084, 97845, 10945, 3010, 35415, 97991, 67040, 96891, 5686, 97883, 15424, 61810, 72900, 41994, 16049, 54289, 78732, 26041, 93282, 33718, 71701, 81272, 59614, 82336, 4214, 46210, 4087, 76557, 85462, 3810, 5806, 50994, 57058, 97617, 33215, 87740, 38957, 61399, 5419, 63800, 70303, 48668, 98682, 34167, 88559, 23801, 46335, 30072, 94527, 46106, 61982, 91375, 52918, 46449, 52902, 94722, 44428, 38612, 13568, 36235, 55720, 53840, 41220, 49585, 63932, 9873, 37931, 88419, 72836, 90708, 26695, 68601, 85450, 86370, 39055, 11132, 28742, 84853, 14749, 50699, 14862, 93937, 70698, 5882, 57229, 46664, 7441, 69883, 15634, 25300, 45744, 15772, 24819, 97987, 9772, 88339, 77043, 57703, 88712, 48750, 5583, 37284, 52663, 6773, 38777, 94900, 6797, 49082, 36927, 5819, 91688, 68229, 58804, 63342, 36779, 10066, 61276, 89722, 86003, 2636, 86039, 587, 69406, 62811, 94505, 31110, 98888, 62366, 11581, 37407, 2639, 91373, 67898, 11607, 71925, 14193, 93441, 90666, 5905, 17925, 35375, 78949, 91912, 25508, 58328, 86490, 78191, 20201, 28854, 21360, 64332, 39485, 12885, 79824, 8217, 88152, 4648, 95607, 37564, 3371, 4818, 10136, 82263, 91843, 69564, 77875, 73230, 2132, 33432, 32267, 17438, 59264, 27684, 58365, 36072, 42885, 89880, 81702, 37138, 16569, 28952, 12345, 23672, 43699, 70866, 29942, 75022, 51884, 7421, 98379, 15510, 18207, 43189, 88610, 19667, 6370, 47450, 82508, 48905, 64838, 50031, 49099, 71362, 18689, 38907, 16273, 9675, 74761, 41956, 7042, 52557, 19065, 84343, 68800, 52625, 89918, 21014, 12050, 45048, 18452, 50869, 29651]
Tree:
None

Training fitness:
[0.9869246861924686, 0.5024772372692158]
Test fitness:
[0.984375, 0.4990080666316894]