Generation:
60

Phenotype:
def p():
  x = 0.0
  index = 13
  if abs(sum(main[-index:]) - sum(opposite[:-index])) > 50:
    x = (x + 0.6)
  return x
XXX_output_XXX = p()

Genotype:
[7915, 27357, 46008, 58731, 3185, 23484, 94926, 61448, 69679, 45410, 82974, 98491, 52688, 34171, 51366, 3393, 37867, 706, 11210, 84722, 75878, 50513, 20287, 4972, 35695, 16802, 32150, 69679, 45410, 10546, 29860, 24849, 44594, 62561, 7952, 64385, 86072, 80777, 26696, 39634, 37658, 15776, 47094, 3217, 41564, 95181, 77175, 59047, 94856, 60147, 89101, 87199, 45940, 86950, 8135, 4356, 77220, 30561, 3646, 40212, 50730, 69829, 1879, 57335, 19627, 38797, 84760, 754, 73708, 25836, 64729, 77180, 2595, 71472, 59190, 43672, 89477, 50635, 19947, 58394, 59633, 39362, 59473, 98701, 16738, 20425, 48113, 63535, 80037, 70478, 12336, 14972, 7404, 6716, 19069, 49486, 28366, 28684, 65879, 53646, 17926, 52175, 81384, 38968, 28186, 67344, 3898, 86672, 66573, 57001, 61728, 34466, 74128, 27153, 35279, 26818, 13156, 4526, 11577, 43635, 47778, 76811, 72950, 11236, 1220, 85567, 61450, 45749, 69603, 14590, 50210, 83410, 22372, 17562, 9605, 36287, 95883, 8119, 97204, 90785, 27520, 10791, 89167, 63484, 38546, 49745, 44295, 93941, 39716, 23111, 99373, 49006, 68042, 27331, 27019, 30612, 19327, 57011, 77682, 90209, 28298, 18241, 66040, 72107, 36920]
Tree:
None

Training fitness:
[0.9869246861924686, 0.5024772372692158]
Test fitness:
[0.984375, 0.4990080666316894]