Generation:
60

Phenotype:
def p():
  x = 0.0
  index = 13
  if abs(sum(main[-index:]) - sum(opposite[:-index])) > 50:
    x = (x + 0.4)
  return x
XXX_output_XXX = p()

Genotype:
[20825, 47147, 22632, 82957, 3185, 3828, 4638, 57098, 23515, 33030, 56590, 89305, 75618, 41994, 16049, 23419, 2060, 19941, 31830, 30388, 29117, 81072, 20175, 20955, 40574, 53924, 75713, 1820, 3906, 35196, 36526, 5004, 78985, 52923, 21608, 87266, 84360, 77601, 27771, 48498, 2483, 19818, 2096, 84939, 78772, 53033, 53177, 46478, 3579, 23780, 51028, 27451, 80187, 40348, 81112, 96689, 70631, 70530, 10819, 48724, 81524, 45178, 42926, 7124, 65145, 67814, 83970, 64166, 4852, 65128, 80146, 98835, 39508, 20315, 39503, 6534, 11481, 17975, 64388, 48077, 3919, 72365, 29920, 59524, 26964, 60687, 43223, 20837, 27588, 37967, 26863, 45099, 44392, 61523, 84029, 60022, 8813, 74, 89791]
Tree:
None

Training fitness:
[0.9869246861924686, 0.5024772372692158]
Test fitness:
[0.984375, 0.4990080666316894]