Generation:
60

Phenotype:
def p():
  x = 0.0
  index = 50
  if abs(sum(main) - sum(opposite)) > 1000:
    x = (x + 0.01)
  index = 13
  if abs(sum(main[-index:]) - sum(opposite[:-index])) > 50:
    x = (x + 0.9)
  return x
XXX_output_XXX = p()

Genotype:
[44157, 51044, 3185, 3828, 80598, 61782, 77967, 91392, 84918, 18165, 84428, 72265, 3185, 45921, 31992, 44512, 68201, 82150, 61308, 43118, 2780, 31002, 32844, 8048, 84293, 44051, 11549, 12852, 47207, 60645, 53465, 91975, 96810, 65976, 7666, 80334, 19221, 8684, 61935, 64377, 96810, 30054, 80320, 75054, 76557, 45628, 98905, 7311, 54982, 25420, 56966, 15014, 40560, 3172, 24006, 49594, 50101, 64070, 65021, 56882, 61000, 40949, 27086, 35196, 6733, 5004, 43992, 52923, 90248, 87266, 45395, 77601, 958, 38938, 12781, 19818, 2096, 383, 78772, 53033, 53177, 46478, 25585, 24717, 51028, 41355, 14025, 36492, 48836, 96689, 70631, 70530, 95750, 57913, 12114, 85920, 42926, 7124, 65145, 67814, 83970, 56185, 4852, 65128, 80146, 98835, 57513, 20315, 37304, 56176, 11481, 79552, 1081, 48077, 3919, 72365, 29920, 59524, 26964, 60687, 43223, 82873, 27588, 37967, 26863, 45099, 44392, 61523, 84029, 60022, 8813, 74, 89791]
Tree:
None

Training fitness:
[0.9869246861924686, 0.5024772372692158]
Test fitness:
[0.984375, 0.4990080666316894]