Generation:
60

Phenotype:
def p():
  x = 0.0
  index = 15
  if abs(sum(main[-index:]) - sum(opposite[:-index])) > 50:
    x = (x + 0.000001)
  return x
XXX_output_XXX = p()

Genotype:
[48091, 43953, 67228, 97899, 75727, 3828, 95760, 74704, 42807, 585, 67862, 52065, 8075, 31671, 37867, 10350, 74157, 88306, 3185, 10143, 69568, 73264, 38359, 16372, 24009, 60046, 78309, 28094, 27472, 62246, 12322, 18255, 65883, 75318, 28055, 58704, 4324, 20890, 41564, 18118, 80001, 88530, 89141, 75561, 82474, 96180, 745, 61523, 58156, 33205, 40779, 85988, 25208, 25579, 28705, 30013, 72163, 11219, 59591, 83247, 93634, 15865, 41068, 91587, 53744, 13111, 97927, 36053, 96924, 80484, 70733, 2759, 48520, 35692, 63978, 50096, 75827, 25951, 15282, 13737, 90875, 73279, 75453, 31590, 13788, 13865, 82777, 66474, 3710, 44225, 97613, 74370, 74981, 84631, 99551, 15539, 82850, 48391, 20278, 32870, 90494, 74051, 79656, 23857, 48379, 5163, 2, 49330, 43976, 94385, 29544, 50925, 15510, 76005, 85479, 52301, 84368, 67198, 83948, 16524, 99113, 73822, 17947, 70649, 48261, 87480]
Tree:
None

Training fitness:
[0.9869246861924686, 0.5024772372692158]
Test fitness:
[0.984375, 0.4990080666316894]