Generation:
60

Phenotype:
def p():
  x = 0.0
  index = 23
  if main[index] < 1:
    if opposite[index] < main[index] + 0.01:
      x = (x + 0.7)
  else:
    if main[index] > main[index] + 2:
      x = (x + 0.5)
    else:
      x = (x - 0.0000001)
  return x
XXX_output_XXX = p()

Genotype:
[18767, 51044, 87748, 34280, 97991, 94469, 76099, 81967, 74738, 19221, 8684, 88956, 2858, 19748, 98590, 76552, 80598, 63354, 97845, 70352, 6179, 80598, 84438, 97845, 88875, 60196, 46518, 77529, 54718, 42954, 28448, 29731, 26782, 27716, 97524, 3828, 34346, 90007, 23515, 78494, 47057, 97845, 56940, 84918, 65315, 29014, 38204, 91161, 15604, 49594, 50101, 64070, 65021, 56882, 61000, 40949, 27086, 35196, 6733, 5004, 43992, 52923, 90248, 87266, 45395, 77601, 958, 38938, 12781, 19818, 2096, 383, 78772, 53033, 53177, 46478, 25585, 24717, 51028, 41355, 14025, 36492, 48836, 96689, 70631, 70530, 95750, 57913, 12114, 85920, 42926, 7124, 65145, 67814, 83970, 56185, 4852, 65128, 80146, 98835, 57513, 20315, 37304, 56176, 11481, 79552, 1081, 48077, 3919, 72365, 29920, 59524, 26964, 60687, 43223, 82873, 27588, 37967, 26863, 45099, 44392, 61523, 84029, 60022, 8813, 74, 89791]
Tree:
None

Training fitness:
[0.4168410041841004, 0.5066959136415669]
Test fitness:
[0.534375, 0.5111539218258132]