Generation:
60

Phenotype:
def p():
  x = 0.0
  index = 51
  if main[index] < 1:
    if main[index] < opposite[index] + 0.6:
      x = (x + 1.0)
  else:
    if opposite[index] < opposite[index] + 1:
      x = (x - 0.00001)
    else:
      x = (x - 0.000001)
  return x
XXX_output_XXX = p()

Genotype:
[44857, 50436, 87804, 64889, 47267, 81197, 96715, 3198, 13535, 37867, 84918, 63567, 25277, 61837, 87159, 62561, 54575, 92082, 7195, 27025, 70588, 97845, 75705, 74036, 12852, 78276, 32386, 53465, 91975, 96810, 65976, 7666, 80334, 19221, 8684, 61935, 64377, 96810, 30054, 80320, 75054, 76557, 45628, 98905, 7311, 54982, 25420, 56966, 15014, 40560, 3172, 24006, 49594, 50101, 64070, 65021, 56882, 61000, 40949, 27086, 35196, 6733, 5004, 43992, 52923, 90248, 87266, 45395, 77601, 958, 38938, 12781, 19818, 2096, 383, 78772, 53033, 53177, 46478, 25585, 24717, 51028, 41355, 14025, 36492, 48836, 96689, 70631, 70530, 95750, 57913, 12114, 85920, 42926, 7124, 65145, 67814, 83970, 56185, 4852, 65128, 80146, 98835, 57513, 20315, 37304, 56176, 11481, 79552, 1081, 48077, 3919, 72365, 29920, 59524, 26964, 60687, 43223, 82873, 27588, 37967, 26863, 45099, 44392, 61523, 84029, 60022, 8813, 74, 89791]
Tree:
None

Training fitness:
[0.9874476987447699, 0.5009096345827324]
Test fitness:
[0.9875, 0.4989965897166842]