Generation:
60

Phenotype:
def p():
  x = 0.0
  index = 23
  if main[index] < 1:
    if opposite[index] < main[index] + 0.01:
      x = (x + 1.0)
  else:
    if main[index] > opposite[index] + 2:
      x = (x - 0.0000001)
    else:
      x = (x + 0.0000001)
  return x
XXX_output_XXX = p()

Genotype:
[20467, 37415, 71708, 34280, 97991, 47414, 96891, 87197, 80334, 19221, 8684, 6655, 91088, 95070, 47267, 86162, 6893, 29376, 19590, 35424, 36589, 27670, 96810, 492, 77430, 86074, 43151, 54365, 69276, 90263, 32150, 69679, 45410, 10546, 80733, 24849, 44594, 62561, 7952, 64385, 86072, 80777, 26696, 39634, 37658, 15776, 47094, 3217, 41564, 95181, 77175, 59047, 94856, 60147, 89101, 87199, 45940, 86950, 8135, 4356, 77220, 30561, 3646, 40212, 50730, 69829, 1879, 57335, 19627, 38797, 84760, 754, 73708, 25836, 64729, 77180, 2595, 71472, 59190, 43672, 89477, 50635, 19947, 58394, 59633, 39362, 59473, 98701, 16738, 20425, 48113, 63535, 80037, 70478, 12336, 14972, 7404, 6716, 19069, 49486, 28366, 28684, 65879, 53646, 17926, 52175, 81384, 38968, 28186, 67344, 3898, 86672, 66573, 57001, 61728, 34466, 74128, 27153, 35279, 26818, 13156, 4526, 11577, 43635, 47778, 76811, 72950, 11236, 1220, 85567, 61450, 45749, 69603, 14590, 50210, 83410, 22372, 17562, 9605, 36287, 95883, 8119, 97204, 90785, 27520, 10791, 89167, 63484, 38546, 49745, 44295, 93941, 39716, 23111, 99373, 49006, 68042, 27331, 27019, 30612, 19327, 57011, 77682, 90209, 28298, 18241, 66040, 72107, 36920]
Tree:
None

Training fitness:
[0.4168410041841004, 0.5066959136415669]
Test fitness:
[0.42604166666666665, 0.506829857467646]