Generation:
60

Phenotype:
def p():
  x = 0.0
  index = 51
  if main[index] < 1:
    if main[index] < opposite[index] + 0.6:
      x = (x + 0.4)
  else:
    if main[index] > opposite[index] + 5:
      x = (x - 0.3)
    else:
      x = (x - 0.7)
  return x
XXX_output_XXX = p()

Genotype:
[99732, 34139, 5736, 38449, 47267, 97142, 72689, 62594, 96725, 37867, 55000, 59545, 65780, 84688, 33515, 87935, 37867, 6728, 39867, 87804, 89435, 2249, 82, 90177, 1892, 38035, 13355, 65224, 16098, 84336, 18973, 3185, 13398, 80598, 84918, 42269, 45410, 60196, 74227, 60418, 92109, 84806, 22508, 81923, 3980, 27716, 3185, 29502, 54352, 55863, 37867, 67192, 11210, 89617, 97996, 1378, 3387, 57085, 47267, 52688, 50355, 15500, 55863, 37867, 84918, 11210, 27585, 70432, 46562, 94806, 2391, 85466, 28808, 28405, 71328, 95297, 17076, 54076, 84239, 5324, 97859, 22814, 67460, 29339, 28482, 62188, 91675, 50471, 29795, 50478, 16794, 76486, 91901, 57935, 21424, 52562, 29546, 14498, 80537, 97204, 12232, 91594, 53907, 13944, 89380, 32353, 92758, 48853, 40537, 25718, 96760, 33578, 33123, 71617, 94436, 32230, 90511, 9108, 24880, 28369, 24609, 30756, 68614, 10586, 22260, 8834, 36757, 51031, 49814, 72882, 54678, 2743, 91326, 44665, 98188, 21051, 84836, 62380, 37563, 97918, 19352, 72273, 59417, 79338, 3656, 24943, 21691, 12084, 23410, 68247, 7782, 75288, 70408, 86056, 69421, 30828, 42570, 7066, 98607, 69717]
Tree:
None

Training fitness:
[0.9874476987447699, 0.5009096345827324]
Test fitness:
[0.990625, 0.4995097717733473]