Generation:
60

Phenotype:
def p():
  x = 0.0
  index = 51
  if main[index] < 1:
    if main[index] < opposite[index] + 0.6:
      x = (x + 0.3)
  else:
    if main[index] > opposite[index] + 2:
      x = (x - 0.001)
    else:
      x = (x - 0.1)
  return x
XXX_output_XXX = p()

Genotype:
[38758, 30373, 20508, 4630, 47267, 52688, 86869, 1068, 55863, 37867, 65396, 80648, 69056, 32386, 87889, 68252, 72137, 97604, 12615, 33030, 47880, 36657, 37867, 41120, 58302, 8048, 84293, 31624, 52293, 12852, 47207, 60645, 53465, 39159, 9426, 2386, 90279, 56270, 39372, 51865, 89634, 32516, 60247, 74766, 62615, 97996, 15602, 12936, 80712, 58843, 26356, 31781, 96221, 15029, 19331, 10666, 87833, 384, 13295, 12741, 41456, 53086, 63009, 16640, 75584, 7464, 75224, 54459, 83554, 61023, 70069, 42988, 76065, 23217, 92844, 11330, 363, 86238, 41722, 5699, 47159, 93729, 17968, 56229, 64036, 3455, 98081, 78832, 36889, 90226, 95145, 42310, 67792, 5068, 69078, 58532, 40401, 41458, 8618, 65219, 1505, 5821, 43750, 1516, 1286, 89354, 77366, 62176, 93195, 35493, 20177, 45253, 49202, 76887, 80518, 87490, 20391, 11915, 74972, 64202, 79550, 84966, 8320, 45864, 22200, 95201, 17658, 86774, 15297, 16680, 88394, 86081, 10459, 76799, 22669, 68409, 24099, 57727, 98969, 23258, 47506]
Tree:
None

Training fitness:
[0.9874476987447699, 0.5009096345827324]
Test fitness:
[0.990625, 0.4995097717733473]