Generation:
60

Phenotype:
def p():
  x = 0.0
  index = 23
  if main[index] < 1:
    if opposite[index] < main[index] + 0.01:
      x = (x + 1.0)
  else:
    if main[index] > main[index] + 2:
      x = (x - 0.2)
    else:
      x = (x - 0.7)
  return x
XXX_output_XXX = p()

Genotype:
[25988, 92173, 71708, 68352, 97991, 69782, 22525, 95387, 57580, 19221, 16956, 51327, 44538, 91394, 41342, 14442, 34171, 15943, 97165, 75804, 44272, 60196, 95851, 84438, 57863, 78835, 52168, 45628, 71319, 83263, 39832, 87804, 90985, 20059, 96810, 30054, 80320, 75054, 76557, 45628, 41203, 7311, 16280, 8610, 41994, 14103, 27472, 99135, 12322, 18255, 65883, 75318, 28055, 58704, 4324, 20890, 41564, 18118, 80001, 88530, 89141, 75561, 82474, 96180, 745, 61523, 58156, 33205, 40779, 85988, 25208, 25579, 28705, 30013, 72163, 11219, 59591, 83247, 93634, 15865, 41068, 91587, 53744, 13111, 97927, 36053, 96924, 80484, 70733, 2759, 48520, 35692, 63978, 50096, 75827, 25951, 15282, 13737, 90875, 73279, 75453, 31590, 13788, 13865, 82777, 66474, 3710, 44225, 97613, 74370, 74981, 84631, 99551, 15539, 82850, 48391, 20278, 32870, 90494, 74051, 79656, 23857, 48379, 5163, 2, 49330, 43976, 94385, 29544, 50925, 15510, 76005, 85479, 52301, 84368, 67198, 83948, 16524, 99113, 73822, 17947, 70649, 48261, 87480]
Tree:
None

Training fitness:
[0.4168410041841004, 0.5066959136415669]
Test fitness:
[0.534375, 0.5111539218258132]