Generation:
60

Phenotype:
def p():
  x = 0.0
  index = 23
  if main[index] < 1:
    if opposite[index] < main[index] + 0.01:
      x = (x + 1.0)
  else:
    if main[index] > opposite[index] + 0:
      x = (x - 0.5)
    else:
      x = (x + 0.8)
  return x
XXX_output_XXX = p()

Genotype:
[69884, 77819, 71708, 34123, 97991, 69782, 60195, 81967, 80334, 19221, 96642, 57119, 57864, 82974, 47267, 6470, 74797, 27498, 37274, 87069, 61177, 6963, 37867, 1001, 40926, 3890, 13204, 68896, 16061, 97991, 12993, 29462, 42954, 28448, 19221, 51692, 38365, 37867, 87734, 20479, 27585, 37192, 47816, 60222, 52103, 29149, 3828, 21452, 27578, 69679, 60745, 58566, 71708, 62564, 97991, 57252, 492, 7666, 57722, 74376, 76346, 11048, 5852, 84438, 59013, 20385, 60196, 80733, 84438, 42333, 98020, 46056, 56033, 48462, 39372, 11468, 58001, 52181, 34098, 74766, 62615, 97996, 15602, 12936, 80712, 58843, 26356, 31781, 96221, 15029, 19331, 10666, 87833, 384, 13295, 12741, 41456, 53086, 63009, 16640, 75584, 7464, 75224, 54459, 83554, 61023, 70069, 42988, 76065, 23217, 92844, 11330, 363, 86238, 41722, 5699, 47159, 93729, 17968, 56229, 64036, 3455, 98081, 78832, 36889, 90226, 95145, 42310, 67792, 5068, 69078, 58532, 40401, 41458, 8618, 65219, 1505, 5821, 43750, 1516, 1286, 89354, 77366, 62176, 93195, 35493, 20177, 45253, 49202, 76887, 80518, 87490, 20391, 11915, 74972, 64202, 79550, 84966, 8320, 45864, 22200, 95201, 17658, 86774, 15297, 16680, 88394, 86081, 10459, 76799, 22669, 68409, 24099, 57727, 98969, 23258, 47506]
Tree:
None

Training fitness:
[0.4168410041841004, 0.5066959136415669]
Test fitness:
[0.715625, 0.5083896248688352]