Generation:
60

Phenotype:
def p():
  x = 0.0
  index = 51
  if main[index] < 1:
    if main[index] < opposite[index] + 0.6:
      x = (x + 0.7)
  else:
    if main[index] > main[index] + 0:
      x = (x - 0.7)
    else:
      x = (x - 0.7)
  return x
XXX_output_XXX = p()

Genotype:
[44743, 95998, 87804, 24528, 47267, 85466, 70003, 260, 2215, 37867, 24076, 60924, 3980, 67688, 52164, 72630, 16441, 16332, 57095, 332, 28192, 94262, 80334, 66781, 3508, 11932, 72553, 3828, 80598, 84438, 97845, 51260, 45366, 60924, 5090, 47014, 38526, 27393, 3828, 80598, 84438, 97845, 63395, 72866, 11468, 7784, 97991, 27147, 30054, 75896, 80334, 19221, 8684, 11468, 8976, 52181, 34098, 74766, 62615, 55072, 95577, 76287, 1622, 94626, 97750, 5028, 49881, 50583, 23515, 49345, 9542, 78350, 573, 78288, 65927, 48792, 43642, 19523, 72145, 42026, 59358, 46575, 81790, 3302, 77071, 73492, 34681, 88624, 84950, 20741, 69987, 87185, 75575, 88731, 60689, 74926, 50674, 71039, 34702, 59571, 26765, 39117, 46799, 87753, 68139, 841, 81459, 10905, 64212, 86224, 82632, 74250, 97747, 97779, 30278, 95779, 8966, 75212, 66804, 679, 17029, 26427, 69405, 70811, 19420, 65238, 66601, 84477, 20163, 61135, 43403, 20001, 15488, 47551, 4736, 35092, 81831, 19465, 90052, 34503, 84003, 37218]
Tree:
None

Training fitness:
[0.9874476987447699, 0.5009096345827324]
Test fitness:
[0.990625, 0.4995097717733473]