Generation:
60

Phenotype:
def p():
  x = 0.0
  index = 51
  if main[index] < 1:
    if main[index] < opposite[index] + 0.6:
      x = (x + 0.8)
  else:
    if main[index] < opposite[index] + 8:
      x = (x + 0.2)
    else:
      x = (x - 0.3)
  return x
XXX_output_XXX = p()

Genotype:
[23495, 39006, 87804, 96247, 47267, 16211, 68563, 81108, 35277, 37867, 61448, 58781, 89877, 10182, 76557, 78618, 67506, 59415, 46315, 51880, 8118, 40436, 40531, 3010, 93389, 37867, 22689, 50538, 21147, 73871, 77114, 3329, 97991, 97482, 30054, 61336, 81604, 75731, 73136, 97996, 85373, 39832, 39015, 30179, 45122, 11210, 47267, 77516, 7172, 27156, 32977, 18535, 84918, 70104, 30690, 7347, 58349, 40451, 37867, 9194, 44122, 27585, 85029, 5402, 20287, 18974, 45590, 29117, 13555, 34937, 59815, 22687, 61711, 68473, 86994, 81823, 8216, 53655, 43150, 94476, 73825, 97804, 3596, 85886, 3627, 36305, 74973, 12156, 89576, 97166, 65125, 52659, 32903, 57864, 85917, 75571, 62425, 73883, 80548, 93222, 97536, 46405, 85584, 21832, 32235, 7208, 53567, 51810, 26458, 26444, 24619, 60053, 73231, 24503, 69070, 25485, 41738, 6003, 98886, 58422, 91491, 76456, 82960, 81405, 11508, 72515, 49414, 37391, 97533, 93279, 60517, 17090, 46195, 14372, 81847, 84235, 54173, 51591, 552, 76848, 77213, 8469, 66815, 67713, 63214, 26141, 10503, 64677, 22912, 42382, 67328, 75331, 92818, 83047, 23243, 55789, 9990, 28446, 923, 42344, 96011, 62053, 30293, 85407, 97780, 60483, 96479, 93931, 45084, 25900, 67174, 94125, 7327, 97214, 78335, 57561, 28418, 23739, 67870, 28485, 94165, 20273, 68903, 61742, 19292, 25398, 4831, 71466, 9857, 15629, 41455, 57273, 87513, 48097, 80689, 38741, 80707, 70960, 12845, 89388, 57484, 3251, 53192, 8047, 15090, 28431, 52144, 53171, 50436, 65974, 89727, 71092, 99508, 53672, 84832, 36463, 76904, 6283, 52293, 9769, 43260, 38811, 75559, 56111, 23334, 84188, 54250, 81744, 5166, 25111, 93096, 6808, 51499, 38004, 48451, 2898, 98542, 45833, 53543, 36607, 99384, 53420, 94101, 99761, 24579, 73919, 38755, 14991, 14290, 41536, 63841, 66270, 44619, 96331, 29992, 48496, 9436, 21731, 61283, 41112, 76724, 42313, 54923, 68008, 45924, 20948, 52786, 87595, 92939, 48659, 6001, 92074, 53308, 21299, 77953, 6583, 4350, 42086, 56683, 34802, 2391, 44368, 29819, 9037, 27440, 65075, 10621, 17426, 38661, 81135, 76119, 33283, 62024, 80603, 41718, 35775, 68058, 32300, 27637, 64153, 81951, 64802, 24878, 55060, 54129, 66854, 27645, 69690, 77428, 79332]
Tree:
None

Training fitness:
[0.9874476987447699, 0.5009096345827324]
Test fitness:
[0.9875, 0.4989965897166842]