Generation:
60

Phenotype:
def p():
  x = 0.0
  index = 23
  if main[index] < 1:
    if opposite[index] < main[index] + 0.01:
      x = (x + 0.4)
  else:
    if main[index] > main[index] + 8:
      x = (x - 1.0)
    else:
      x = (x - 0.8)
  return x
XXX_output_XXX = p()

Genotype:
[75801, 51044, 93996, 34280, 97991, 69782, 68433, 81967, 80334, 19221, 8684, 90361, 85564, 93832, 50994, 57058, 97617, 33215, 2889, 38957, 54982, 62350, 38973, 5289, 30054, 57151, 80334, 22685, 52181, 90318, 74766, 62615, 97996, 15602, 12936, 21007, 35115, 26356, 31781, 96221, 15029, 19331, 10666, 87833, 384, 13295, 12741, 41456, 53086, 63009, 16640, 75584, 7464, 75224, 54459, 83554, 61023, 70069, 42988, 76065, 23217, 92844, 11330, 363, 86238, 41722, 5699, 47159, 93729, 17968, 56229, 64036, 3455, 98081, 78832, 36889, 90226, 95145, 42310, 67792, 5068, 69078, 58532, 40401, 41458, 8618, 65219, 1505, 5821, 43750, 1516, 1286, 89354, 77366, 62176, 93195, 35493, 20177, 45253, 49202, 76887, 80518, 87490, 20391, 11915, 74972, 64202, 79550, 84966, 8320, 45864, 22200, 95201, 17658, 86774, 15297, 16680, 88394, 86081, 10459, 76799, 22669, 68409, 24099, 57727, 98969, 23258, 47506]
Tree:
None

Training fitness:
[0.4168410041841004, 0.5066959136415669]
Test fitness:
[0.534375, 0.5111539218258132]