Generation:
60

Phenotype:
def p():
  x = 0.0
  index = 51
  if main[index] < 1:
    if main[index] < opposite[index] + 0.6:
      x = (x + 0.5)
  else:
    if main[index] < main[index] + 8:
      x = (x - 0.8)
    else:
      x = (x + 0.3)
  return x
XXX_output_XXX = p()

Genotype:
[13722, 3453, 87804, 99035, 47267, 17369, 1669, 25572, 89795, 37867, 26462, 69770, 8325, 73926, 12764, 57098, 23515, 53213, 31370, 97928, 90598, 78309, 94438, 81097, 23248, 84745, 87804, 90985, 20059, 96810, 30054, 7666, 75054, 76557, 45628, 69679, 45410, 60196, 7663, 33160, 95998, 62561, 7952, 68070, 33229, 22501, 36781, 13554, 28472, 10065, 7249, 32275, 68994, 38036, 8353, 20208, 62624, 60808, 35540, 83363, 34604, 92436, 95995, 37900, 55237, 83741, 81545, 18463, 665, 13653, 75338, 42045, 53830, 89305, 45685, 18029, 96772, 82848, 48697, 77947, 43679, 56365, 86856, 19197, 94969, 43544, 8370, 61564, 68155, 22150, 13257, 62164, 13408, 14589, 57237, 15615, 58732, 37745, 69951, 76450, 419, 49582, 8888, 75811, 61787, 56157, 26256, 85578, 69454, 10291, 92381, 45945, 65711, 56381, 90903, 85529, 46226, 72560, 94053, 13026, 6096, 37146, 99978, 60477, 63304, 34590, 45949, 1159, 30503, 22685, 64701, 48289, 28595, 32863, 4308, 96491, 58353, 75496, 70415, 40082, 98026, 2262, 51398, 53879, 17486, 24788, 70734, 44979, 37486, 36383, 84598, 53511, 97543, 1267, 8199, 28451, 46062, 88125, 46660, 47824, 2783, 88422, 32722, 68360, 15159, 42460, 69377, 61897, 10409, 50828, 63126, 81582, 98530, 79008, 6753, 17447, 53680, 81099, 68802, 2200, 37931, 85184, 52579, 66444, 31921, 7077, 10977, 34244, 47275, 64544, 70838, 6599, 48046, 54163, 54018, 30775, 33530, 55634, 62509, 74691, 93355, 81944, 65038, 91253, 50481, 33383, 58984, 10701, 99029, 87861, 38711, 17149, 17013, 70374, 65436, 69484, 83023, 51757, 25748, 27406, 79279, 44916, 24814, 39229, 43696, 97223, 17294, 57295, 21687, 61791, 69463, 79195, 26576, 64935, 49808, 57891, 8936, 64072, 37218, 96453, 90571, 29539, 2686, 47244, 51297, 51135, 70255, 66707, 7578, 45845, 3731, 31285, 95323, 6278, 63594, 51085, 42849, 40533, 64514, 18335, 92632, 42172, 81992, 76988, 39787, 6489, 1553, 80825, 30714, 43768, 47255, 96186, 7631, 81885, 18180, 52509, 72934, 87761, 86317, 1533, 79247, 74691]
Tree:
None

Training fitness:
[0.9874476987447699, 0.5009096345827324]
Test fitness:
[0.990625, 0.4995097717733473]