Generation:
60

Phenotype:
def p():
  x = 0.0
  index = 51
  if main[index] < 1:
    if main[index] < opposite[index] + 0.6:
      x = (x + 0.5)
  else:
    if main[index] < opposite[index] + 5:
      x = (x + 0.3)
    else:
      x = (x + 0.6)
  return x
XXX_output_XXX = p()

Genotype:
[87238, 34621, 4336, 2165, 47267, 52688, 73317, 35686, 55863, 37867, 56194, 11210, 63189, 3980, 15947, 3185, 87786, 41688, 97134, 34171, 54134, 55863, 57227, 84918, 32719, 99594, 96165, 80650, 40962, 68856, 92014, 7666, 82515, 89877, 80334, 82021, 51692, 57891, 28523, 71777, 33616, 65302, 16211, 63554, 7666, 80334, 19221, 8684, 45012, 2391, 10542, 11188, 64529, 35374, 25365, 96235, 91006, 37480, 50467, 20545, 23659, 70003, 31452, 13440, 61510, 57481, 36659, 99641, 9525, 63227, 15321, 17, 8557, 11916, 23677, 7277, 15489, 935, 53492, 14137, 58865, 78993, 19899, 64976, 73204, 75779, 10727, 30277, 74759, 8647, 38519, 92256, 99646, 70798, 5705, 41877, 29227, 41409, 33287, 14594, 76877, 68907, 34997, 72266, 22887, 17619, 81834, 16562, 33046, 6206, 40095, 89123, 18782, 62545, 88330, 78047, 7566, 82758, 66549, 58284, 44876, 87893, 12053, 85048, 24358, 60318, 83791, 55843, 6257]
Tree:
None

Training fitness:
[0.9874476987447699, 0.5009096345827324]
Test fitness:
[0.996875, 0.4994868179433368]