Generation:
60

Phenotype:
def p():
  x = 0.0
  index = 51
  if main[index] < 1:
    if main[index] < opposite[index] + 0.6:
      x = (x + 0.8)
  else:
    if main[index] < main[index] + 0:
      x = (x + 0.6)
    else:
      x = (x + 0.000001)
  return x
XXX_output_XXX = p()

Genotype:
[84478, 96729, 87804, 66420, 47267, 28274, 54373, 30374, 78777, 37867, 84918, 42269, 12633, 17928, 11148, 36600, 52688, 34171, 31370, 18209, 20651, 84918, 73624, 68762, 80294, 2783, 1039, 37477, 17753, 15434, 13698, 89831, 23949, 27940, 16061, 65350, 49977, 30912, 7666, 80334, 77102, 78656, 88045, 76039, 82515, 35686, 22761, 37867, 65906, 83514, 70867, 51207, 3357, 51794, 80334, 19221, 74766, 18172, 95230, 61397, 40916, 44142, 43804, 73248, 56692, 97881, 72080, 73180, 70112, 98763, 44873, 82965, 18365, 43461, 59036, 11027, 40592, 45495, 81536, 63564, 97557, 27692, 11006, 48957, 81488, 67851, 39991, 82191, 90449, 73475, 2264, 50539, 6384, 23415, 41620, 6060, 95303, 70013, 61417, 79481, 39862, 28371, 23715, 56634, 91350, 39646, 77373, 40577, 4027, 63374, 4617, 16026, 26688, 25137, 38375, 71973, 8277, 65371, 92560, 36331, 71464, 38971, 16912, 61009, 23441, 82186, 17171, 22951, 92116, 80513, 43371, 69056, 18952, 47479, 39464, 33707, 91840, 31198, 79872, 88651, 55905, 6544, 39297, 86651, 10039, 19055, 31559, 69082, 89939, 44245, 84673, 65685, 38178, 36281, 20375, 75130, 94765, 23385, 21352, 87, 31943, 51094, 79044, 84388, 23674, 41640, 60399, 92502, 61512, 23730, 55597, 45136, 62611, 15376, 13878, 99161, 747, 33685, 93995, 51145, 26968, 20755, 29494, 21855, 30199, 42406, 44956, 49823, 86170, 99649, 3349, 80408, 23471, 84569, 97769, 27597, 48535, 24441, 92022, 83295, 17870, 53965, 5939, 93448, 29538, 62003, 27403, 9268, 79080, 6248, 53666, 41545, 33307, 73198, 17760, 73195, 18918, 32605, 62122, 23673, 82487, 25415, 10247, 91912, 36446, 58735, 51391, 18327, 71404, 46363, 95281, 17569, 79623, 72538, 49082, 93187, 33290, 92861, 36778, 12673, 84250, 26796, 1400, 23202, 72752, 10191, 56466, 16338, 28897, 75058, 35839, 53228, 62060, 61559, 74730, 82164, 94940, 8046, 30665, 69535, 14730, 74204, 42335, 7397, 31603, 99144, 60517, 7991, 81964, 91993, 78322, 39609, 58911, 19989, 82614, 99180, 93950, 80351, 79325, 89420, 69149, 40487, 55462, 83441, 92509, 86148, 82017, 94361, 56013, 36147, 30696, 62784, 90098, 3104, 22089, 24112, 98799, 27435, 52592, 98678, 70968, 27459, 12777, 29465, 5068, 59248, 61940, 27392, 5731, 30846, 29697, 48601, 55549, 97127, 17224, 4787, 83571, 21226, 43196, 71345, 58245, 75598]
Tree:
None

Training fitness:
[0.9874476987447699, 0.5009096345827324]
Test fitness:
[0.9875, 0.4989965897166842]