Generation:
60

Phenotype:
def p():
  x = 0.0
  index = 51
  if main[index] < 1:
    if main[index] < opposite[index] + 0.6:
      x = (x + 0.7)
  else:
    if main[index] > opposite[index] + 6:
      x = (x - 0.9)
    else:
      x = (x - 0.001)
  return x
XXX_output_XXX = p()

Genotype:
[44743, 95998, 87804, 57107, 47267, 85466, 82593, 260, 2215, 37867, 84918, 60924, 3980, 47014, 3185, 9326, 62103, 37694, 88055, 71668, 713, 47267, 52688, 42913, 40842, 11387, 37867, 79414, 34171, 18154, 58891, 41681, 84918, 37885, 3959, 1393, 42962, 72553, 3828, 63958, 24874, 28595, 53185, 6062, 83400, 35694, 80334, 19221, 8684, 13428, 89741, 31798, 76055, 3415, 23677, 4648, 10611, 59815, 19221, 55264, 4087, 3828, 67878, 62615, 16837, 15602, 51880, 54982, 26006, 56966, 49318, 40560, 80334, 19221, 88110, 90279, 9535, 39372, 11468, 58001, 52181, 34098, 74766, 62615, 97996, 15602, 12936, 80712, 58843, 26356, 31781, 96221, 15029, 19331, 10666, 87833, 384, 13295, 12741, 41456, 53086, 63009, 16640, 75584, 7464, 75224, 54459, 83554, 61023, 70069, 42988, 76065, 23217, 92844, 11330, 363, 86238, 41722, 5699, 47159, 93729, 17968, 56229, 64036, 3455, 98081, 78832, 36889, 90226, 95145, 42310, 67792, 5068, 69078, 58532, 40401, 41458, 8618, 65219, 1505, 5821, 43750, 1516, 1286, 89354, 77366, 62176, 93195, 35493, 20177, 45253, 49202, 76887, 80518, 87490, 20391, 11915, 74972, 64202, 79550, 84966, 8320, 45864, 22200, 95201, 17658, 86774, 15297, 16680, 88394, 86081, 10459, 76799, 22669, 68409, 24099, 57727, 98969, 23258, 47506]
Tree:
None

Training fitness:
[0.9874476987447699, 0.5009096345827324]
Test fitness:
[0.9875, 0.4989965897166842]