Generation:
60

Phenotype:
def p():
  x = 0.0
  index = 51
  if main[index] < 1:
    if main[index] < opposite[index] + 0.6:
      x = (x + 0.5)
  else:
    if main[index] < opposite[index] + 9:
      x = (x - 0.2)
    else:
      x = (x - 0.1)
  return x
XXX_output_XXX = p()

Genotype:
[11309, 21069, 71668, 10238, 47267, 27296, 1511, 57612, 9027, 37867, 9254, 12730, 96517, 5576, 36971, 99349, 59301, 9911, 54199, 81190, 63607, 55863, 37867, 84918, 90438, 85927, 22955, 10542, 3057, 64529, 47008, 25365, 96235, 78503, 55744, 95998, 87804, 28713, 47267, 64856, 77286, 458, 2215, 37867, 77455, 71708, 16390, 27251, 37867, 21148, 95004, 13789, 14083, 60489, 97511, 60812, 54810, 87567, 65637, 35686, 55863, 37867, 84918, 11210, 22243, 97996, 43439, 75497, 61031, 30117, 58955, 7666, 81618, 81097, 57194, 74235, 55863, 37867, 84918, 11210, 62615, 97996, 15602, 39832, 76129, 62118, 3677, 89888, 6062, 32386, 35694, 15655, 45012, 2391, 55765, 76943, 28405, 59863, 50498, 17076, 54076, 84239, 5324, 97859, 22814, 67460, 29339, 28482, 62188, 91675, 50471, 29795, 50478, 16794, 76486, 91901, 57935, 21424, 52562, 29546, 14498, 80537, 97204, 12232, 91594, 53907, 13944, 89380, 32353, 92758, 48853, 40537, 25718, 96760, 33578, 33123, 71617, 94436, 32230, 90511, 9108, 24880, 28369, 24609, 30756, 68614, 10586, 22260, 8834, 36757, 51031, 49814, 72882, 54678, 2743, 91326, 44665, 98188, 21051, 84836, 62380, 37563, 97918, 19352, 72273, 59417, 79338, 3656, 24943, 21691, 12084, 23410, 68247, 7782, 75288, 70408, 86056, 69421, 30828, 42570, 7066, 98607, 69717]
Tree:
None

Training fitness:
[0.9874476987447699, 0.5009096345827324]
Test fitness:
[0.990625, 0.4995097717733473]