Generation:
60

Phenotype:
def p():
  x = 0.0
  index = 51
  if main[index] < 1:
    if main[index] < opposite[index] + 0.6:
      x = (x + 0.5)
  else:
    if main[index] < main[index] + 5:
      x = (x + 0.3)
    else:
      x = (x - 0.1)
  return x
XXX_output_XXX = p()

Genotype:
[87238, 25054, 4336, 2165, 47267, 52688, 73317, 35686, 55863, 37867, 56194, 11210, 63189, 3980, 47014, 3185, 87786, 41688, 3185, 77606, 57533, 74364, 8907, 14363, 93996, 44259, 97991, 14013, 96891, 21728, 80334, 29297, 40324, 97991, 4071, 492, 7666, 38518, 19221, 74192, 24194, 45293, 78603, 45410, 17600, 73134, 97845, 96305, 60196, 53117, 76596, 97750, 21192, 88180, 64588, 79460, 61782, 59573, 10945, 15148, 52259, 18602, 71708, 30690, 77398, 85167, 14363, 18170, 17157, 71990, 15032, 66067, 32855, 49209, 28601, 28472, 56800, 51013, 87256, 27716, 3185, 3828, 80598, 84438, 97845, 20385, 60196, 16235, 95078, 75136, 71990, 25309, 93297, 45833, 47085, 69869, 3677, 89888, 66891, 32386, 30218, 33975, 60129, 2391, 55765, 38973, 5289, 30054, 7666, 80334, 99901, 43292, 18249, 6818, 97473, 1901, 14890, 84599, 66432, 70104, 55312, 43358, 6954, 20897, 43058, 77460, 17041, 32044, 98366, 84089, 51798, 87683, 65001, 62125, 43064, 78589, 8221, 49774, 98996, 77032, 15580, 39887, 95964]
Tree:
None

Training fitness:
[0.9874476987447699, 0.5009096345827324]
Test fitness:
[0.996875, 0.4994868179433368]