Generation:
60

Phenotype:
def p():
  x = 0.0
  index = 51
  if main[index] < 1:
    if main[index] < opposite[index] + 0.6:
      x = (x + 1.0)
  else:
    if opposite[index] > main[index] + 1:
      x = (x + 0.9)
    else:
      x = (x - 0.9)
  return x
XXX_output_XXX = p()

Genotype:
[44857, 18693, 87804, 1822, 47267, 88166, 62463, 18874, 20849, 37867, 59422, 63567, 22496, 85029, 31284, 52531, 93606, 26510, 88517, 87950, 28879, 80859, 31002, 65784, 24897, 33323, 33030, 27642, 11468, 12106, 14079, 34098, 74766, 91448, 39274, 82547, 3980, 38623, 3185, 3828, 98864, 29022, 15609, 70610, 38204, 42839, 68732, 33065, 69772, 45795, 8613, 48832, 16016, 96810, 40662, 51794, 80334, 19221, 8684, 85096, 93332, 93645, 52264, 9651, 95230, 75560, 53074, 35838, 15602, 12936, 21007, 4638, 26356, 31781, 96221, 15029, 19331, 10666, 87833, 384, 13295, 12741, 41456, 53086, 63009, 16640, 75584, 7464, 75224, 54459, 83554, 61023, 70069, 42988, 76065, 23217, 92844, 11330, 363, 86238, 41722, 5699, 47159, 93729, 17968, 56229, 64036, 3455, 98081, 78832, 36889, 90226, 95145, 42310, 67792, 5068, 69078, 58532, 40401, 41458, 8618, 65219, 1505, 5821, 43750, 1516, 1286, 89354, 77366, 62176, 93195, 35493, 20177, 45253, 49202, 76887, 80518, 87490, 20391, 11915, 74972, 64202, 79550, 84966, 8320, 45864, 22200, 95201, 17658, 86774, 15297, 16680, 88394, 86081, 10459, 76799, 22669, 68409, 24099, 57727, 98969, 23258, 47506]
Tree:
None

Training fitness:
[0.9874476987447699, 0.5009096345827324]
Test fitness:
[0.990625, 0.4995097717733473]