Generation:
60

Phenotype:
def p():
  x = 0.0
  index = 51
  if main[index] < 1:
    if main[index] < opposite[index] + 0.6:
      x = (x + 1.0)
  else:
    if main[index] > main[index] + 5:
      x = (x - 0.0001)
    else:
      x = (x - 0.6)
  return x
XXX_output_XXX = p()

Genotype:
[16449, 293, 38840, 56946, 47267, 80441, 19753, 37672, 6781, 37867, 43370, 13519, 52688, 30726, 86466, 93525, 27857, 98147, 3185, 71291, 32, 55863, 37867, 84918, 97662, 89356, 30277, 86373, 22524, 6583, 93731, 21443, 7205, 18170, 83221, 83542, 35482, 6272, 55161, 5402, 77890, 3185, 3828, 3980, 225, 3185, 3828, 80598, 61782, 97845, 6975, 84918, 57541, 81191, 53001, 71708, 35824, 97991, 96810, 492, 7666, 80334, 19221, 492, 40316, 86656, 34171, 35686, 84438, 69679, 45410, 60196, 95851, 84438, 57863, 78835, 52168, 45628, 71319, 83263, 39832, 87804, 90985, 20059, 96810, 30054, 80320, 75054, 76557, 45628, 41203, 7311, 16280, 8610, 41994, 14103, 27472, 99135, 12322, 18255, 65883, 75318, 28055, 58704, 4324, 20890, 41564, 18118, 80001, 88530, 89141, 75561, 82474, 96180, 745, 61523, 58156, 33205, 40779, 85988, 25208, 25579, 28705, 30013, 72163, 11219, 59591, 83247, 93634, 15865, 41068, 91587, 53744, 13111, 97927, 36053, 96924, 80484, 70733, 2759, 48520, 35692, 63978, 50096, 75827, 25951, 15282, 13737, 90875, 73279, 75453, 31590, 13788, 13865, 82777, 66474, 3710, 44225, 97613, 74370, 74981, 84631, 99551, 15539, 82850, 48391, 20278, 32870, 90494, 74051, 79656, 23857, 48379, 5163, 2, 49330, 43976, 94385, 29544, 50925, 15510, 76005, 85479, 52301, 84368, 67198, 83948, 16524, 99113, 73822, 17947, 70649, 48261, 87480]
Tree:
None

Training fitness:
[0.9874476987447699, 0.5009096345827324]
Test fitness:
[0.990625, 0.4995097717733473]