Generation:
60

Phenotype:
def p():
  x = 0.0
  index = 51
  if main[index] < 1:
    if main[index] < opposite[index] + 0.6:
      x = (x + 0.6)
  else:
    if main[index] < opposite[index] + 8:
      x = (x + 0.01)
    else:
      x = (x - 0.001)
  return x
XXX_output_XXX = p()

Genotype:
[28828, 3062, 50496, 43020, 47267, 81788, 96415, 14958, 71981, 37867, 82974, 34043, 97845, 70352, 31821, 80598, 84438, 97845, 88875, 60196, 46518, 77529, 54718, 42954, 28448, 29731, 26782, 27716, 97524, 3828, 34346, 90007, 23515, 78494, 47057, 97845, 56940, 84918, 65315, 29014, 38204, 91161, 15604, 49594, 50101, 64070, 65021, 56882, 61000, 40949, 27086, 35196, 6733, 5004, 43992, 52923, 90248, 87266, 45395, 77601, 958, 38938, 12781, 19818, 2096, 383, 78772, 53033, 53177, 46478, 25585, 24717, 51028, 41355, 14025, 36492, 48836, 96689, 70631, 70530, 95750, 57913, 12114, 85920, 42926, 7124, 65145, 67814, 83970, 56185, 4852, 65128, 80146, 98835, 57513, 20315, 37304, 56176, 11481, 79552, 1081, 48077, 3919, 72365, 29920, 59524, 26964, 60687, 43223, 82873, 27588, 37967, 26863, 45099, 44392, 61523, 84029, 60022, 8813, 74, 89791]
Tree:
None

Training fitness:
[0.9874476987447699, 0.5009096345827324]
Test fitness:
[0.9875, 0.4989965897166842]