Generation:
60

Phenotype:
def p():
  x = 0.0
  index = 51
  if main[index] < 1:
    if main[index] < opposite[index] + 0.6:
      x = (x + 0.4)
  else:
    if main[index] > opposite[index] + 5:
      x = (x + 0.9)
    else:
      x = (x - 0.7)
  return x
XXX_output_XXX = p()

Genotype:
[99732, 34139, 5736, 1822, 47267, 97142, 72689, 62594, 96725, 37867, 80140, 59545, 65780, 84688, 33515, 87935, 40932, 82974, 20775, 10620, 80598, 61782, 27161, 905, 3010, 97376, 98995, 37867, 84918, 1454, 64390, 85029, 5402, 20287, 32454, 45590, 29117, 11566, 56676, 7248, 32386, 45098, 33975, 10343, 87346, 69739, 74713, 20921, 8092, 39664, 17076, 54076, 84239, 5324, 97859, 22814, 67460, 29339, 28482, 62188, 91675, 50471, 29795, 50478, 16794, 76486, 91901, 57935, 21424, 52562, 29546, 14498, 80537, 97204, 12232, 91594, 53907, 13944, 89380, 32353, 92758, 48853, 40537, 25718, 96760, 33578, 33123, 71617, 94436, 32230, 90511, 9108, 24880, 28369, 24609, 30756, 68614, 10586, 22260, 8834, 36757, 51031, 49814, 72882, 54678, 2743, 91326, 44665, 98188, 21051, 84836, 62380, 37563, 97918, 19352, 72273, 59417, 79338, 3656, 24943, 21691, 12084, 23410, 68247, 7782, 75288, 70408, 86056, 69421, 30828, 42570, 7066, 98607, 69717]
Tree:
None

Training fitness:
[0.9874476987447699, 0.5009096345827324]
Test fitness:
[0.990625, 0.4995097717733473]