Generation:
60

Phenotype:
def p():
  x = 0.0
  index = 51
  if main[index] < 1:
    if main[index] < opposite[index] + 0.6:
      x = (x + 0.5)
  else:
    if main[index] > main[index] + 4:
      x = (x + 0.7)
    else:
      x = (x - 0.1)
  return x
XXX_output_XXX = p()

Genotype:
[34990, 82945, 43264, 19928, 47267, 49349, 39729, 44718, 55863, 93275, 37788, 11210, 34466, 11440, 83490, 36734, 4290, 77516, 82515, 30374, 2531, 28820, 29502, 1768, 72632, 82395, 64635, 39772, 17753, 67339, 13698, 55863, 37867, 3072, 40764, 14170, 46251, 72172, 61734, 34594, 24890, 33030, 89888, 52253, 30054, 7666, 82790, 19221, 8684, 35524, 7249, 6006, 3579, 88385, 51028, 27451, 80187, 87416, 48836, 64066, 70631, 70530, 95750, 48724, 96220, 99105, 42926, 34549, 65145, 67814, 83970, 64166, 4852, 41709, 19134, 91069, 57124, 99931, 33868, 32910, 30660, 77320, 19466, 49483, 99466, 54076, 84239, 5324, 36569, 22814, 67460, 29339, 65063, 62188, 6314, 82915, 29795, 50478, 16794, 76486, 91901, 57935, 21424, 52562, 29546, 14498, 80537, 97204, 12232, 58158, 53907, 13944, 89380, 32353, 92758, 48853, 40537, 25718, 96760, 33578, 33123, 71617, 94436, 32230, 87165, 9108, 24880, 28369, 24609, 30756, 68614, 10586, 22260, 8834, 36757, 51031, 18786, 72882, 54678, 2743, 91326, 44665, 38139, 21051, 84836, 62380, 37563, 97918, 19352, 72273, 59417, 93777, 84721, 24943, 21691, 12084, 23410, 68247, 7782, 75288, 70408, 86056, 10126, 30828, 42570, 7066, 98607, 69717]
Tree:
None

Training fitness:
[0.9874476987447699, 0.5009096345827324]
Test fitness:
[0.9875, 0.4989965897166842]