Generation:
60

Phenotype:
def p():
  x = 0.0
  index = 51
  if main[index] < 1:
    if main[index] < opposite[index] + 0.6:
      x = (x + 1.0)
  else:
    if opposite[index] > main[index] + 4:
      x = (x + 0.0001)
    else:
      x = (x - 0.2)
  return x
XXX_output_XXX = p()

Genotype:
[99504, 18693, 87804, 64889, 47267, 194, 62463, 24686, 30063, 10763, 84918, 63567, 80334, 19221, 93746, 48914, 63310, 58099, 8245, 3415, 37772, 88303, 17928, 47676, 47267, 52688, 34171, 25984, 18209, 37867, 84918, 63567, 68762, 90845, 47726, 1039, 55859, 43475, 33030, 22811, 21255, 83070, 42837, 80334, 19221, 8684, 11468, 8976, 52181, 34098, 74766, 62615, 55072, 95577, 76287, 1622, 94626, 97750, 5028, 49881, 50583, 23515, 49345, 9542, 78350, 573, 78288, 65927, 48792, 43642, 19523, 72145, 42026, 59358, 46575, 81790, 3302, 77071, 73492, 34681, 88624, 84950, 20741, 69987, 87185, 75575, 88731, 60689, 74926, 50674, 71039, 34702, 59571, 26765, 39117, 46799, 87753, 68139, 841, 81459, 10905, 64212, 86224, 82632, 74250, 97747, 97779, 30278, 95779, 8966, 75212, 66804, 679, 17029, 26427, 69405, 70811, 19420, 65238, 66601, 84477, 20163, 61135, 43403, 20001, 15488, 47551, 4736, 35092, 81831, 19465, 90052, 34503, 84003, 37218]
Tree:
None

Training fitness:
[0.9874476987447699, 0.5009096345827324]
Test fitness:
[0.9875, 0.4989965897166842]