Generation:
60

Phenotype:
def p():
  x = 0.0
  index = 51
  if main[index] < 1:
    if main[index] < opposite[index] + 0.6:
      x = (x + 0.4)
  else:
    if opposite[index] > opposite[index] + 9:
      x = (x + 0.2)
    else:
      x = (x + 0.0000001)
  return x
XXX_output_XXX = p()

Genotype:
[18489, 10510, 94236, 39260, 47267, 16865, 96415, 79796, 71981, 37867, 58606, 31177, 99068, 98919, 90985, 66479, 31930, 3463, 39620, 12704, 8684, 9911, 72303, 19221, 15763, 97694, 20261, 74688, 97845, 98889, 68222, 9185, 96732, 90520, 26895, 38290, 46725, 55600, 37259, 33019, 2457, 73864, 49009, 59316, 3736, 28214, 5464, 26934, 82336, 64769, 73516, 83654, 33442, 28099, 69720, 79158, 75076, 75038, 20330, 98585, 9962, 61397, 40916, 66446, 43804, 73248, 34918, 97881, 72080, 19923, 39329, 63917, 8473, 52534, 26054, 43461, 59036, 11027, 40592, 45495, 81536, 1329, 97557, 58558, 11006, 48957, 81488, 67851, 82125, 82191, 90449, 73475, 2264, 6317, 6384, 23415, 41620, 6060, 95303, 70013, 61417, 79481, 99423, 50316, 68753, 56634, 91350, 50975, 77373, 40577, 65498, 63374, 4617, 16026, 73488, 25137, 38375, 71973, 8277, 65371, 92560, 68202, 71464, 38971, 166, 61009, 23441, 82186, 80482, 21072, 92116, 80513, 43371, 60165, 18952, 47479, 85403, 33707, 91840, 31198, 79872, 88651, 55905, 6544, 39297, 86651, 73505, 19055, 31559, 69082, 22085, 44245, 84673, 65685, 38178, 36281, 20375, 75130, 94765, 23385, 21352, 87, 31943, 99142, 79044, 84388, 22418, 41640, 60399, 92502, 61512, 23730, 55597, 45136, 62611, 15376, 13878, 86523, 747, 33685, 68373, 51145, 26968, 98490, 28917, 21855, 30199, 42406, 44956, 49823, 86170, 99649, 3349, 80408, 23471, 84569, 97769, 27597, 97058, 24441, 92022, 83295, 17870, 53965, 5939, 93448, 29538, 62003, 27403, 15690, 79080, 6248, 53666, 41545, 33307, 73198, 17760, 73195, 18918, 32605, 62122, 23673, 35931, 25415, 10247, 91912, 36446, 58735, 51391, 52367, 71404, 46363, 8583, 17569, 77136, 72538, 49082, 78242, 33290, 92861, 36778, 12673, 84250, 26796, 1400, 23202, 72752, 10191, 56466, 11190, 28897, 75058, 35839, 53228, 62060, 61559, 426, 82164, 94940, 99503, 65719, 69535, 14730, 73776, 89656, 7397, 4693, 99144, 83392, 7991, 81964, 91993, 78322, 39609, 44847, 19989, 82614, 99180, 93950, 84198, 20753, 89420, 69149, 91840, 55462, 83441, 92509, 86148, 24131, 94361, 57907, 36147, 57428, 59452, 90098, 3104, 22089, 24112, 98799, 27435, 52592, 98678, 70968, 27459, 12777, 29465, 5068, 70478, 61940, 27392, 5731, 30846, 29697, 48601, 55549, 8737, 86348, 4787, 83571, 21226, 84607, 71345, 9490, 75598]
Tree:
None

Training fitness:
[0.9874476987447699, 0.5009096345827324]
Test fitness:
[0.9875, 0.4989965897166842]