Generation:
60

Phenotype:
def p():
  x = 0.0
  index = 51
  if main[index] < 1:
    if main[index] < opposite[index] + 0.6:
      x = (x + 1.0)
  else:
    if main[index] < main[index] + 5:
      x = (x + 0.4)
    else:
      x = (x - 0.00001)
  return x
XXX_output_XXX = p()

Genotype:
[21066, 47147, 11308, 77768, 47267, 6548, 62463, 3198, 8947, 37867, 84918, 63567, 48471, 41204, 77678, 79185, 29106, 55897, 49425, 89282, 55863, 25723, 99434, 11210, 45535, 74276, 65452, 89788, 28405, 80598, 34937, 81036, 96810, 492, 56609, 80619, 73317, 35686, 55863, 94921, 84918, 11210, 63189, 62294, 67450, 70319, 47267, 52688, 18391, 19116, 97137, 37867, 95998, 42791, 45017, 47267, 29693, 34171, 75252, 8099, 37867, 344, 11210, 43974, 38405, 15602, 76858, 76557, 66982, 82974, 47267, 52688, 34171, 35686, 55863, 37867, 88288, 11210, 16919, 73121, 30588, 20287, 89324, 49367, 7666, 80334, 19221, 11468, 58001, 19243, 61516, 7666, 34090, 19221, 8684, 3185, 3828, 80598, 84438, 97845, 45410, 60196, 80733, 57052, 11468, 81097, 23248, 23515, 3677, 89888, 6864, 32386, 30218, 33975, 60129, 2391, 55765, 49044, 28405, 48462, 89844, 17076, 54076, 84239, 5324, 97859, 22814, 67460, 29339, 28482, 62188, 91675, 50471, 29795, 50478, 16794, 76486, 91901, 57935, 21424, 52562, 29546, 14498, 80537, 97204, 12232, 91594, 53907, 13944, 89380, 32353, 92758, 48853, 40537, 25718, 96760, 33578, 33123, 71617, 94436, 32230, 90511, 9108, 24880, 28369, 24609, 30756, 68614, 10586, 22260, 8834, 36757, 51031, 49814, 72882, 54678, 2743, 91326, 44665, 98188, 21051, 84836, 62380, 37563, 97918, 19352, 72273, 59417, 79338, 3656, 24943, 21691, 12084, 23410, 68247, 7782, 75288, 70408, 86056, 69421, 30828, 42570, 7066, 98607, 69717]
Tree:
None

Training fitness:
[0.9874476987447699, 0.5009096345827324]
Test fitness:
[0.996875, 0.4994868179433368]