Generation:
60

Phenotype:
def p():
  x = 0.0
  index = 51
  if main[index] < 1:
    if main[index] < opposite[index] + 0.6:
      x = (x + 0.8)
  else:
    if main[index] > main[index] + 6:
      x = (x - 0.5)
    else:
      x = (x - 1.0)
  return x
XXX_output_XXX = p()

Genotype:
[61074, 21361, 20720, 9670, 47267, 8729, 21487, 640, 77073, 37867, 82534, 25757, 7726, 74298, 4250, 33396, 191, 55562, 84075, 67823, 85154, 47267, 77516, 61647, 32574, 27397, 37867, 84918, 70104, 17615, 45944, 42278, 62635, 87601, 22181, 61308, 4466, 52550, 39793, 15602, 57314, 76129, 89888, 80598, 53609, 97845, 45410, 60196, 80733, 57052, 11468, 81097, 23248, 23515, 3677, 89888, 6864, 32386, 30218, 33975, 60129, 2391, 55765, 49044, 28405, 48462, 89844, 17076, 54076, 84239, 5324, 97859, 22814, 67460, 29339, 28482, 62188, 91675, 50471, 29795, 50478, 16794, 76486, 91901, 57935, 21424, 52562, 29546, 14498, 80537, 97204, 12232, 91594, 53907, 13944, 89380, 32353, 92758, 48853, 40537, 25718, 96760, 33578, 33123, 71617, 94436, 32230, 90511, 9108, 24880, 28369, 24609, 30756, 68614, 10586, 22260, 8834, 36757, 51031, 49814, 72882, 54678, 2743, 91326, 44665, 98188, 21051, 84836, 62380, 37563, 97918, 19352, 72273, 59417, 79338, 3656, 24943, 21691, 12084, 23410, 68247, 7782, 75288, 70408, 86056, 69421, 30828, 42570, 7066, 98607, 69717]
Tree:
None

Training fitness:
[0.9874476987447699, 0.5009096345827324]
Test fitness:
[0.990625, 0.4995097717733473]