Generation:
60

Phenotype:
def p():
  x = 0.0
  index = 51
  if main[index] < 1:
    if main[index] < opposite[index] + 0.6:
      x = (x + 1.0)
  else:
    if opposite[index] > opposite[index] + 9:
      x = (x - 0.0001)
    else:
      x = (x + 0.3)
  return x
XXX_output_XXX = p()

Genotype:
[45259, 88303, 17072, 90880, 47267, 52688, 52367, 25984, 18209, 37867, 84918, 63567, 68762, 90845, 39879, 1039, 76851, 43475, 37994, 66920, 78707, 35686, 73157, 37867, 66786, 6538, 89582, 80598, 96442, 71479, 85441, 98562, 44237, 93210, 29997, 62826, 47852, 45182, 73183, 61125, 60196, 95851, 23952, 59707, 78835, 52168, 45628, 71319, 83263, 39832, 87804, 90985, 20059, 96810, 30054, 80320, 75054, 76557, 45628, 41203, 7311, 16280, 8610, 41994, 14103, 27472, 99135, 12322, 18255, 65883, 75318, 28055, 58704, 4324, 20890, 41564, 18118, 80001, 88530, 89141, 75561, 82474, 96180, 745, 61523, 58156, 33205, 40779, 85988, 25208, 25579, 28705, 30013, 72163, 11219, 59591, 83247, 93634, 15865, 41068, 91587, 53744, 13111, 97927, 36053, 96924, 80484, 70733, 2759, 48520, 35692, 63978, 50096, 75827, 25951, 15282, 13737, 90875, 73279, 75453, 31590, 13788, 13865, 82777, 66474, 3710, 44225, 97613, 74370, 74981, 84631, 99551, 15539, 82850, 48391, 20278, 32870, 90494, 74051, 79656, 23857, 48379, 5163, 2, 49330, 43976, 94385, 29544, 50925, 15510, 76005, 85479, 52301, 84368, 67198, 83948, 16524, 99113, 73822, 17947, 70649, 48261, 87480]
Tree:
None

Training fitness:
[0.9874476987447699, 0.5009096345827324]
Test fitness:
[0.996875, 0.4994868179433368]