Generation:
60

Phenotype:
def p():
  x = 0.0
  index = 51
  if main[index] < 1:
    if main[index] < opposite[index] + 0.6:
      x = (x + 0.5)
  else:
    if main[index] > opposite[index] + 4:
      x = (x - 0.1)
    else:
      x = (x - 0.001)
  return x
XXX_output_XXX = p()

Genotype:
[50230, 33294, 55972, 16464, 47267, 52688, 90055, 68090, 92361, 37867, 84918, 44506, 5614, 76728, 12635, 55824, 9887, 74182, 97991, 48084, 81310, 42954, 80334, 56149, 37987, 57891, 28523, 71777, 33616, 65302, 16211, 63554, 7666, 80334, 45884, 8684, 45012, 2391, 10542, 11188, 64529, 35374, 25365, 96235, 91006, 37480, 50467, 20545, 23659, 34829, 26822, 20181, 34459, 84918, 9395, 87804, 88569, 83320, 43249, 90453, 29976, 55863, 48907, 96810, 492, 17925, 36975, 57386, 24503, 45374, 33224, 97991, 54407, 18098, 54982, 25420, 56966, 28728, 9601, 22243, 89317, 27716, 27113, 14953, 8118, 73158, 32731, 33030, 27498, 10542, 42345, 94696, 70453, 12635, 52688, 60923, 35686, 55863, 37867, 2754, 23626, 27585, 45185, 27000, 79405, 74426, 85096, 10338, 97845, 45410, 60196, 80733, 83263, 23515, 3677, 89888, 6864, 51026, 16296, 33975, 60129, 2391, 55765, 45132, 49683, 48462, 40272, 81392, 53411, 58409, 30373, 3706, 397, 10348, 45545]
Tree:
None

Training fitness:
[0.9874476987447699, 0.5009096345827324]
Test fitness:
[0.9875, 0.4989965897166842]