Generation:
60

Phenotype:
def p():
  x = 0.0
  index = 39
  if abs(sum(main[-index:]) - sum(opposite[-index:])) > 500:
    x = (x + 0.01)
  return x
XXX_output_XXX = p()

Genotype:
[7828, 89459, 37964, 25438, 20059, 38508, 26582, 80838, 70358, 13047, 11932, 9589, 3828, 80598, 84438, 97845, 51260, 45366, 60924, 5090, 47014, 38526, 27393, 3828, 80598, 84438, 97845, 63395, 72866, 11468, 7784, 97991, 27147, 30054, 75896, 80334, 19221, 8684, 11468, 8976, 52181, 34098, 74766, 62615, 55072, 95577, 76287, 1622, 94626, 97750, 5028, 49881, 50583, 23515, 49345, 9542, 78350, 573, 78288, 65927, 48792, 43642, 19523, 72145, 42026, 59358, 46575, 81790, 3302, 77071, 73492, 34681, 88624, 84950, 20741, 69987, 87185, 75575, 88731, 60689, 74926, 50674, 71039, 34702, 59571, 26765, 39117, 46799, 87753, 68139, 841, 81459, 10905, 64212, 86224, 82632, 74250, 97747, 97779, 30278, 95779, 8966, 75212, 66804, 679, 17029, 26427, 69405, 70811, 19420, 65238, 66601, 84477, 20163, 61135, 43403, 20001, 15488, 47551, 4736, 35092, 81831, 19465, 90052, 34503, 84003, 37218]
Tree:
None

Training fitness:
[0.9176255230125523, 0.5044098349319359]
Test fitness:
[0.9145833333333333, 0.5024123382301504]