Generation:
60

Phenotype:
def p():
  x = 0.0
  index = 51
  if main[index] < 1:
    if main[index] < opposite[index] + 0.6:
      x = (x + 0.8)
  else:
    if main[index] > main[index] + 0:
      x = (x - 0.001)
    else:
      x = (x + 0.00001)
  return x
XXX_output_XXX = p()

Genotype:
[50230, 75988, 87804, 32095, 47267, 20573, 45189, 52078, 9749, 37867, 47676, 22957, 57098, 52548, 43852, 3980, 10477, 54532, 29502, 62850, 32384, 52065, 19670, 39772, 8118, 73158, 92295, 51880, 91638, 65376, 11906, 71708, 35824, 97991, 29250, 492, 7666, 59186, 97991, 34524, 492, 73502, 89298, 98223, 46850, 29146, 74222, 44543, 95425, 91181, 39168, 19829, 82986, 7942, 75896, 80334, 19221, 8684, 11468, 8976, 52181, 34098, 74766, 62615, 55072, 95577, 76287, 1622, 94626, 97750, 5028, 49881, 50583, 23515, 49345, 9542, 78350, 573, 78288, 65927, 48792, 43642, 19523, 72145, 42026, 59358, 46575, 81790, 3302, 77071, 73492, 34681, 88624, 84950, 20741, 69987, 87185, 75575, 88731, 60689, 74926, 50674, 71039, 34702, 59571, 26765, 39117, 46799, 87753, 68139, 841, 81459, 10905, 64212, 86224, 82632, 74250, 97747, 97779, 30278, 95779, 8966, 75212, 66804, 679, 17029, 26427, 69405, 70811, 19420, 65238, 66601, 84477, 20163, 61135, 43403, 20001, 15488, 47551, 4736, 35092, 81831, 19465, 90052, 34503, 84003, 37218]
Tree:
None

Training fitness:
[0.9874476987447699, 0.5009096345827324]
Test fitness:
[0.9875, 0.4989965897166842]