Generation:
60

Phenotype:
def p():
  x = 0.0
  index = 51
  if main[index] < 1:
    if main[index] < opposite[index] + 0.6:
      x = (x + 0.5)
  else:
    if main[index] > main[index] + 4:
      x = (x + 0.7)
    else:
      x = (x - 0.1)
  return x
XXX_output_XXX = p()

Genotype:
[85807, 82945, 43264, 82974, 47267, 49349, 39729, 44718, 55863, 37867, 37788, 11210, 34466, 11440, 87804, 36734, 4290, 77516, 82515, 30374, 60046, 12866, 37062, 5791, 75836, 12322, 18255, 65883, 75318, 28055, 58704, 4324, 20890, 41564, 18118, 80001, 88530, 89141, 75561, 82474, 96180, 745, 61523, 58156, 33205, 40779, 85988, 25208, 25579, 28705, 30013, 72163, 11219, 59591, 83247, 93634, 15865, 41068, 91587, 53744, 13111, 97927, 36053, 96924, 80484, 70733, 2759, 48520, 35692, 63978, 50096, 75827, 25951, 15282, 13737, 90875, 73279, 75453, 31590, 13788, 13865, 82777, 66474, 3710, 44225, 97613, 74370, 74981, 84631, 99551, 15539, 82850, 48391, 20278, 32870, 90494, 74051, 79656, 23857, 48379, 5163, 2, 49330, 43976, 94385, 29544, 50925, 15510, 76005, 85479, 52301, 84368, 67198, 83948, 16524, 99113, 73822, 17947, 70649, 48261, 87480]
Tree:
None

Training fitness:
[0.9874476987447699, 0.5009096345827324]
Test fitness:
[0.9875, 0.4989965897166842]