Generation:
60

Phenotype:
def p():
  x = 0.0
  index = 51
  if main[index] < 1:
    if main[index] < opposite[index] + 0.6:
      x = (x + 0.5)
  else:
    if opposite[index] < main[index] + 2:
      x = (x - 0.1)
    else:
      x = (x - 0.7)
  return x
XXX_output_XXX = p()

Genotype:
[2652, 98913, 33588, 82974, 12635, 52688, 71291, 78214, 54057, 37867, 72054, 11210, 75409, 59133, 28498, 84722, 6583, 35686, 55863, 3980, 50851, 3959, 87256, 42962, 72553, 88038, 63958, 9110, 28595, 12635, 52688, 72369, 35686, 74137, 37867, 84918, 11210, 27585, 90571, 33115, 28821, 84438, 47267, 54552, 60379, 5402, 85710, 3980, 3193, 45628, 41203, 15424, 16280, 94429, 41994, 16049, 23419, 2060, 42345, 93272, 71708, 30690, 77398, 85167, 14363, 18170, 17157, 71990, 15032, 66067, 32855, 49209, 28601, 28472, 56800, 51013, 87256, 27716, 3185, 3828, 80598, 84438, 97845, 20385, 60196, 16235, 95078, 75136, 71990, 25309, 93297, 45833, 47085, 69869, 3677, 89888, 66891, 32386, 30218, 33975, 60129, 2391, 55765, 38973, 5289, 30054, 7666, 80334, 99901, 43292, 18249, 6818, 97473, 1901, 14890, 84599, 66432, 70104, 55312, 43358, 6954, 20897, 43058, 77460, 17041, 32044, 98366, 84089, 51798, 87683, 65001, 62125, 43064, 78589, 8221, 49774, 98996, 77032, 15580, 39887, 95964]
Tree:
None

Training fitness:
[0.9874476987447699, 0.5009096345827324]
Test fitness:
[0.9875, 0.4989965897166842]