Generation:
60

Phenotype:
def p():
  x = 0.0
  index = 51
  if main[index] < 1:
    if main[index] < opposite[index] + 0.6:
      x = (x + 0.9)
  else:
    if opposite[index] > main[index] + 1:
      x = (x - 0.8)
    else:
      x = (x + 0.5)
  return x
XXX_output_XXX = p()

Genotype:
[96527, 92707, 87804, 86539, 47267, 17369, 46073, 89744, 89795, 37867, 17640, 58302, 87888, 84293, 85212, 19041, 11313, 19597, 9636, 97082, 92530, 43118, 2780, 30054, 68560, 45690, 75731, 73136, 55863, 23089, 50358, 97881, 72080, 1592, 2149, 14464, 80495, 58421, 90985, 20059, 78276, 64098, 7666, 75054, 76557, 92082, 9651, 4198, 75560, 36298, 20157, 15602, 11468, 89642, 14304, 23515, 3677, 89888, 6062, 32386, 35694, 15655, 45012, 2391, 55765, 76943, 28405, 59863, 95297, 17076, 54076, 84239, 5324, 97859, 22814, 67460, 29339, 28482, 62188, 91675, 50471, 29795, 50478, 16794, 76486, 91901, 57935, 21424, 52562, 29546, 14498, 80537, 97204, 12232, 91594, 53907, 13944, 89380, 32353, 92758, 48853, 40537, 25718, 96760, 33578, 33123, 71617, 94436, 32230, 90511, 9108, 24880, 28369, 24609, 30756, 68614, 10586, 22260, 8834, 36757, 51031, 49814, 72882, 54678, 2743, 91326, 44665, 98188, 21051, 84836, 62380, 37563, 97918, 19352, 72273, 59417, 79338, 3656, 24943, 21691, 12084, 23410, 68247, 7782, 75288, 70408, 86056, 69421, 30828, 42570, 7066, 98607, 69717]
Tree:
None

Training fitness:
[0.9874476987447699, 0.5009096345827324]
Test fitness:
[0.996875, 0.4994868179433368]