Generation:
60

Phenotype:
def p():
  x = 0.0
  index = 51
  if main[index] < 1:
    if main[index] < opposite[index] + 0.6:
      x = (x + 0.8)
  else:
    if main[index] < main[index] + 1:
      x = (x + 0.5)
    else:
      x = (x - 0.3)
  return x
XXX_output_XXX = p()

Genotype:
[68930, 95998, 87804, 57107, 47267, 85466, 82593, 92414, 2215, 37867, 40508, 96477, 81967, 97338, 41834, 87111, 88956, 2858, 98363, 5368, 68201, 45410, 11210, 98718, 32547, 12058, 39372, 46852, 56754, 1547, 51996, 3185, 20250, 80598, 69928, 97845, 82713, 7969, 76129, 38057, 3677, 49648, 40121, 97991, 96810, 23922, 86632, 80334, 19221, 88110, 95289, 57283, 77628, 492, 84272, 20598, 19221, 86124, 8585, 31992, 46138, 69679, 45410, 10546, 80733, 33160, 44594, 62561, 7952, 68070, 30823, 22501, 55148, 76173, 13119, 93751, 3712, 60273, 86528, 16143, 90724, 52688, 79340, 68431, 55863, 37867, 94315, 11210, 27585, 45185, 75737, 77712, 18251, 30841, 38973, 96810, 39772, 13253, 80334, 19221, 8684, 80550, 9443, 7599, 9210, 36942, 43694, 2328, 3397, 53126, 28992, 66986, 53531, 43039, 8555, 40942, 42035, 68844, 96165, 88169, 21494, 59716, 65059, 14770, 79813, 88612, 68337, 21044, 77977, 47143, 4947, 54036, 65247, 50536, 27715, 34807, 66534, 6889, 71020, 25413, 87080, 44782, 68765, 81943, 99832, 63050, 18315, 24105, 19149, 1131, 62517, 80033, 39725, 59837, 12711, 83700, 13958, 47154, 86863, 21375, 42472, 82047, 97745, 74223, 69982, 53358, 56944, 33275, 97738, 54211, 53715, 16867, 12810, 83906, 4097, 46037, 57855, 63125, 5007, 71142, 63866, 46952, 35417, 53040, 19851, 32843, 2322, 43680, 40930, 55832, 27821, 8501, 16250, 41144, 3991, 12182, 31498, 42147, 11597, 43786, 35956, 20233, 84303, 32206, 44395, 32511, 68779, 913, 37200, 49344, 21818, 76359, 15950, 66379, 22676, 14680, 84664, 75793, 20515, 54995, 17417, 67897, 26857, 58473, 4763, 1963, 14160, 36203, 40384, 93419, 79559, 52820, 9443, 63314, 77858, 64984, 44857, 99155, 99541, 32473, 80512, 64011, 20148, 77199, 88304, 65694, 67025, 67652, 95158, 39554, 20158, 43959, 74089, 72380, 27400, 23907, 23725, 64653, 50943, 24625, 2383, 99101, 60754, 11319, 13001]
Tree:
None

Training fitness:
[0.9874476987447699, 0.5009096345827324]
Test fitness:
[0.996875, 0.4994868179433368]