Generation:
60

Phenotype:
def p():
  x = 0.0
  index = 51
  if main[index] < 1:
    if main[index] < opposite[index] + 0.6:
      x = (x + 0.8)
  else:
    if opposite[index] < main[index] + 4:
      x = (x - 0.00001)
    else:
      x = (x + 0.000001)
  return x
XXX_output_XXX = p()

Genotype:
[98075, 39006, 87804, 81480, 47267, 52688, 34171, 81108, 32007, 37867, 35444, 66301, 47675, 75689, 45244, 75394, 68283, 45410, 75956, 77425, 94889, 22966, 27498, 76386, 58912, 94696, 70453, 12635, 74012, 88164, 59664, 69763, 37867, 26358, 40046, 86631, 5376, 77206, 46272, 37867, 84918, 63460, 70620, 71708, 64433, 97991, 96810, 51880, 41226, 57746, 5376, 87408, 30054, 7666, 75054, 76557, 45628, 93067, 59898, 45770, 60196, 70633, 18886, 778, 61415, 48334, 40056, 52250, 79587, 51608, 68322, 96822, 57658, 25801, 29120, 36908, 79072, 56736, 56697, 3556, 72659, 16847, 13579, 30283, 19216, 49651, 57650, 81574, 59088, 34559, 26173, 40557, 98913, 66621, 51971, 53260, 9094, 11215, 52890, 18754, 3355, 770, 4383, 26817, 15074, 46286, 86815, 22002, 47976, 76232, 39579, 88097, 13018, 97522, 84451, 36188, 84941, 21063, 92260, 42031, 72266, 39214, 35389, 122, 68129, 13465, 5104, 64359, 44191, 40725]
Tree:
None

Training fitness:
[0.9874476987447699, 0.5009096345827324]
Test fitness:
[0.9875, 0.4989965897166842]