Generation:
60

Phenotype:
def p():
  x = 0.0
  index = 51
  if main[index] < 1:
    if main[index] > opposite[index] + 0.6:
      x = (x - 0.4)
  else:
    if opposite[index] < main[index] + 2:
      x = (x - 0.7)
    else:
      x = (x + 0.1)
  return x
XXX_output_XXX = p()

Genotype:
[71683, 46754, 78412, 61210, 12635, 52688, 77100, 84372, 15835, 37867, 31831, 98585, 38279, 28791, 71440, 40872, 6733, 5004, 33334, 33830, 12514, 71708, 11621, 97991, 96810, 492, 7666, 80334, 34171, 19162, 31273, 27024, 4437, 8976, 15215, 34098, 74766, 62615, 55072, 95577, 17614, 81369, 52688, 3074, 81712, 56966, 32485, 40560, 3609, 13362, 88110, 90279, 9535, 39372, 11468, 58001, 52181, 34098, 74766, 62615, 97996, 15602, 12936, 80712, 58843, 26356, 31781, 96221, 15029, 19331, 10666, 87833, 384, 13295, 12741, 41456, 53086, 63009, 16640, 75584, 7464, 75224, 54459, 83554, 61023, 70069, 42988, 76065, 23217, 92844, 11330, 363, 86238, 41722, 5699, 47159, 93729, 17968, 56229, 64036, 3455, 98081, 78832, 36889, 90226, 95145, 42310, 67792, 5068, 69078, 58532, 40401, 41458, 8618, 65219, 1505, 5821, 43750, 1516, 1286, 89354, 77366, 62176, 93195, 35493, 20177, 45253, 49202, 76887, 80518, 87490, 20391, 11915, 74972, 64202, 79550, 84966, 8320, 45864, 22200, 95201, 17658, 86774, 15297, 16680, 88394, 86081, 10459, 76799, 22669, 68409, 24099, 57727, 98969, 23258, 47506]
Tree:
None

Training fitness:
[0.9874476987447699, 0.5009096345827324]
Test fitness:
[0.990625, 0.4995097717733473]