Generation:
9

Phenotype:
def p():
  x = 0.0
  index = 14
  n = 46
  b = 22
  c = opposite[16]
  if abs(sum(main[-index:]) - sum(opposite[:-index])) > 5000:
    x = 0.5
  return x
XXX_output_XXX = p()

Genotype:
[79787, 7650, 49688, 32510, 40610, 25536, 70885, 84515, 6805, 51986, 24259, 44703, 52342, 22075, 27878, 7130, 7995, 40624, 75370, 50364, 45485, 82582, 41288, 61660, 22830, 81350, 66927, 65525, 36289, 29229, 24358, 37086, 25412, 19455, 20574, 22185, 50186, 5138, 85081, 48166, 26110, 5604, 1055, 179, 56536, 77791, 86043, 49483, 72308, 13470, 68174, 72241, 85912, 17494, 79463, 38237, 77671, 79344, 33583, 88359, 26761, 55156, 39686, 60805, 66062, 61831, 13893, 92191, 58071, 81007, 193, 98349, 65520, 72137, 7072, 53105, 10463, 31398, 47335, 17545, 79846, 97661, 23188, 70516, 24084, 64073, 95142, 37273, 74370, 77314, 11811, 82484, 28344, 42424, 64964, 36285, 58038, 12707, 46237, 35596, 15359, 28028, 76714, 14114, 96413, 64641, 82484, 60994, 40684, 53010, 364, 83931, 68838, 84315, 24710, 36315, 23655, 15587, 49458, 41106, 99037, 95036, 23527, 52607]
Tree:
None

Fitness:
[0.9829533347538888, 0.7786639560855313]