Generation:
9

Phenotype:
def p():
  x = 0.0
  index = 24
  n = 44
  b = 30
  c = sum(opposite[:-index])
  if abs(sum(main[-index:]) - sum(opposite[:-index])) > 1000:
    x = 0.1
  return x
XXX_output_XXX = p()

Genotype:
[89241, 11761, 34428, 13374, 95343, 2983, 47117, 75270, 15534, 79377, 8460, 77075, 24435, 39205, 10696, 61730, 52377, 99908, 90195, 2630, 42797, 80600, 49520, 50114, 90195, 38881, 32233, 73752, 62079, 54974, 77052, 48171, 5890, 75344, 95603, 9276, 86462, 45020, 31907, 10688, 81796, 16315, 89253, 98904, 40430, 56961, 49523, 19398, 2496, 89500, 48928, 87540, 22213, 26758, 51541, 67286, 76178, 16194, 57658, 72238, 32411, 59874, 16955, 57828, 92025, 7081, 41379, 64235, 33052, 51529, 85469, 87612, 46955, 5161, 79492, 71980, 1576, 27445, 60228, 8956, 23010, 23015, 80361, 92456, 88024, 11776, 49565, 87853, 95212, 86190, 92902, 87805, 77577, 21643, 12756, 47459, 63374, 51083, 10753, 72583, 17025, 78425, 58888, 40352, 31239, 93017, 85010, 95164, 19845, 326, 59123, 61485, 706, 23956]
Tree:
None

Fitness:
[0.986362667803111, 0.7291515840705887]