Generation:
9

Phenotype:
def p():
  x = 0.0
  index = 9
  n = 37
  b = 12
  c = main[50]
  if abs(sum(main[:-index]) - sum(opposite[-index:])) > 5000:
    x = (x + 0.9)
  return x
XXX_output_XXX = p()

Genotype:
[58796, 16802, 73900, 65687, 87525, 51316, 9523, 26755, 85131, 68195, 62110, 93554, 43910, 27415, 66756, 30095, 52674, 14034, 5851, 54308, 21408, 25107, 23602, 76414, 10189, 54675, 52123, 4492, 14326, 95911, 16709, 44417, 95781, 18173, 55288, 75059, 55242, 88086, 69552, 26931, 94656, 29162, 98629, 65857, 49125, 13209, 51384, 12653, 18879, 96498, 9337, 42833, 39681, 37163, 63212, 19795, 40958, 20446, 87213, 5907, 24297, 30189, 49505, 1238, 60572, 8990, 35020, 21894, 63609, 93264, 73055, 30803, 99150, 32101, 93308, 27123, 66313, 48723, 53084, 84388, 7983, 54009, 55814, 24054, 64383, 27005, 50976, 32831, 95275, 65031, 87342, 62577, 65333, 29605, 37727, 29250, 89783, 5025]
Tree:
None

Fitness:
[0.9867888344342638, 0.7155039506856917]