Generation:
9

Phenotype:
def p():
  x = 0.0
  index = 2
  n = 27
  b = 33
  c = sum(main[-index:])
  if opposite[b] > main[b] + 9:
    x = (x - 0.1)
  return x
XXX_output_XXX = p()

Genotype:
[15936, 55090, 6052, 44395, 42893, 24430, 16908, 38699, 66741, 58626, 39225, 46318, 70828, 21723, 23801, 63828, 59559, 87737, 85590, 45582, 45091, 8909, 71860, 16842, 87354, 32368, 92728, 65860, 92098, 40028, 1239, 67252, 45630, 87386, 14197, 78800, 32437, 94505, 46157, 3429, 40426, 80548, 51381, 91293, 61118, 52787, 23444, 83782, 69323, 79941, 16293, 80450, 8235, 27241, 63618, 15036, 81920, 99106, 6955, 19888, 5024, 88228, 96965, 78244, 93271, 75425, 6677, 77134, 10383, 68721, 94021, 23431, 15852, 15278, 4494, 29149, 42561, 44576, 99399, 18523, 45720, 58650, 95951, 15861, 46596, 83331, 5690, 68434, 74280, 11098, 69773, 66642, 16964, 98598, 38308, 83272, 28064, 17012, 6106, 15682, 49229, 36899, 42677, 2885, 212, 2392, 60139, 55443, 63409, 31134, 92656, 98200, 90030, 39406, 37825, 44309, 55419, 78618, 8879, 75652, 21912, 19342, 69720, 94157, 55913, 23418, 50371, 4848, 24301, 95530, 34663, 13005, 65916, 32349, 53882, 2245, 64010, 77703, 99146, 21501, 35763, 18231, 5253, 76074, 74007, 43971, 55812, 49133, 81310, 60450, 98329, 73689, 67492, 31866, 73952, 32218, 15933, 80324, 93940, 37571, 53651, 41938, 96379, 58473, 40155, 37966, 82174, 55136, 18880, 53009, 2869, 47624, 32366, 33866, 45012, 98875, 56634, 96286, 75164, 28276, 46207, 49288, 42689, 6584]
Tree:
None

Fitness:
[0.9872150010654166, 0.7027014829532627]