Generation:
9

Phenotype:
def p():
  x = 0.0
  index = 10
  n = 45
  b = 14
  c = opposite[b]
  if abs(sum(main[:-index]) - sum(opposite[:-index])) > 1000:
    x = 1.0
  return x
XXX_output_XXX = p()

Genotype:
[32453, 54105, 94412, 99442, 65137, 30294, 32073, 83547, 25922, 84726, 71113, 26421, 77965, 44064, 77907, 27041, 27528, 24635, 24419, 46610, 91190, 45093, 61292, 22424, 41409, 63846, 29847, 78664, 49007, 53313, 50767, 69431, 28224, 17709, 83544, 86554, 92090, 40049, 90718, 38096, 16798, 27179, 84710, 77222, 57397, 63714, 73200, 13201, 93362, 50967, 50249, 9896, 80338, 23759, 28180, 29365, 65036, 54825, 21193, 86007, 76477, 17622, 13388, 26047, 42530, 84357, 65306, 54019, 42186, 49626, 30685, 8209, 82054, 10863, 74717, 87310, 57466, 71176, 38916, 26827, 66341, 36572, 37224, 85981, 57711, 14633, 76798, 4144, 8938, 63636, 43972, 29642, 33010, 37086, 81392, 79114, 77387, 14037, 24277, 65485, 11257, 17333, 13216, 70328, 66207, 86690, 45802, 62850, 19013, 86156, 57313, 33709, 57050, 83643, 49840, 21933, 89917, 47414, 60987, 39581, 5502, 33727, 18526, 53022, 17335, 99117, 30953, 42048, 14038, 44367, 6838, 49534, 4992, 53318, 24417, 21570, 25111, 13457, 28707, 91350, 17671, 10321, 27152, 97405, 94916, 82255, 82969, 81952, 19236, 44281, 13382, 25702, 35337, 65250, 5655, 63665, 42812, 74044, 49105, 9341, 86063, 5161, 25184, 76846, 64416, 1139, 48358, 68959, 31738, 56786, 15564, 21852, 11001, 67792, 70994, 66902, 59510, 89150, 16788, 1715, 61968, 90895, 67721, 43729, 16529, 75689, 92517, 82263, 51470, 15147, 63905, 32530, 92637, 29446, 74188, 94981, 34595, 28162, 89092, 55636, 32585, 32344, 9869, 39018, 59715, 11587, 43235, 54449, 69530, 38964, 66963, 36865, 52406, 94771, 16181, 54142, 45438, 84887, 17615, 91710, 95339, 87391, 17696, 26608, 42332, 41284, 70480, 27211, 21336, 19660, 83042, 25840, 41639, 91763, 24122, 26968, 72558, 7950, 11017, 5537, 20798, 67475, 61947, 43135, 82864, 11615, 1226, 94205, 51926, 29066, 14338, 5341, 6373, 49165, 18864, 63991, 30205, 44765, 54151, 87572, 52112, 25963, 41905, 71492, 70217, 38325, 44058, 51844, 87533, 96099, 52458, 83403, 56504, 66897, 38036, 66026, 99480, 48061, 45197, 74038, 33812, 84999, 33893, 60406, 9193, 3675, 27850, 25939, 26188, 66132, 84570, 75232, 80711, 22552, 55003, 52168, 35526, 19017, 96813, 37574, 25927, 86623, 8970, 63987, 1899, 22135, 77899, 68167, 18792, 8718, 69160, 44683, 64662, 77503, 17904, 55408, 70336, 93902, 22080, 72554, 91564, 54969, 48998, 92673, 82486, 97148]
Tree:
None

Fitness:
[0.9904112507990624, 0.6520683704975705]