Generation:
9

Phenotype:
def p():
  x = 0.0
  index = 24
  n = 8
  b = 30
  c = sum(main[:-index]) / sum(opposite[-index:])
  if abs(sum(main) - sum(opposite)) > 1000:
    x = 0.8
  return x
XXX_output_XXX = p()

Genotype:
[89241, 11761, 34428, 13374, 95343, 2983, 38666, 75270, 15534, 71191, 86405, 32929, 14148, 66924, 64761, 31735, 89802, 22953, 61586, 43885, 24745, 67155, 94275, 10927, 28662, 28843, 84694, 92964, 11504, 12534, 54313, 70929, 76424, 47366, 43517, 87819, 56094, 80970, 8721, 52826, 88822, 39250, 7422, 31004, 45549, 77204, 37141, 54290, 29612, 52102, 81225, 42484, 9239, 38582, 94197, 71844, 49226, 17784, 86734, 39328, 99655, 21308, 71690, 31426, 10533, 7181, 72269, 75490, 74321, 58609, 55959, 57324, 30592, 71793, 21234, 64308, 49727, 79498, 62240, 75185, 41344, 25164, 40299, 40730, 84619, 56852, 52078, 3378, 77411, 58245, 56215]
Tree:
None

Fitness:
[0.9927551672704027, 0.6224762989834096]