Generation:
9

Phenotype:
def p():
  x = 0.0
  index = 33
  n = 15
  b = 42
  c = sum(opposite[-index:])
  if sum(opposite[-index:]) > sum(opposite[-index:]):
    x = (x / 0.6)
  index = 23
  n = 33
  b = 17
  c = opposite[25]
  if abs(sum(main) - sum(opposite)) > 1000:
    x = 0.1
  index = 19
  n = 41
  b = 45
  c = opposite[28]
  if main[8] > opposite[16] + 6:
    x = 0.6
  index = 6
  n = 8
  b = 2
  c = main[b]
  if opposite[12] > main[15] + 1:
    x = 0.5
  return x
XXX_output_XXX = p()

Genotype:
[55671, 98018, 87881, 61660, 22830, 81350, 66927, 65525, 58641, 29229, 80034, 73969, 40832, 6511, 20574, 22185, 50186, 48300, 20895, 6975, 67446, 96959, 71965, 1309, 33224, 38171, 10380, 15792, 95104, 53822, 38070, 87694, 94775, 29605, 31580, 94731, 92025, 74220, 98360, 9917, 90745, 51529, 21541, 59150, 1870, 36918, 37705, 71980, 10663, 50569, 60228, 83542, 73397, 67355, 40306, 92456, 55850, 98675, 94300, 52813, 24435, 92726, 42797, 26736, 20453, 63863, 26332, 41292, 32233, 17607, 62079, 54974, 15468, 48171, 77955, 75344, 47950, 9276, 68668, 45020, 65727, 52694, 81796, 16315, 89253, 98904, 40430, 60440, 22684, 19398, 2496, 89500, 48928, 16778, 1324, 752, 97866, 26728, 92944, 97866, 57342, 50532, 98634, 74648, 84072, 33303, 21769, 97156, 40898, 76607, 74996, 81844, 14287, 52688, 74308, 8561, 72376, 77640, 60995, 47068, 26496, 92152, 66289, 88317, 29862, 99167, 45708, 92449, 44520, 20132, 20869, 71722, 32946, 15542, 14084, 95934, 89581, 5696, 41205, 4354, 65926, 66280, 12977, 64611, 86306, 77978, 57221, 45907, 37501, 71655, 27019, 23334, 10426, 63073, 51737, 41854, 96470, 68573, 85414, 95445, 88864, 31861, 75067, 89665, 21397, 27663, 51320, 63620, 57994, 17901, 70925, 368, 80877, 65856, 83179, 70613, 86109, 98240, 33390, 89880, 20324, 40455, 12381, 65883, 46276, 46251, 628, 38185, 89446, 1967, 89101, 23727, 87491, 30052, 50780, 31940, 46280, 98769, 50264, 37165, 19488, 51622, 12183, 60430, 69752, 29081, 88208, 85165, 61819, 1589, 71856, 24139, 46209, 13815, 28047, 6501, 83808, 5720, 47517, 98290, 6254, 83509, 94340, 64498, 90180, 66388, 52396, 92346, 52887, 50947, 49629, 45685, 2161, 45085, 4709, 49363, 69573, 67937, 61959, 34252, 70327, 40027, 805, 77644, 48270, 17626, 45860, 42680, 2253, 83281, 37967, 9276, 27532, 22471, 3818, 68484, 56377, 67361, 39196, 60482, 39353, 54779, 9802, 71652, 70131, 6677, 95124, 46345, 91280, 8961, 25414, 69272, 39599, 213, 49016, 51570, 1441, 87807, 8309, 96023, 57237, 26275, 96166, 73320, 93642, 31550, 72735, 8752, 81409, 51978, 76632, 47326, 58577, 71897, 35447, 29673, 69782, 9337, 61130, 45557, 62257, 98133, 85127, 53566, 29498, 70842, 60104, 34889, 30484, 73331, 31261, 42731, 31241, 3977, 44728, 20437, 74276, 41907, 95575, 86984, 70828, 70158, 96898, 7234, 32556, 15674, 60268, 51953, 1552, 52157, 93701, 23632, 64922, 2905, 52257, 35470, 98249, 5256, 96178, 64272, 58725, 50120, 76374, 34554, 86048, 68813]
Tree:
None

Fitness:
[0.9927551672704027, 0.6224762989834096]