Generation:
9

Phenotype:
def p():
  x = 0.0
  index = 32
  n = 37
  b = 31
  c = sum(main[:-index])
  if abs(sum(main) - sum(opposite)) > 10000:
    x = (x - 0.6)
  return x
XXX_output_XXX = p()

Genotype:
[67555, 16802, 73900, 65687, 18545, 6482, 9523, 82184, 26908, 29375, 18120, 93554, 55903, 27415, 13403, 32210, 27427, 16355, 90879, 12123, 48473, 45808, 51941, 56131, 72660, 68732, 16568, 21088, 61045, 41940, 53231, 17103, 87028, 18109, 28844, 31333, 63105, 32948, 21829, 77677, 28775, 65476, 92305, 56899, 24668, 7934, 20612, 72491, 37933, 25113, 31068, 66111, 85161, 72983, 68662, 46645, 83897, 11070, 29502, 134, 75636, 45569, 93465, 6573, 56848, 31785, 95019, 4359, 81327, 13976, 37879, 35904, 28115, 14304, 51610, 80821, 91773, 41429, 57950, 93426, 97450, 44267, 94818, 58566, 25757, 52988, 98613, 51448, 30294, 66337, 39172, 93196, 84239, 48927, 46948, 66960, 55325, 82232, 59815, 41659, 71705, 29469, 17948, 73997, 40652, 1812, 12262, 44181, 79631, 28117, 14599, 35321, 50096, 37927, 94405, 43231, 68452, 38914, 87838, 81694, 95756, 15078, 31278, 10636, 98825, 28610, 82465, 8948, 19337, 64594, 57592, 39927, 75487, 4983, 72375, 81347, 10845, 22119, 66843, 30558, 24104, 39172, 2982, 12568, 40123, 49811, 98340, 91169, 59701, 28609, 3253, 98044, 69150, 72185, 45185, 64955, 62824, 8050, 39006, 504]
Tree:
None

Fitness:
[0.9735776688685276, 0.9700545545153997]