Generation:
9

Phenotype:
def p():
  x = 0.0
  index = 11
  n = 38
  b = 2
  c = sum(main[-index:]) / sum(main[:-index]) * sum(main[:-index])
  if abs(sum(main) - sum(opposite)) > 1000:
    x = 0.9
  return x
XXX_output_XXX = p()

Genotype:
[22886, 35958, 804, 1902, 45248, 72117, 10034, 40284, 13211, 50445, 45842, 9753, 19062, 39152, 16952, 86711, 32654, 72847, 25944, 46886, 32099, 70722, 33795, 5746, 74917, 670, 73261, 48366, 27685, 59428, 1895, 15142, 14519, 54812, 49036, 9066, 38382, 70542, 3059, 83421, 39118, 83997, 15755, 13611, 33165, 73420, 46181, 97878, 89548, 12315, 93692, 27850, 63508, 22375, 8908, 99319, 13732, 47289, 56853, 89682, 42031, 62480, 30936, 92749, 91532, 1642, 62280, 97081, 33971, 18524, 52065, 73129, 15526, 88734, 37114, 9313, 18599, 55326, 56335, 78533, 52740, 64120, 57215, 79440, 83905, 11286, 55889, 66714, 93404, 13121, 67909, 47255, 40253, 75289, 74495, 66218, 9187, 49417, 65325, 66316, 88603, 55679, 77036, 41283, 31010, 30701, 98508, 57415, 99952, 9832, 54893, 10465, 27613, 8312, 3779, 33699, 95638, 6236, 2241, 10780, 11950, 11629, 42332, 65715, 32610, 49245, 53096, 94431, 61137, 57438, 9949, 84112, 28801, 11310, 99358, 67949, 85177, 74482, 15834, 56104, 20868, 30697, 82568, 53284, 44268, 37452, 40519, 91625, 8548, 61073, 80033, 87736, 13056, 31198, 55296, 23650, 73724, 6556, 61576, 14766, 94509, 56622, 55013, 19439, 18094, 11726, 39333, 66312, 48643, 6674, 62332, 87942, 60804, 71714, 58843, 47967, 62102, 96169, 62853, 35303, 68722, 3034, 22128, 16899, 31417, 39430, 62116, 93539, 8472, 45257, 70316, 15612, 5581, 98239, 45248, 9274, 70399, 88918, 23924, 43798, 50868, 34731, 95736, 30237, 5553, 68564, 25017, 85192, 87078, 24000, 56591, 46983, 4934, 59579, 98545, 44502, 25648, 8265, 47107, 7848, 96274, 3510, 33987, 27581, 55181, 21208, 77372, 27772, 8772, 74806, 97119]
Tree:
None

Fitness:
[0.9927551672704027, 0.6224762989834096]