Generation:
9

Phenotype:
def p():
  x = 0.0
  index = 17
  n = 3
  b = 24
  c = opposite[b]
  if abs(sum(main) - sum(opposite)) > 1000:
    x = (x + 0.8)
  return x
XXX_output_XXX = p()

Genotype:
[4212, 40652, 55936, 12623, 79118, 97194, 34428, 43903, 95343, 55079, 31870, 90805, 31875, 79377, 85887, 98161, 19657, 96646, 34816, 58860, 15161, 39685, 77966, 93790, 52622, 62821, 10512, 22992, 9424, 2256, 5508, 12878, 65716, 79144, 29450, 66233, 3805, 96825, 65201, 44004, 75596, 19460, 86128, 48832, 29273, 78225, 16683, 51414, 25527, 49382, 86717, 73954, 13066, 92438, 96152, 72768, 14741, 99269, 70968, 6626, 62246, 35608, 85824, 95726, 6982, 25436, 51262, 63096, 6468, 93128, 52664, 43927, 93128, 78325, 61198, 34545, 67787, 50020, 37356, 84961, 64681, 34686, 85576, 80249, 40531, 69790, 40425, 92873, 98200, 45918, 75388, 91609, 7800, 37732, 87955, 32821, 32116, 98773, 45666, 18168, 61653, 896, 10058, 30780, 42303, 19202, 43397, 28376, 5642, 53531, 65059, 99716, 82490, 85048, 86322, 24746, 66538, 95579, 97276, 5296, 32660, 4393, 76979, 43607, 42211, 70472, 75037, 87505, 28074, 10775, 83058, 58005, 82577, 33518, 34808, 10622, 35362, 76341, 86124, 13157, 59718, 41450, 69524, 75218, 26838, 67051, 41616, 61500, 49256, 64328, 94046, 14206, 72031, 43052, 15170, 84853, 59996, 44597, 93641, 2768, 88971, 57723, 89329, 53392, 36843, 80348, 73715, 92358, 9255, 89952, 62132]
Tree:
None

Fitness:
[0.9927551672704027, 0.6224762989834096]