Generation:
9

Phenotype:
def p():
  x = 0.0
  index = 19
  n = 12
  b = 18
  c = main[29]
  if main[b] + opposite[40] > sum(main[:-index]):
    x = 0.4
  index = 27
  n = 36
  b = 20
  c = sum(opposite[:-index])
  if abs(sum(main) - sum(opposite)) > 1000:
    x = 0.9
  return x
XXX_output_XXX = p()

Genotype:
[3320, 22206, 78521, 19980, 10933, 60005, 80796, 62355, 31944, 74075, 2710, 30662, 95552, 37701, 75044, 33734, 67210, 66972, 43644, 80623, 91279, 43849, 28892, 50445, 45842, 9753, 10765, 15423, 16952, 72171, 28026, 72847, 25944, 46886, 32099, 70722, 33795, 20621, 50691, 670, 80969, 64248, 27685, 59428, 61996, 44852, 14376, 81103, 23514, 27577, 66623, 65690, 39147, 17165, 16480, 30749, 81036, 1925, 45125, 67018, 66599, 84938, 35725, 30267, 76240, 12186, 93359, 85760, 77637, 81021, 9310, 2500, 29700, 49874, 56019, 55012, 26148, 92028, 65638, 9708, 52559, 91955, 32378, 23341, 77127, 44174, 12842, 97387, 28129, 20587, 26798, 22271, 52977, 58315, 63373, 77680, 51848, 16056, 15918, 96332, 25446, 57006, 37676, 49847, 54302, 80481, 75199, 69904, 3810, 35109, 59276, 25910, 41332, 35825, 23547, 26885, 63800, 82858, 11500, 49600, 87419, 43141, 58189, 80304, 78521, 28026, 35373, 94110, 78576, 49201, 45546, 51907, 67441, 80434, 95530, 20095, 26284, 73288, 10384, 27466, 90492, 33419, 65385, 82414, 91425, 71773, 31393, 59151, 90745, 84332, 21357, 98161, 21658, 75481, 91607, 71338, 90735, 75466, 30976, 31076, 42463, 29738, 74047, 86090, 76678, 49807, 64417, 49973, 75559, 66788, 26797, 73715, 66756, 30095, 52674, 14034, 5851, 69289, 21408, 25107, 23602, 76414, 10189, 54675, 52123, 4492, 14326, 95911, 16709, 44417, 95781, 18173, 55288, 75059, 55242, 88086, 69552, 26931, 94656, 29162, 98629, 65857, 49125, 13209, 51384, 12653, 18879, 96498, 9337, 42833, 39681, 37163, 63212, 19795, 40958, 20446, 87213, 5907, 24297, 30189, 49505, 1238, 60572, 8990, 35020, 21894, 63609, 93264, 73055, 30803, 99150, 32101, 93308, 27123, 66313, 48723, 53084, 84388, 7983, 54009, 55814, 24054, 64383, 27005, 50976, 32831, 95275, 65031, 87342, 62577, 65333, 29605, 37727, 29250, 89783, 5025]
Tree:
None

Fitness:
[0.9927551672704027, 0.6224762989834096]