Generation:
9

Phenotype:
def p():
  x = 0.0
  index = 24
  n = 42
  b = 41
  c = main[18]
  if c > sum(opposite[:-index]):
    x = (x + 0.3)
  index = 24
  n = 43
  b = 2
  c = opposite[1] - opposite[50]
  if main[b] > main[b] + 9:
    x = (x - 0.3)
  index = 37
  n = 38
  b = 16
  c = sum(main[-index:]) - sum(main[-index:])
  if c < sum(opposite[:-index]) * opposite[b] - opposite[29]:
    x = (x / 0.6)
  index = 3
  n = 28
  b = 14
  c = opposite[b]
  if abs(sum(main) - sum(opposite)) > 1000:
    x = (x + 1.0)
  return x
XXX_output_XXX = p()

Genotype:
[13619, 90248, 25530, 85006, 50463, 89443, 69504, 43050, 91127, 81774, 88222, 99618, 5679, 90327, 67850, 72336, 92847, 76211, 27401, 50532, 4149, 75251, 84072, 33303, 21769, 97156, 61304, 76607, 74996, 22007, 14287, 74947, 74308, 8561, 72376, 99687, 60995, 47068, 26496, 92152, 66289, 88317, 29862, 30640, 45708, 92449, 44520, 20132, 65879, 71722, 32946, 15542, 63732, 95934, 57276, 5696, 41205, 36669, 65926, 66280, 12977, 98723, 52766, 5927, 57221, 897, 32280, 71655, 27019, 25894, 60343, 63073, 51737, 41854, 31787, 68573, 85414, 95445, 42040, 44239, 98739, 89665, 21397, 66845, 51320, 63620, 84223, 17901, 70925, 36947, 80877, 65856, 83179, 70613, 43387, 98240, 57735, 89880, 20324, 40455, 10667, 52585, 46276, 46251, 628, 38185, 23101, 1967, 89101, 23727, 87491, 30052, 50780, 31940, 46280, 98769, 50264, 37165, 19488, 80486, 12183, 60430, 69752, 29081, 88208, 85165, 55613, 1589, 71856, 24139, 88563, 98838, 28047, 14504, 58040, 5720, 47517, 15585, 6254, 53184, 94340, 64498, 90180, 66388, 52396, 49614, 98951, 50947, 49629, 75291, 2161, 45085, 54182, 49363, 69573, 67937, 61959, 34252, 70327, 40027, 805, 77644, 35905, 17626, 45860, 42680, 30841, 83281, 59007, 9276, 27532, 22471, 3818, 81493, 56377, 67361, 39196, 60482, 39353, 8227, 9802, 71652, 38600, 6677, 95124, 46345, 91280, 8961, 97080, 29684, 39599, 213, 98170, 51570, 1441, 87807, 8309, 96023, 60695, 26275, 96166, 73320, 93642, 31550, 51891, 8752, 81409, 51978, 76632, 47326, 58577, 71897, 35447, 69780, 69782, 20347, 61130, 45557, 317, 98133, 85127, 53566, 29498, 70842, 56332, 34889, 30484, 73331, 31261, 42731, 31241, 3977, 44728, 20437, 74276, 41907, 98239, 86984, 70828, 70158, 5083, 7234, 32556, 15674, 60268, 51953, 1552, 52157, 97711, 23632, 64922, 2905, 52257, 52812, 98249, 47612, 96178, 64272, 58725, 50120, 76374, 34554, 84382, 68813]
Tree:
None

Fitness:
[0.9927551672704027, 0.6224762989834096]