Generation:
9

Phenotype:
def p():
  x = 0.0
  index = 28
  n = 14
  b = 28
  c = sum(opposite[-index:]) + opposite[b]
  if abs(sum(main) - sum(opposite)) > 1000:
    x = 0.9
  return x
XXX_output_XXX = p()

Genotype:
[52585, 14436, 21800, 51645, 55873, 60725, 70139, 79505, 91879, 10429, 42194, 43480, 55017, 8783, 28300, 59864, 56695, 10089, 18200, 63757, 22404, 30055, 42098, 96504, 30500, 10213, 19331, 68474, 44173, 79984, 53139, 91850, 14319, 50374, 4713, 22201, 30103, 88197, 83676, 16787, 97680, 68997, 42501, 65415, 47839, 61920, 20479, 13645, 86786, 46647, 93152, 48182, 52780, 82833, 50375, 83576, 56411, 86525, 2987, 9891, 73568, 55492, 17213, 44296, 77740, 60925, 13822, 6538, 42695, 44747, 90655, 78889, 7310, 2623, 57839, 53928, 76621, 86979, 47062, 11995, 70813, 46246, 63378, 16385, 80342, 77732, 95429, 75798, 86227, 77529, 82284, 51735, 43577, 61917, 93700, 1166, 13941, 69978, 91448, 87783, 54261, 29692, 57844, 90053, 97471, 99456, 62096, 70250, 12497, 61868, 11228, 14217, 54733, 92570, 16406, 43277, 3571, 75675, 11668, 18851, 90758, 52989, 993, 40260, 40249, 67058, 67073, 34532, 28104, 30707, 56449, 60133, 29514, 93834, 52315, 35408, 14870, 92577, 38343, 60794, 69446, 21642, 63723, 66770, 51633, 9276, 254, 71241, 76638, 25895, 26993, 58799, 7229, 90512, 65350, 49347, 64397, 65346, 18449, 14826]
Tree:
None

Fitness:
[0.9927551672704027, 0.6224762989834096]