Generation:
9

Phenotype:
def p():
  x = 0.0
  index = 3
  n = 30
  b = 42
  c = main[31] - opposite[20] - sum(opposite[:-index])
  if abs(sum(main[:-index]) - sum(opposite[:-index])) > 500:
    x = (x + 0.7)
  return x
XXX_output_XXX = p()

Genotype:
[85653, 27052, 55564, 58340, 53400, 82746, 16401, 56246, 8559, 56896, 43292, 57679, 25987, 92270, 12985, 64685, 35537, 14283, 31252, 80583, 61577, 73321, 52431, 65503, 45247, 97820, 76072, 66895, 14519, 54812, 49036, 9066, 33921, 89003, 18607, 42621, 78353, 2164, 50378, 5181, 5765, 88723, 15589, 96363, 14012, 52832, 50115, 85070, 13564, 18833, 40284, 45171, 19839, 54862, 19041, 60499, 83126, 10224, 84045, 81695, 43581, 7656, 19323, 63537, 63849, 87649, 62361, 24197, 45114, 47381, 81521, 29956, 79597, 3512, 3628, 54745, 41114, 94799, 30108, 16593, 59471, 44040, 86532, 33605, 57568, 64271, 62057, 81116, 26196, 52172, 82254, 68407, 71124, 51180, 8755, 47349, 6568, 16239, 44972, 27291, 81140, 392, 53636, 25313, 89396, 52428, 73298, 50433, 45841, 97626, 85567, 48418, 47038, 81397, 73271, 78918, 33242, 57048, 19601, 58595, 35143, 74041, 87636, 52163, 87587, 26759, 60258, 67224, 43006, 41553, 56175, 86669, 47772, 88037, 3160, 79470, 32085, 87876, 87312, 55113, 89911]
Tree:
None

Fitness:
[0.9942467504794374, 0.5917819283161216]