Generation:
9

Phenotype:
def p():
  x = 0.0
  index = 50
  n = 3
  b = 36
  c = sum(opposite[:-index])
  if abs(sum(main[-index:]) - sum(opposite[-index:])) > 500:
    x = (x + 0.9)
  return x
XXX_output_XXX = p()

Genotype:
[98101, 82074, 30480, 82974, 9230, 94621, 85377, 30869, 19824, 15858, 83868, 95553, 37521, 47775, 67726, 88210, 57964, 99012, 30941, 55778, 98215, 38408, 76708, 22762, 96818, 97075, 19410, 85782, 99545, 74312, 58025, 55675, 54792, 23352, 16687, 25145, 88564, 95672, 38127, 62505, 68354, 43399, 36976, 21899, 63024, 6954, 93031, 27384, 43908, 60612, 40153, 90031, 79945, 49922, 3318, 27405, 98639, 83941, 60714, 87648, 56443, 4288, 13187, 65691, 80844, 78475, 43552, 47730, 14508, 98272, 12660, 33656, 9028, 69982, 52432, 59277, 69159, 48693, 60514, 72196, 37717, 19536, 16854, 85316, 69401, 39234, 87133, 74766, 74890, 56174, 35527, 16221, 11007, 20958, 24620, 67184, 27282, 95311, 41460, 81096, 24418, 21281, 77230, 36284, 80655, 26832, 47222, 98949, 12054, 59831, 12677, 21025, 89941, 26746, 27091, 92123, 99603, 16430, 80983, 11095, 99091, 74153, 95603, 81218, 74071, 58347, 38465, 26056, 31358, 68268, 72509, 95881, 49788, 83711, 70346]
Tree:
None

Fitness:
[0.9942467504794374, 0.5917819283161216]