Generation:
9

Phenotype:
def p():
  x = 0.0
  index = 14
  n = 19
  b = 16
  c = sum(main[:-index])
  if abs(sum(main) - sum(opposite)) > 10000:
    x = (x - 0.4)
  index = 14
  n = 38
  b = 41
  c = sum(main[-index:])
  if sum(main[-index:]) > opposite[b] - sum(main[-index:]):
    x = (x / 0.7)
  return x
XXX_output_XXX = p()

Genotype:
[10313, 47333, 16825, 77464, 64376, 2031, 95440, 76909, 49078, 83661, 4152, 44362, 50299, 80315, 53527, 15179, 19657, 66393, 34816, 4903, 15161, 39685, 77966, 93790, 52622, 96596, 10512, 22992, 9424, 2256, 5508, 12878, 65716, 79144, 29450, 66233, 3805, 96825, 65201, 44004, 75596, 19460, 74354, 83116, 17500, 78225, 16683, 51414, 25527, 49382, 86717, 94705, 13066, 65153, 96152, 38594, 14741, 99269, 70968, 6626, 62246, 35608, 40884, 95726, 56786, 25436, 51262, 63096, 70681, 93128, 20821, 55903, 39983, 92025, 86388, 79529, 9917, 33052, 51529, 21541, 59150, 27297, 5161, 37705, 66471, 10663, 27445, 60228, 8956, 159, 23015, 80361, 92456, 55850, 19510, 49565, 89477, 24435, 53418, 42797, 42028, 20453, 53881, 90195, 38881, 32233, 73752, 62079, 54974, 77052, 48171, 5890, 75344, 95603, 9276, 68668, 45020, 65727, 52694, 81796, 16315, 89253, 98904, 40430, 56961, 49523, 19398, 2496, 89500, 48928, 87540, 22213, 26758, 51541, 67286, 71960, 16194, 57658, 72238, 32411, 59874, 16955, 57828, 92025, 7081, 41379, 64235, 33052, 51529, 85469, 87612, 46955, 5161, 79492, 71980, 1576, 27445, 60228, 8956, 23010, 23015, 80361, 92456, 88024, 11776, 49565, 87853, 95212, 86190, 92902, 87805, 77577, 21643, 12756, 47459, 63374, 51083, 10753, 72583, 17025, 78425, 58888, 40352, 31239, 93017, 85010, 95164, 19845, 326, 59123, 61485, 706, 23956]
Tree:
None

Fitness:
[0.9735776688685276, 0.9700545545153997]