Generation:
9

Phenotype:
def p():
  x = 0.0
  index = 50
  n = 29
  b = 18
  c = opposite[b] + sum(main[-index:]) / sum(main[-index:])
  if opposite[40] < main[b] + 0:
    x = (x + 1.0)
  return x
XXX_output_XXX = p()

Genotype:
[47434, 36782, 64348, 95593, 95522, 17239, 23336, 22151, 22917, 52589, 38420, 86674, 97198, 48509, 75636, 45569, 52796, 6573, 56510, 92018, 95019, 4359, 80744, 13976, 37879, 76051, 16462, 14304, 51610, 80821, 97439, 20331, 57950, 93426, 97450, 63975, 94818, 58566, 25757, 52988, 98613, 51448, 30294, 66337, 39172, 93196, 84239, 48927, 46948, 66960, 55325, 82232, 59815, 41659, 71705, 29469, 17948, 73997, 40652, 1812, 12262, 44181, 79631, 28117, 14599, 35321, 50096, 37927, 94405, 43231, 68452, 38914, 87838, 81694, 95756, 15078, 31278, 10636, 98825, 28610, 82465, 8948, 19337, 64594, 57592, 39927, 75487, 4983, 72375, 81347, 10845, 22119, 66843, 30558, 24104, 39172, 2982, 12568, 40123, 49811, 98340, 91169, 59701, 28609, 3253, 98044, 69150, 72185, 45185, 64955, 62824, 8050, 39006, 504]
Tree:
None

Fitness:
[0.995099083741743, 0.5780093119858141]