Generation:
9

Phenotype:
def p():
  x = 0.0
  index = 36
  n = 13
  b = 29
  c = opposite[b]
  if abs(sum(main[-index:]) - sum(opposite[:-index])) > 1000:
    x = 0.3
  return x
XXX_output_XXX = p()

Genotype:
[32453, 95725, 94412, 82539, 13500, 22812, 68047, 83547, 63626, 50406, 71113, 26421, 77965, 44064, 92128, 27041, 27528, 24635, 10252, 31690, 50325, 86304, 22786, 21879, 98465, 8437, 13533, 23869, 94087, 21620, 20444, 15088, 49913, 21436, 51956, 90888, 7644, 49180, 50323, 99659, 82325, 47207, 78600, 45279, 5997, 100, 25596, 11094, 87428, 73724, 79714, 13281, 20071, 88299, 36612, 18815, 11122, 92205, 49232, 20363, 60567, 30073, 30587, 98052, 94497, 53944, 46575, 61330, 78275, 29388, 72591, 77612, 68639, 70618, 31307, 35211, 61981, 27008, 98907, 22334, 63203, 535, 65916, 21126, 59278, 59094, 28893, 98103, 51520, 58380, 36463, 51597, 72301, 26567, 53317, 49136, 68990, 73138, 12703, 1058, 26296, 90374, 31962, 4894, 90336, 5107, 45768, 17414, 47571, 26344, 41706, 76536, 23340, 98286, 38004, 15681, 86469, 50855, 85329, 2528, 34655, 73450, 95652, 12132, 72282, 45019, 39124, 52012, 23418, 72795]
Tree:
None

Fitness:
[0.9965906669507778, 0.5522169021028398]