Generation:
9

Phenotype:
def p():
  x = 0.0
  index = 3
  n = 13
  b = 12
  c = sum(main[:-index])
  if main[46] > opposite[b] + 1:
    x = (x + 0.8)
  return x
XXX_output_XXX = p()

Genotype:
[35973, 88401, 84452, 9686, 15660, 35771, 1849, 84405, 69321, 97169, 44970, 50488, 47441, 11863, 962, 53188, 74785, 99841, 94356, 35787, 4584, 74752, 86158, 52907, 75999, 53396, 86167, 18944, 99364, 39035, 82524, 59069, 79918, 82344, 60301, 29803, 58319, 53991, 9227, 78647, 17390, 8481, 80173, 92286, 78616, 75909, 71914, 62030, 76543, 98552, 27528, 24635, 97581, 52460, 91190, 94160, 5746, 84000, 20076, 53884, 43, 33480, 3171, 76845, 29473, 55686, 56756, 95053, 62662, 87357, 50314, 57734, 20742, 88108, 50706, 59627, 71902, 23431, 77707, 29096, 16174, 60689, 78698, 73405, 447, 13857, 41406, 95272, 83533, 46110, 37764, 30099, 89934, 81381, 17234, 99300, 87973, 31372, 89686, 45030, 53612, 57892, 57912, 10815, 31361, 70843, 20244, 13021, 55325, 33227, 64754, 79620, 8686, 75017, 81368, 35192, 76010, 83687, 65142, 35005, 91807, 37859, 60840, 31351, 75707, 44526, 41585, 95129, 59228, 11269, 45334, 18937, 24733, 15640, 68946, 7433, 52858, 69803, 9637, 31201, 49506, 17196, 74176, 22001, 70476, 67633, 25553, 81755, 52638, 43039, 79870, 80737, 7559, 54812, 5703, 92743, 85490, 86906, 31171, 83662, 39258, 53900, 60681, 3764, 99775, 43820, 77740, 14768, 79604, 23188, 4366, 50725, 44190, 88204, 63597, 12777, 31582, 18550, 87464, 50131, 37807, 71654, 46237, 1269, 57205, 11169, 39256, 52748, 2174, 42469, 20883, 74374, 17048, 83136, 67191, 31255, 20246, 14902, 14808, 87316, 86759, 98749, 96612, 52813, 51132, 4967, 1318, 73393, 39216, 59934, 35123, 75968, 68602, 86089, 794, 2642, 85792, 83237, 18587, 54496, 85886, 47557, 35798, 72634, 62599, 18945, 82124, 3210, 38430, 91507, 63868, 96055, 58240, 8890, 42795, 90458, 98882, 14288, 22210, 19604, 39228, 29269, 3429, 76435, 8738, 79316, 25778, 52870, 60354, 81936, 57187, 94892, 61809, 3379, 32586, 89088, 56671, 55355, 86528, 25806, 58233, 37841, 17866, 87936, 78331, 37888, 35892, 30467, 63711, 41650, 16461, 91486, 53563, 61695, 40350, 54879, 89272, 13296, 91057, 48763, 59139, 83864, 75485, 6349, 79403, 36660, 45577, 40877, 21111, 7137, 73372, 21231, 83174, 91936, 16395, 82616, 64685, 85935, 69522, 21020, 56587, 8756, 10486, 71302, 95212, 81388, 16669, 48360, 22492, 48341, 82443, 55282, 53505, 6205, 67136, 9760, 56378, 3816, 95245, 3897, 54644, 15085, 37837, 52237, 74081, 75318, 98676, 51728, 57389, 37508, 23389, 84824, 96202, 10530, 89743, 26131, 24665, 30174, 55306, 70623, 18305, 92021, 80540, 59273, 96596, 60149, 51297, 49509, 36074, 86748, 74212, 32072, 14909, 46545, 60024, 47118, 80347, 67197, 41323, 52712, 43676, 13362, 87655, 34508, 41013, 4748, 77817, 61584, 3268, 10821, 56216, 90679, 53540, 25559, 31813, 29577, 50372, 36752, 5662, 90677, 26034, 87074, 20148, 28726, 93077, 27187, 64532, 69738, 28195, 3489, 11132, 55314, 51490, 9347, 95462, 55213, 8986, 8095, 68415, 13701, 98602, 82592, 52453, 64994, 71602, 36981, 88234, 72661, 30417, 73438, 29642, 24844, 13387, 83861, 76009, 23155, 57707, 46955, 20017, 96506, 57313, 94391, 29094, 94457, 81542, 14807, 33553, 77578]
Tree:
None

Fitness:
[0.9968037502663541, 0.5480976154982886]