Generation:
9

Phenotype:
def p():
  x = 0.0
  index = 8
  n = 20
  b = 12
  c = sum(opposite[:-index])
  if main[46] > opposite[b] + 1:
    x = (x + 0.8)
  return x
XXX_output_XXX = p()

Genotype:
[42781, 88401, 82212, 60411, 86504, 22847, 11801, 84405, 69321, 22532, 44970, 50623, 47441, 11863, 962, 53188, 74785, 99841, 94356, 35787, 57568, 76945, 89052, 86219, 26196, 52172, 82254, 68407, 71124, 51180, 40405, 47349, 6568, 16239, 14517, 27291, 81140, 89791, 53636, 25313, 89396, 80298, 73298, 50433, 11901, 87129, 31072, 87999, 98913, 81448, 6034, 3598, 57152, 43619, 92667, 64405, 13232, 53695, 84831, 85550, 32091, 38699, 37975, 73747, 30511, 40624, 97169, 82013, 30564, 9908, 85453, 84642, 21234, 72391, 93457, 46389, 7029, 75511, 43069, 49576, 54823, 12338, 6984, 54977, 45771, 70500, 60975, 60890, 44367, 26268, 36560, 18647, 51960, 51342, 45930, 35536, 15770, 63004, 40542, 87843, 30352, 3457, 81680, 26310, 52001, 94055, 1369, 22027, 94012, 276, 32241, 83983, 78243, 74383, 4204, 75463, 55132, 8018, 29644, 72371, 77306, 75415, 28091, 93316, 49344, 81998, 73645, 88682, 20054, 36881, 28419, 7177, 82017, 16830, 93171, 43432, 10578, 26048, 35432, 71689, 78011, 81333, 69052, 75823, 420, 55099, 23849, 72139, 98278, 37888, 29048, 4745, 152, 41751, 15463, 88602, 32715, 49576, 13479, 32749, 86231, 48575, 12460, 51466, 76117, 77224, 34979, 61640, 51157, 68545, 41190, 81728, 68385, 17658, 33628, 98448, 95732, 24973, 85577, 71262, 50810, 44530, 56639, 66798, 95529, 43328, 78164, 77256, 3279, 24772, 19943, 43513, 44387, 95629, 1466, 78664, 60474, 93827, 99863, 4122, 96392, 59837, 32726, 17768, 21033, 18984, 73537, 7177, 3814, 64339, 56413, 18362, 59246, 8756, 91802, 62938, 22915, 42050, 39702, 84499, 40191, 70762, 44254, 50960, 25056, 13569, 57609, 29683, 24783, 56346, 75640, 77920, 45191, 29596, 17886, 46855, 12008, 82842, 69594, 26696, 97043, 60731, 36155, 7281, 59668, 74437, 61265, 41452, 19266, 78164, 13481, 41006, 18764, 58892, 41948, 78712, 17277, 52647, 62261, 13192, 8770, 52417, 40889, 53709, 29668, 88806, 43945, 6671, 37743, 69337]
Tree:
None

Fitness:
[0.9968037502663541, 0.5480976154982886]