Generation:
9

Phenotype:
def p():
  x = 0.0
  index = 9
  n = 37
  b = 11
  c = main[31]
  if abs(sum(main[-index:]) - sum(opposite[:-index])) > 1000:
    x = (x + 0.7)
  return x
XXX_output_XXX = p()

Genotype:
[64994, 16802, 73900, 65687, 87525, 87911, 9523, 17658, 80897, 47945, 9523, 35490, 26908, 35615, 18120, 88766, 55903, 45268, 75846, 14936, 14524, 73540, 91916, 75130, 77420, 30515, 2851, 45561, 2511, 61485, 1308, 59729, 15544, 21736, 65323, 24363, 96551, 98863, 29728, 44278, 18432, 50974, 48627, 45380, 17250, 37808, 38061, 9213, 77071, 69400, 29645, 4933, 6338, 7803, 50014, 20077, 46429, 7366, 66853, 12009, 2776, 67456, 478, 72852, 55747, 40522, 51310, 66559, 6168, 85034, 74673, 40655, 70642, 77399, 79792, 29011, 17079, 77243, 30508, 54734, 42441, 49246, 25551, 58732, 53122, 42712, 70743, 84032, 67452, 87201, 63878, 79512, 98545, 38410, 55368, 93070, 36147, 2458, 46157, 25895, 20663, 93470, 64775, 49936, 39589, 50676, 36898, 26961, 51028, 42497, 14845, 4084, 23348, 90487, 68184, 89264, 59728, 96442, 57782, 42328, 89662, 54081, 271, 33777, 72535, 57332, 67930, 45473, 3239, 85817, 46224, 70949, 145, 47995, 67943, 99978, 42156, 40926, 93724, 48151, 49912, 73983, 59009, 20335, 12740, 64273, 5539, 28145, 58290, 64417, 3493, 17641, 78971, 76764, 71628, 56854, 97545, 91389, 20178, 45469, 12212, 44845, 6322, 64315, 25124, 33508, 52837, 94999, 60281, 2245, 20028, 92390, 91565, 76916, 84780, 7270, 9716, 74341, 82018, 86205, 75617, 21526, 85682, 60385, 5227, 90622]
Tree:
None

Fitness:
[0.9970168335819305, 0.5471899583731153]