Generation:
9

Phenotype:
def p():
  x = 0.0
  index = 9
  n = 37
  b = 31
  c = main[7]
  if abs(sum(main[-index:]) - sum(opposite[:-index])) > 1000:
    x = 0.4
  return x
XXX_output_XXX = p()

Genotype:
[64994, 16802, 73900, 18504, 87525, 6482, 9523, 16670, 26908, 96829, 62110, 93554, 55903, 27415, 75846, 73900, 49159, 72343, 47945, 9523, 61168, 26908, 43520, 91644, 20821, 55903, 39983, 92025, 86388, 99205, 9917, 33052, 51529, 21541, 59150, 1870, 5161, 37705, 71980, 10663, 27445, 60228, 8956, 159, 23015, 80361, 92456, 55850, 19510, 49565, 89477, 24435, 53418, 42797, 42028, 20453, 53881, 90195, 38881, 32233, 73752, 62079, 54974, 77052, 48171, 5890, 75344, 95603, 9276, 68668, 45020, 65727, 52694, 81796, 16315, 89253, 98904, 40430, 56961, 49523, 19398, 2496, 89500, 48928, 87540, 22213, 26758, 51541, 67286, 71960, 16194, 57658, 72238, 32411, 59874, 16955, 57828, 92025, 7081, 41379, 64235, 33052, 51529, 85469, 87612, 46955, 5161, 79492, 71980, 1576, 27445, 60228, 8956, 23010, 23015, 80361, 92456, 88024, 11776, 49565, 87853, 95212, 86190, 92902, 87805, 77577, 21643, 12756, 47459, 63374, 51083, 10753, 72583, 17025, 78425, 58888, 40352, 31239, 93017, 85010, 95164, 19845, 326, 59123, 61485, 706, 23956]
Tree:
None

Fitness:
[0.9970168335819305, 0.5471899583731153]