Generation:
9

Phenotype:
def p():
  x = 0.0
  index = 32
  n = 37
  b = 31
  c = sum(main[:-index])
  if abs(sum(main[-index:]) - sum(opposite[:-index])) > 50:
    x = 0.5
  return x
XXX_output_XXX = p()

Genotype:
[67555, 16802, 73900, 65687, 18545, 6482, 9523, 82184, 26908, 29375, 18120, 93554, 55903, 27415, 75846, 14936, 47439, 73540, 90690, 3604, 80677, 75425, 6677, 77134, 10383, 68721, 92836, 23431, 15852, 15278, 4494, 56139, 42561, 44576, 99399, 84957, 45720, 58650, 95951, 15861, 46596, 83331, 5690, 33813, 74280, 11098, 69773, 66642, 16964, 98598, 38308, 83272, 28064, 17012, 18720, 15682, 49229, 15006, 42677, 2885, 212, 2392, 60139, 55443, 63409, 31134, 92656, 98200, 90030, 39406, 37825, 44309, 32309, 78618, 32456, 75652, 21912, 19342, 69720, 94157, 55913, 57335, 50371, 4848, 24301, 95530, 34663, 13005, 65916, 32349, 53882, 2245, 64010, 77703, 99146, 21501, 35763, 18231, 65529, 76074, 74007, 89202, 55812, 49133, 81310, 60450, 98329, 73689, 67492, 31866, 238, 32218, 15933, 77446, 93940, 37571, 53651, 81052, 96379, 58473, 40155, 37966, 82174, 55136, 18880, 53009, 2869, 47624, 32366, 33866, 45012, 98875, 56634, 96286, 60973, 28276, 46207, 99637, 42689, 6584]
Tree:
None

Fitness:
[0.9980822501598124, 0.5240580283929556]