Generation:
9

Phenotype:
def p():
  x = 0.0
  index = 32
  n = 37
  b = 31
  c = sum(main[:-index])
  if abs(sum(main[-index:]) - sum(opposite[:-index])) > 50:
    x = (x + 0.8)
  return x
XXX_output_XXX = p()

Genotype:
[20632, 16802, 73900, 65687, 18545, 47945, 9523, 82184, 26908, 43520, 18120, 93554, 55903, 12975, 75846, 14936, 47439, 73540, 91916, 57027, 54232, 30515, 5295, 77510, 973, 89472, 32278, 29830, 61135, 43096, 1664, 46738, 28138, 65702, 89989, 11540, 48560, 12419, 82679, 26068, 10018, 54202, 57646, 38521, 83694, 92776, 48626, 62195, 12222, 56004, 34420, 58098, 66490, 40377, 50232, 78203, 9065, 2165, 65164, 73553, 72427, 24281, 94217, 33106, 47547, 90859, 40630, 2033, 78924, 72933, 86464, 41677, 79513, 1370, 60364, 52376, 49087, 17458, 84566, 41741, 56569, 69493, 51247, 56747, 1657, 68475, 34052, 49724, 74236, 73091, 24593, 78351, 57584, 20854, 45691, 61897, 56205, 73311, 46518, 71609, 67113, 1291, 83765, 27402, 90508, 62653, 66391, 9948, 43420, 90385, 21609, 50424, 63241, 44436, 16138, 81625, 35376, 8970, 79509, 3225, 94838, 17492, 56416, 77134, 91429, 45491, 25309, 51368, 59820, 58061, 28357, 57324, 48922, 75071, 78077, 36011, 49344, 54901, 68762, 27529, 69855, 49613, 90333, 31377, 13024, 85483, 357, 80900, 82741, 54228, 17561, 62484, 59445, 65033, 88466, 92443, 35828, 4341, 21309, 83331, 353, 8604, 22241, 97734, 16554, 1891, 32555, 15356, 78616, 14665, 43500, 10516, 39210, 30071, 47718, 52866, 93712, 70630, 54446, 24952, 1901, 60178, 49408, 67788, 72256, 41008, 54377, 52158, 90327]
Tree:
None

Fitness:
[0.9980822501598124, 0.5240580283929556]