Generation:
9

Phenotype:
def p():
  x = 0.0
  index = 12
  n = 15
  b = 12
  c = sum(opposite[-index:])
  if abs(sum(main) - sum(opposite)) > 10000:
    x = (x - 0.6)
  return x
XXX_output_XXX = p()

Genotype:
[40342, 83030, 41288, 16396, 31173, 81350, 66927, 65525, 56775, 8173, 21402, 73969, 97436, 9230, 94621, 82406, 86807, 65665, 22934, 93936, 36276, 25227, 5295, 77510, 973, 89472, 60968, 29830, 58465, 43096, 1664, 46738, 28138, 65702, 89989, 11540, 48560, 12419, 82679, 26068, 10018, 54202, 57646, 38521, 83694, 92776, 48626, 62195, 12222, 56004, 34420, 58098, 66490, 40377, 50232, 78203, 9065, 2165, 65164, 73553, 72427, 24281, 94217, 33106, 47547, 90859, 40630, 2033, 78924, 72933, 86464, 41677, 79513, 1370, 60364, 52376, 49087, 17458, 84566, 41741, 56569, 69493, 51247, 56747, 1657, 68475, 34052, 49724, 74236, 73091, 24593, 78351, 57584, 20854, 45691, 61897, 56205, 73311, 46518, 71609, 67113, 1291, 83765, 27402, 90508, 62653, 66391, 9948, 43420, 90385, 21609, 50424, 63241, 44436, 16138, 81625, 35376, 8970, 79509, 3225, 94838, 17492, 56416, 77134, 91429, 45491, 25309, 51368, 59820, 58061, 28357, 57324, 48922, 75071, 78077, 36011, 49344, 54901, 68762, 27529, 69855, 6099, 96220, 32181, 57070, 37571, 54436, 59085, 7649, 37676, 32906, 83833, 8044, 10853, 68224, 73086, 59673, 70767, 22079, 41661, 34848, 63211, 5101, 87648, 55114, 1054, 71181, 87649, 3544, 88864, 74452, 85413, 57401, 69715, 56773, 39446, 70518, 83355, 91874, 97797, 15708, 55483, 9662, 6679, 55229, 99907, 69138, 27754, 21082, 44717, 22529, 37492, 17917, 2059, 97230, 17952, 81203, 34384, 93289, 88044, 44658, 45973, 66830, 54632, 98957, 70782, 57765, 51494, 78987, 76198, 22002, 36908, 99454, 19668, 77257, 28194, 12085, 22518, 17410, 54422, 50637, 12132, 87784, 49258, 8175, 20212, 50508, 99622, 46224, 57928, 35034, 66498, 70125, 54207, 56751, 95042, 88142, 32530, 32441, 85091, 35703, 90981, 52283, 49265, 19819, 64686, 92057, 6240, 23537, 578, 10304, 19807, 73052, 48327, 40554, 50997, 33812, 94349, 89367, 70751, 29097, 84977, 74635, 89236, 58539, 9043, 29522, 40255, 55038, 18460, 82067, 29025, 70479, 13030, 25724, 64786, 98681, 45660, 84336, 11128, 40972, 14462, 60364, 33026, 11719, 17159, 73780, 26919, 47253, 90636, 56897, 20220, 69304, 2496, 36373, 94174, 13831, 79414, 82423, 96800, 14000, 35905, 93065, 68543, 31220, 83720, 3103, 19874, 52163, 67843, 56352, 47499, 48229, 31495, 98356, 14777, 83686, 22344, 58708, 35220, 49735, 9990, 78296, 98063]
Tree:
None

Fitness:
[0.9735776688685276, 0.9700545545153997]