Generation:
9

Phenotype:
def p():
  x = 0.0
  index = 32
  n = 41
  b = 2
  c = opposite[b]
  if opposite[18] > main[b] + 2:
    x = (x - 1.0)
  index = 39
  n = 8
  b = 36
  c = main[30]
  if abs(sum(main) - sum(opposite)) > 5000:
    x = (x * 0.8)
  return x
XXX_output_XXX = p()

Genotype:
[79071, 47699, 24909, 83528, 99788, 41650, 47012, 93434, 63446, 1530, 43906, 7241, 1068, 65503, 21540, 97820, 76072, 15142, 14519, 54812, 49036, 9066, 33921, 89003, 18607, 42621, 11464, 2164, 50378, 5181, 5765, 88723, 15589, 19323, 63537, 63849, 87649, 62361, 24197, 57115, 47381, 81521, 1502, 94224, 3512, 3628, 54745, 41114, 94799, 30108, 50591, 34731, 74752, 47149, 93741, 75999, 53396, 55365, 18944, 99364, 38683, 92925, 59069, 79918, 82344, 60301, 57363, 35749, 98791, 9645, 78647, 10261, 8481, 35230, 32761, 78616, 64257, 30832, 62030, 76543, 46199, 12880, 78348, 29305, 76295, 46205, 34988, 22085, 55264, 41405, 2166, 66855, 36403, 48808, 35167, 75805, 93553, 85656, 4443, 39031, 65217, 38232, 68740, 45977, 23307, 40613, 88568, 75802, 18269, 1396, 9515, 69977, 77548, 18388, 59641, 3136, 96070, 65590, 90227, 70401, 38256, 58027, 81217, 8770, 4603, 91412, 16631, 32979, 65496, 52634, 76960, 95794, 35716, 32388, 1420, 28324, 80780, 27036, 28088, 89950, 82148, 91067, 45493, 58880, 91709, 78004, 42360, 29416, 25668, 58201, 99115, 52290, 58434, 94638, 54272, 75371, 43313, 52422, 54435, 89346, 31310, 56426, 64764, 71615, 49154, 97613, 34653, 99853, 15001, 94910, 66261, 41256, 21178, 93138, 40809, 23701, 41956, 97890, 21296, 95280, 13588, 51890, 15634, 57709, 27321, 66999, 14348, 29996, 21890, 14623, 25334, 81973, 1814, 2535, 70415, 42776, 41786, 56891, 9775, 56373, 90940, 48313, 53253, 33752, 93290, 88146, 80268, 34539, 93513, 79497, 59861, 21720, 3386, 64465, 56371, 73281, 90231, 44579, 50039, 94506, 59884, 33100, 34296, 4054, 67142, 64133, 38140, 97224, 77775, 44306, 26632, 91282, 35014, 58274, 53776, 79879, 48296, 73993, 3940, 6839, 1438, 42052, 57823]
Tree:
None

Fitness:
[0.9759215853398678, 0.9118958839478244]