Generation:
9

Phenotype:
def p():
  x = 0.0
  index = 40
  n = 45
  b = 14
  c = opposite[b]
  if abs(sum(main[:-index]) - sum(opposite[:-index])) > 1000:
    x = 0.1
  return x
XXX_output_XXX = p()

Genotype:
[32453, 29625, 94412, 99442, 26917, 22812, 32073, 83547, 25922, 25654, 71113, 26421, 77965, 44064, 77907, 27041, 27528, 24635, 69060, 4171, 45279, 75204, 61205, 25596, 11094, 87428, 73724, 8076, 13281, 20071, 88299, 75562, 18815, 11122, 92205, 50744, 20363, 99816, 30073, 37807, 98052, 30492, 53944, 44148, 61330, 78275, 29388, 72591, 77612, 72652, 70618, 31307, 35211, 40497, 29665, 44924, 22334, 79139, 535, 55132, 8018, 29644, 72371, 77306, 75415, 28091, 93316, 49344, 81998, 73645, 88682, 20054, 36881, 28419, 7177, 82017, 16830, 93171, 43432, 10578, 26048, 35432, 71689, 78011, 81333, 69052, 75823, 420, 55099, 23849, 72139, 98278, 37888, 29048, 4745, 152, 41751, 15463, 88602, 32715, 49576, 13479, 32749, 86231, 48575, 12460, 51466, 76117, 77224, 34979, 61640, 51157, 68545, 41190, 81728, 68385, 17658, 33628, 98448, 95732, 24973, 85577, 71262, 50810, 44530, 56639, 66798, 95529, 43328, 78164, 77256, 3279, 24772, 19943, 43513, 44387, 95629, 1466, 78664, 60474, 93827, 99863, 4122, 96392, 59837, 32726, 17768, 21033, 18984, 73537, 7177, 3814, 64339, 56413, 18362, 59246, 8756, 91802, 62938, 22915, 42050, 39702, 84499, 40191, 70762, 44254, 50960, 25056, 13569, 57609, 29683, 24783, 56346, 75640, 77920, 45191, 29596, 17886, 46855, 12008, 82842, 69594, 26696, 97043, 60731, 36155, 7281, 59668, 74437, 61265, 41452, 19266, 78164, 13481, 41006, 18764, 58892, 41948, 78712, 17277, 52647, 62261, 13192, 8770, 52417, 40889, 53709, 29668, 88806, 43945, 6671, 37743, 69337]
Tree:
None

Fitness:
[0.9763477519710206, 0.8989243830849017]