Generation:
9

Phenotype:
def p():
  x = 0.0
  index = 42
  n = 37
  b = 14
  c = sum(main[-index:])
  if opposite[b] > main[b] + 3:
    x = (x - 0.6)
  return x
XXX_output_XXX = p()

Genotype:
[38057, 47893, 13748, 82974, 95055, 24723, 48691, 76211, 27401, 50532, 4149, 74648, 84072, 33303, 21769, 31656, 92683, 76607, 33265, 81835, 52694, 81796, 16315, 89253, 98904, 40430, 56961, 49523, 19398, 2496, 89500, 48928, 87540, 22213, 26758, 51541, 67286, 71960, 16194, 57658, 72238, 32411, 59874, 16955, 57828, 92025, 7081, 41379, 64235, 33052, 51529, 85469, 87612, 46955, 5161, 79492, 71980, 1576, 27445, 60228, 8956, 23010, 23015, 80361, 92456, 88024, 11776, 49565, 87853, 95212, 86190, 92902, 87805, 77577, 21643, 12756, 47459, 63374, 51083, 10753, 72583, 17025, 78425, 58888, 40352, 31239, 93017, 85010, 95164, 19845, 326, 59123, 61485, 706, 23956]
Tree:
None

Fitness:
[0.979757085020243, 0.8289590022802364]